# SNRtot_MF, SNRtot_opt, SNR220_MF, SNR220_opt, SNR221_MF,		     SNR221_opt, evidence220_221, evidence220, evidence221, nofilter
6.778672802044547474e+00 7.453086900326110431e+00 6.348891565760359512e+00 7.193449075195308851e+00 3.117553729232358517e+00 2.733923987220835627e+00 -3.871744942816882826e+02 -3.877304442884337163e+02 -3.918988727683226898e+02 -4.084766494575006277e+02
7.720271736680184738e+00 7.228975035043567310e+00 6.096704607852834634e+00 5.696530672258178107e+00 2.483720045554576483e+00 1.761713678718074938e+00 -3.982036554713393457e+02 -3.993960821989603005e+02 -3.999128317850347116e+02 -4.264107811324435033e+02
6.747196078623426274e+01 6.888835135093323458e+01 9.800412562204145672e+01 9.900163692314525576e+01 3.770844932617669087e+01 3.767706575732076857e+01 -4.687732536166126351e+02 -5.120043131679760791e+02 -6.703199392140878672e+02 -2.684269914655268622e+03
2.561353007839935003e+01 2.716178575561363218e+01 2.160522582292566440e+01 2.256380084078033121e+01 7.147805385261882805e+00 9.335592866701457382e+00 -3.780469685115513130e+02 -3.827581466298762507e+02 -3.863182582608685607e+02 -7.009282849789746024e+02
1.108778102670084849e+02 1.124704048365142341e+02 1.128291646652409099e+02 1.145522670732854351e+02 5.040768025554127973e+01 5.004268120214504023e+01 -4.161407855976523251e+02 -5.062984336341162930e+02 -6.476854140429460358e+02 -6.541565126069057442e+03
6.236786635027262271e+00 7.015020137000384182e+00 5.773341285098339881e+00 6.230015564351685242e+00 4.788222981193621663e-01 1.873899912660250244e+00 -3.522252864558149668e+02 -3.543122316650623702e+02 -3.532739773525943292e+02 -3.725121073010511168e+02
6.941853290604264259e+01 6.900795700556021472e+01 1.053716509332545286e+02 1.042294654736502508e+02 4.272581523231577449e+01 4.475286695034265705e+01 -4.110369840016308558e+02 -4.754670561685716734e+02 -5.911483390770665665e+02 -2.806349999198813748e+03
2.109002127153992490e+02 2.114677496780759043e+02 1.505121258371373756e+02 1.511421098543198696e+02 6.933770018591027906e+01 6.969352450390009324e+01 -2.846280120130692922e+03 -2.888462459440144812e+03 -2.878596928676420703e+03 -2.262037894598163984e+04
1.192770091254503058e+02 1.193778988326077126e+02 1.225231371014951094e+02 1.227725570233254757e+02 3.638350092153368109e+01 3.586551249677471986e+01 -7.079827495896793152e+02 -7.439600198756392047e+02 -8.813035549695682676e+02 -7.486031102966584513e+03
5.164686049624656938e+00 4.998260208799074178e+00 4.352447882025104242e+00 4.117025987053775538e+00 1.022345268187667022e+00 1.142596313923942786e+00 -3.912598052824686761e+02 -3.938373870872574685e+02 -3.935801392310769415e+02 -4.048301390692374184e+02
8.705871165949446322e+01 8.606418623419764913e+01 1.252735033253026700e+02 1.243170885098505352e+02 5.619267082797167490e+01 5.677925276111945152e+01 -3.993691883435670320e+02 -5.283141315963063107e+02 -9.202300670765350787e+02 -4.172137404568080456e+03
3.618996955646909708e+00 4.174557248593384173e+00 3.363744285383421850e+00 3.511601626895587636e+00 3.972463680116816720e-01 1.554887662701813777e+00 -4.119334186627839927e+02 -4.148393700306608025e+02 -4.144515960396674927e+02 -4.211720104985960802e+02
8.535046941961955724e+01 8.616682438493057816e+01 9.267874783132423033e+01 9.365606533132924483e+01 2.549113509655902732e+01 2.463087341012267828e+01 -5.045068211756167784e+02 -5.219134497617679926e+02 -6.376495125008048035e+02 -4.031727272934946086e+03
1.877376834476060097e+01 1.937124398552275650e+01 1.710358624745916956e+01 1.737395943472417414e+01 7.062133121815106662e+00 7.929341754934217334e+00 -4.263502386425317354e+02 -4.292351036587998578e+02 -4.313457682391235153e+02 -5.947506716324287481e+02
8.091680595472062976e+00 6.221451900886081354e+00 5.906068743675283450e+00 5.263017344579414392e+00 5.788273070519507790e+00 2.540754186239307266e+00 -3.700787124221008071e+02 -3.714587837605977256e+02 -3.712220167334193093e+02 -4.051138931110340309e+02
1.578885929028808448e+02 1.570231936105236628e+02 1.179980987712211231e+02 1.171703908949901347e+02 4.866236593470487293e+01 4.784929427250228429e+01 -3.321269773937628997e+03 -3.343952788578455056e+03 -3.345278118421109866e+03 -1.286687102897713157e+04
8.762180379126586871e+00 7.865880646334641568e+00 1.029719744885834487e+01 8.802365555916459527e+00 2.352459813116870357e+00 3.913269701284917357e+00 -3.401501484069312369e+02 -3.413038700621158341e+02 -3.442434941807242126e+02 -3.766749484467007392e+02
1.544303470302333459e+01 1.664256115841289940e+01 1.139822575339921151e+01 1.265164041813904205e+01 5.214190607127637378e+00 5.908971540449201143e+00 -3.571619414572299434e+02 -3.581861283049104827e+02 -3.623998279074414768e+02 -4.718521731858483008e+02
6.642995932903256850e+00 4.870162714338962751e+00 5.517049253881961768e+00 3.628387395661182069e+00 2.685434376035700677e+00 1.490026686148917312e+00 -3.907201008421093889e+02 -3.914319687516657496e+02 -3.956969581302913070e+02 -4.130493205391924789e+02
1.250902142046376042e+01 1.098782664246471263e+01 9.814863815195959518e+00 8.142536113371692252e+00 4.137628435741169675e+00 3.156176376253593041e+00 -3.595421866804578030e+02 -3.601949399756321668e+02 -3.640237585808267795e+02 -4.354877910012564257e+02
4.413924191449726209e+01 4.445648440015516911e+01 3.303163814482190475e+01 3.323249703195276794e+01 1.210287055812509394e+01 1.268832552834211569e+01 -3.874415276707027260e+02 -3.915015629736764140e+02 -3.928739023890612430e+02 -1.344540250680872532e+03
1.654112858999549758e+02 1.667455025089619198e+02 1.235548352903650908e+02 1.246140617365706760e+02 4.676365026023713511e+01 4.862444495413127044e+01 -5.489080418461719546e+02 -5.703943065884196812e+02 -5.728029803938467239e+02 -1.405799759157195695e+04
8.768405007366455095e+01 8.549374403136191347e+01 1.134684885833686678e+02 1.115197767173529968e+02 4.452392198415499536e+01 4.518917964734288262e+01 -4.025243324702476002e+02 -4.650909687758436917e+02 -5.026120761742103582e+02 -4.229748147720410998e+03
1.332262014764168612e+02 1.333570273334528906e+02 1.190737129584409502e+02 1.193708105960588881e+02 5.694600972527241112e+01 5.662782270029483556e+01 -5.428521772732865429e+02 -6.021770541071130083e+02 -6.048679850933094713e+02 -9.241405985424733444e+03
6.242522956057910299e+00 6.447296000455921217e+00 9.207791166740575406e+00 9.370755756628375011e+00 4.098327453144270827e+00 4.047213535668441331e+00 -3.831384246410180481e+02 -3.853639987788350254e+02 -3.893264297328870498e+02 -4.008811995699034014e+02
4.380026816010819779e+00 4.290181070788321449e+00 6.060340171422875954e+00 5.498142076775569542e+00 9.542816736837762548e-01 2.189815313326321622e+00 -3.704121463610156866e+02 -3.714474667668638403e+02 -3.715326147902271146e+02 -3.788645789509455426e+02
6.926781039280193397e+00 7.223521968121174197e+00 5.439206421390287538e+00 5.699707920121988458e+00 1.891265429692172262e+00 2.191808221821779146e+00 -4.009391329819579823e+02 -4.018799000451128336e+02 -4.045473841492315614e+02 -4.240812953866292219e+02
9.792240252886793428e+01 9.654560472314585695e+01 1.291065460508471006e+02 1.276625384349366925e+02 4.656370792956781202e+01 4.764302440195911004e+01 -4.067604743403375664e+02 -4.930649676920104980e+02 -5.743733697286944562e+02 -5.191494439759183479e+03
3.614723827061925299e+00 3.350387836192464608e+00 5.034511044195280505e+00 4.743301027047237106e+00 1.380359931052225209e+00 1.676089225935794680e+00 -3.965801679703900504e+02 -3.962631512910659239e+02 -3.982065181043001871e+02 -4.011738409467433826e+02
2.605000985389855472e+01 2.593453533015010137e+01 3.833409966914020117e+01 3.813942298895920402e+01 1.601615220228514147e+01 1.628813413097030605e+01 -4.063565031318609613e+02 -4.213737099538855659e+02 -4.511159945445102721e+02 -7.429170459709145007e+02
1.548208751992759176e+02 1.562249575246043491e+02 1.247818920379030772e+02 1.258732873137857240e+02 5.611915447758416065e+01 5.754372662996703269e+01 -4.483417407276570543e+02 -5.098473375585942335e+02 -5.473870710659761016e+02 -1.239047642282583729e+04
1.272426752433154995e+01 1.316402742254492253e+01 1.236439723859965589e+01 1.253615647993897042e+01 2.974560886810881488e+00 3.905505774189862223e+00 -3.904074372603955112e+02 -3.922825794785910603e+02 -3.955099717169076712e+02 -4.632222101274923602e+02
2.100560972399739512e+01 2.351508999344353512e+01 2.982155902706341166e+01 3.254604402006751229e+01 1.439215618664111140e+01 1.189958591022056922e+01 -4.162072978627420525e+02 -4.214073508190971893e+02 -4.295304940999125165e+02 -6.301407067426134745e+02
9.161886156063187059e+01 9.207484870743508054e+01 7.098512130605632819e+01 7.151869770748834299e+01 2.433235303050338771e+01 2.448851838669927261e+01 -5.064635022465837437e+02 -5.159501805516694048e+02 -5.166545586077641019e+02 -4.579676485892928213e+03
7.014427834580078525e+01 7.099409791696669458e+01 5.762785329375415699e+01 5.851888124414652026e+01 1.929182560353317655e+01 1.970741610953158585e+01 -4.669125060925236994e+02 -4.690012539609878672e+02 -4.713667841871758242e+02 -2.854305350253815959e+03
9.241198221594466133e+01 9.358817459032816544e+01 7.511843034186321688e+01 7.651600462116620349e+01 2.386866111284620118e+01 2.399953437161053316e+01 -6.212790749410648914e+02 -6.399878786410434941e+02 -6.465436110564462524e+02 -4.680335148815221146e+03
1.602659805642633373e+01 1.529665357301019313e+01 1.168699766392315276e+01 1.095996221528998404e+01 5.481131092348286771e+00 4.817407540338921379e+00 -3.893782702710834087e+02 -3.918648421046952990e+02 -3.922284569833713590e+02 -5.055659003989057965e+02
1.231876911158731502e+02 1.229645579446048487e+02 1.224397474802103005e+02 1.213647594556955767e+02 9.373906333670953472e+01 9.482556559586063827e+01 -1.261424133367280774e+03 -1.316154201021143763e+03 -1.466623448044495262e+03 -7.980461041536751509e+03
2.540237631497182491e+01 2.597882238108713437e+01 3.223034996029110033e+01 3.293670544266318956e+01 1.116251906286088946e+01 1.036255908912069046e+01 -3.780593808672610407e+02 -3.799060327902980134e+02 -4.037267287666779794e+02 -6.952399488411975881e+02
3.173575349690028080e+00 3.705254467646562855e+00 4.752805688557130814e+00 5.357431962425555305e+00 2.835620874865690144e+00 2.278594230676770138e+00 -3.678326975686442779e+02 -3.693764679607983226e+02 -3.695360138599739344e+02 -3.719601448168790512e+02
7.942708388336980363e+01 7.920358410851534359e+01 6.015509883466994268e+01 5.969369378433075468e+01 2.195337815034319817e+01 2.239284830770531087e+01 -4.757230985437685149e+02 -4.798037776321555725e+02 -4.821288622944658755e+02 -3.543018067627155688e+03
5.444810372517014052e+00 4.982330921200954776e+00 7.474914145623264616e+00 7.013818394966041758e+00 2.080445378893614805e+00 2.458630046565454030e+00 -3.851975469756217194e+02 -3.855834574574877252e+02 -3.884728006991363713e+02 -3.964381202438581795e+02
1.506811507505747727e+02 1.505837133773329981e+02 1.340810631583913164e+02 1.343338913277356141e+02 3.908036509926824209e+01 3.779347980693165709e+01 -4.793651927704872264e+02 -5.008938450001413116e+02 -5.043125750428972651e+02 -1.175997258521085314e+04
3.993441547219781729e+00 3.221911722402667433e+00 4.608366166310583267e+00 4.231909817021510811e+00 1.982501936885469718e+00 1.291095621411012084e+00 -3.729416857539882812e+02 -3.755020368088208329e+02 -3.787600315934444097e+02 -3.803465706086329874e+02
1.019559156936272970e+01 1.151185600858983804e+01 1.240625558080286872e+01 1.376105138654884819e+01 5.428147268292073058e+00 4.682684231502711292e+00 -4.202018192390929130e+02 -4.196133969490044251e+02 -4.274364233086665763e+02 -4.668891452099125559e+02
3.228925188373012123e+00 3.439118611213088705e+00 4.632443304364958436e+00 4.369176186150958152e+00 1.076984808069654381e-01 1.423535436812427113e+00 -4.099482893673163630e+02 -4.111816480717691320e+02 -4.104370697150278602e+02 -4.179790312772597076e+02
8.128707480175437183e+01 8.105775931995165706e+01 8.971106694407366433e+01 8.953726724130159198e+01 3.068073818609398273e+01 3.058178225627335678e+01 -4.385293676523203885e+02 -4.657662675682733493e+02 -4.845029497267943839e+02 -3.720380910159010000e+03
5.042943400786185748e+00 5.980820251521605790e+00 4.315259619392345591e+00 5.058795152866573552e+00 1.066931582883113405e+00 1.993761877934429050e+00 -3.831120452007177732e+02 -3.848369252598616868e+02 -3.851897908114859774e+02 -3.936694370139248349e+02
5.034821062019951832e+00 4.992791996013422384e+00 7.024703543214822155e+00 6.959187166768220578e+00 2.576015661434167825e+00 2.668247851080080224e+00 -3.959330506806706467e+02 -3.960138139457741886e+02 -4.012182993652706386e+02 -4.063472140885497765e+02
6.068098117082978860e+00 5.684599192650791721e+00 5.299263014133807737e+00 5.033477994056480220e+00 2.140314044020140472e+00 1.620630840876083667e+00 -3.754011374982213738e+02 -3.769355072444566304e+02 -3.765701296697223484e+02 -3.944715117872875112e+02
2.483936265080226491e+01 2.594713514025790957e+01 3.707462198266709663e+01 3.801181164535462642e+01 1.542609459924931237e+01 1.496634614916616890e+01 -3.947617718624008489e+02 -4.039187526995221447e+02 -4.278648579380117667e+02 -6.929293083848262995e+02
3.430559626108739213e+00 4.460106413435445560e+00 4.248388352571506488e+00 4.733252518669978315e+00 1.286658007463629350e+00 2.289772413245834581e+00 -3.955851302002332091e+02 -3.965363507670604122e+02 -3.985359935295786613e+02 -4.009739601293222222e+02
4.095389756075418575e+01 4.287983312857218721e+01 5.313973304409268650e+01 5.484837620366647570e+01 1.813870265281281391e+01 1.750265592377998303e+01 -3.877346704311287908e+02 -3.968432207472717437e+02 -4.137483368907875843e+02 -1.221371246792335796e+03
2.595527720600097155e+01 2.510863112567443167e+01 3.486557275381257881e+01 3.432767867345567936e+01 1.227000460919213864e+01 1.203794939086813365e+01 -4.069866104227866117e+02 -4.218891075458066098e+02 -4.419030053853553568e+02 -7.365468983069549722e+02
5.034644364842963071e+00 5.255274955999204245e+00 3.999990864180118511e+00 3.993666779829798230e+00 1.356595407991019187e+00 1.960802472430765997e+00 -3.901336713340722326e+02 -3.926152638395481063e+02 -3.902231359303082741e+02 -4.032420903761637874e+02
5.215975981717923204e+00 4.437153388739297100e+00 5.413633297879559159e+00 4.583421191537556005e+00 8.846324535121252719e-01 1.180625171892630387e+00 -4.096811865607011782e+02 -4.122102838570588119e+02 -4.104771243245712071e+02 -4.222840380519448900e+02
1.429993393040616354e+02 1.418792867941858447e+02 1.325115552790529136e+02 1.314703948949952235e+02 7.328482055157694219e+01 7.298296264345459861e+01 -4.437530900137136882e+02 -5.407664156738384236e+02 -6.681783121981536624e+02 -1.061244739990812377e+04
8.837791641286221633e+00 9.270797034433831740e+00 6.842899081653635918e+00 7.754863862062861379e+00 4.024113531542658606e+00 3.007302878199648255e+00 -3.893780604851622797e+02 -3.927903613808482532e+02 -3.948675545321119671e+02 -4.323078246501067383e+02
1.371219977887183745e+02 1.366849377236240457e+02 1.164833332726293520e+02 1.161613143574676457e+02 3.256104514362972679e+01 3.186006132832518034e+01 -4.041619091244396600e+02 -4.320052143393577921e+02 -4.353836261467769191e+02 -9.779520050899580383e+03
8.995699970705003068e+01 9.014648310365809891e+01 7.154661601087849476e+01 7.176187749927188975e+01 2.170727598316820561e+01 2.178227701493540280e+01 -3.657131851093760133e+02 -3.681112805205374912e+02 -3.703425790954044601e+02 -4.400885041397373243e+03
1.616994957385908265e+02 1.611028187630093953e+02 1.380870567426903506e+02 1.367004749462372217e+02 1.262647640128432727e+02 1.270003528938275963e+02 -4.642401664406012969e+03 -4.700120750445296835e+03 -4.701796488294677147e+03 -1.346652652498844873e+04
3.821784325180144037e+01 3.724399083932715371e+01 4.696351614224979443e+01 4.658167482671579762e+01 2.412789573181350988e+01 2.333583749355466708e+01 -4.211750362735494946e+02 -4.331069312684309125e+02 -4.374523088664020065e+02 -1.129320470711185408e+03
1.658030855579716700e+01 1.794922068998075915e+01 1.472786049670983743e+01 1.597179899665583136e+01 4.588260327872395017e+00 5.451027933170355055e+00 -4.094915483328639425e+02 -4.112490114429419918e+02 -4.133083805503572421e+02 -5.419992214148533094e+02
4.493191473838995087e+00 3.486915398956444534e+00 4.797663686679410233e+00 4.170255260622243831e+00 2.302951492343227269e+00 1.809920992365786185e+00 -3.882494380503953266e+02 -3.890872699367894256e+02 -3.897811173947067687e+02 -3.971881797448608040e+02
1.008893983207930205e+02 1.007446683467000810e+02 7.599732688665416447e+01 7.601411649378351854e+01 3.634424340529965036e+01 3.590257535685398693e+01 -8.357528526861326554e+02 -8.565162802642724955e+02 -8.598307416690056471e+02 -5.475821104586711954e+03
9.093471056270400865e+00 6.978526156214225118e+00 1.214633751877815016e+01 1.002490875354524569e+01 2.435968735423067244e+00 4.044893884233417225e+00 -4.235312840657018683e+02 -4.255694278456649613e+02 -4.318889997080400462e+02 -4.591256614896742576e+02
1.962113472681257065e+01 1.879982993837247918e+01 2.799719079651753262e+01 2.697670260585869073e+01 9.322020149942860101e+00 1.047599339403049434e+01 -4.050005283309473043e+02 -4.087929250565600228e+02 -4.244324084820606799e+02 -5.865557774196130367e+02
7.219907698269152263e+01 7.335981806329256472e+01 5.328990822934684246e+01 5.439312376149562311e+01 2.368684663025968007e+01 2.470464764787006828e+01 -4.298385035284039191e+02 -4.423909286469893800e+02 -4.439785198950201561e+02 -2.966335266584762849e+03
1.334516679393589698e+02 1.337566232392443908e+02 9.721822814064870499e+01 9.751091601324894498e+01 4.158642941389256009e+01 4.187892803226512228e+01 -1.226282879432696973e+03 -1.262929794057787603e+03 -1.263722212666778205e+03 -9.255363495224433791e+03
4.677333373689635465e+01 4.575618200560506921e+01 7.208188337682821611e+01 7.155819140823903979e+01 3.631919637541127344e+01 3.606782190536969068e+01 -3.939790065832428922e+02 -4.251397038386130589e+02 -5.480469186436306472e+02 -1.482436929755556321e+03
4.098451845820444817e+01 4.001121589437521209e+01 3.276383726074028857e+01 3.169366691171149952e+01 1.626212456579092347e+01 1.594699328421020468e+01 -4.089222824987949707e+02 -4.160927533575917323e+02 -4.183873110571602183e+02 -1.210161238949890276e+03
7.392754628822651775e+00 6.868785285863861390e+00 5.310220902225780470e+00 5.028030995733219655e+00 3.302864412636790092e+00 2.391063881839480487e+00 -4.098347081762461244e+02 -4.114590304501088553e+02 -4.096010615791984719e+02 -4.381119896749625013e+02
8.735635681031364896e+00 9.477143126203658952e+00 8.558813119992178642e+00 9.605489264724418774e+00 3.852701961967448074e+00 2.753613827430739125e+00 -4.089187595463406524e+02 -4.100504600485777473e+02 -4.120808265012682341e+02 -4.448219626891338407e+02
9.787849215260772340e+00 9.888951082946697113e+00 6.724434262576433952e+00 7.084812195956503800e+00 4.712874783522353894e+00 4.356282042644503250e+00 -4.216878127729529524e+02 -4.239060003154804690e+02 -4.252253068598336654e+02 -4.499249978750374908e+02
4.412024474415463970e+01 4.313435700702368791e+01 3.510010368033614725e+01 3.393811506070345274e+01 1.225435098943493450e+01 1.199678786634266281e+01 -3.953077100058885662e+02 -3.982941437867942795e+02 -4.016809679293354520e+02 -1.341069314667206299e+03
4.652634407417023255e+01 4.513140700711294073e+01 6.005167726439559317e+01 5.779979110944432108e+01 2.469979497239981470e+01 2.717295536085617869e+01 -3.738731490234738430e+02 -3.978405769161867624e+02 -4.050915414891344426e+02 -1.438803065637031750e+03
1.305268538120503408e+01 1.091954084949376202e+01 9.758805877202943790e+00 7.809702729716245351e+00 5.844347773117350542e+00 3.606321197315168092e+00 -3.826076219908055691e+02 -3.841962173752943386e+02 -3.865287970388815211e+02 -4.575689550734467161e+02
2.494821592701164548e+01 2.426447797640617665e+01 3.047823581607874743e+01 2.960148876535474116e+01 1.247177347181665397e+01 1.318201925055575785e+01 -3.905961515001189923e+02 -3.941681097092086929e+02 -4.024660994020965745e+02 -6.985098084714819606e+02
3.454634404679886472e+01 3.500829143182462388e+01 2.832943236661882480e+01 2.859078642626374034e+01 1.304411345247316945e+01 1.368005187295566039e+01 -4.203051156931355195e+02 -4.240209068152227587e+02 -4.261904789323803584e+02 -1.005790939672049603e+03
9.354088605653231525e+00 7.087178796426385929e+00 8.205565805423098880e+00 5.908349261401644625e+00 3.756704642613108547e+00 2.895687065008432981e+00 -4.049249552353201693e+02 -4.063093355255242614e+02 -4.077998799921426780e+02 -4.472840780016791769e+02
2.681510237642675776e+01 2.555850351967276524e+01 2.989023680307120756e+01 2.953078074371243034e+01 1.414002730111984363e+01 1.240699077172726206e+01 -4.081715460448191379e+02 -4.102136369491665846e+02 -4.127539899107357542e+02 -7.639806916415201385e+02
6.801632671805482921e+00 5.875087313208623208e+00 6.998324632540110279e+00 6.339751982001971875e+00 2.800287271756463969e+00 2.232041818486394380e+00 -3.736736282491041266e+02 -3.748376766152028949e+02 -3.776416819238007747e+02 -3.949330332196103086e+02
6.422352452753813168e+00 7.996987150487466778e+00 6.011284659760812055e+00 7.608882603495908725e+00 3.068202645913844950e+00 3.204390253686963508e+00 -3.836657609735446499e+02 -3.851409999633917209e+02 -3.873277731655564367e+02 -4.019337178952311547e+02
1.497025239680818665e+01 1.441852428759314719e+01 2.153102275760550555e+01 2.114390796110369664e+01 8.124385834509237014e+00 8.152599471833788414e+00 -3.927839913820869242e+02 -3.956635221378365372e+02 -4.062262312598895164e+02 -5.027424735210437348e+02
1.441720666495918408e+02 1.431399333449524534e+02 1.082021894281787553e+02 1.066288179457032044e+02 5.173084670030434751e+01 5.211513523465197295e+01 -7.290067336166627001e+02 -7.608045096297438477e+02 -7.725907106162062519e+02 -1.078017603325808705e+04
1.353942380985364302e+01 1.514770049182322609e+01 1.224317337156901431e+01 1.354703731319724724e+01 2.023484935270641216e+00 3.790559273167002807e+00 -3.917674030385634865e+02 -3.953475332801844502e+02 -3.970051266441756184e+02 -4.723503120532799358e+02
3.458488762536446881e+00 4.594908026406887558e+00 4.714876521050006986e+00 5.706547331784002530e+00 2.087536317703359678e+00 1.851343262078574359e+00 -3.871367916020165012e+02 -3.884469392041133347e+02 -3.887600245883279513e+02 -3.937491287159031685e+02
5.541917180392639253e+00 6.799140420082490088e+00 6.382464311709655114e+00 7.482752212302517414e+00 2.399499683777776671e+00 2.524232875688686040e+00 -4.280366280622432100e+02 -4.298178162597099004e+02 -4.280844709305600873e+02 -4.458164347095427047e+02
1.637480785357751927e+02 1.641923824776507388e+02 1.343672329786456601e+02 1.350556581666668308e+02 3.915542350613685585e+01 3.863715569512205406e+01 -5.829081917458104272e+02 -6.221865318668732243e+02 -6.252346379746466027e+02 -1.376519275250886494e+04
5.203089192018075693e+01 5.079983858081910597e+01 3.790291246624099841e+01 3.661533751052468943e+01 1.674243911644174787e+01 1.576615008809337226e+01 -4.508847884834522688e+02 -4.553254905143788847e+02 -4.551635308364703860e+02 -1.736001080873015098e+03
5.281831925596060628e+00 3.940688675886161452e+00 5.236841500805137883e+00 3.301427246792414394e+00 8.590056608132881077e-01 1.564876784873803661e+00 -3.926554841191448304e+02 -3.946221179801349308e+02 -3.959915065258786058e+02 -4.056677918999500321e+02
8.088975794696985133e+01 8.277483038861591069e+01 7.605007314034232024e+01 7.817187600673972270e+01 3.296011170986026428e+01 3.265916219694931044e+01 -4.114236444437565865e+02 -4.324600409471352123e+02 -4.346000195498223775e+02 -3.659053233911582993e+03
6.343895148023828590e+00 7.255526576449931042e+00 4.014009589091791064e+00 5.183749489109200859e+00 2.224833736241405902e+00 2.449652350840948234e+00 -4.060624978876239197e+02 -4.067615112235477568e+02 -4.065131617102640007e+02 -4.119873480267079344e+02
1.203186942748152433e+01 1.296619038595684437e+01 9.234069168697523367e+00 1.012747627786545124e+01 2.686112254171308944e+00 3.549959814405994063e+00 -4.130139819422984715e+02 -4.158920749081074177e+02 -4.199197694454414886e+02 -4.870754093276790968e+02
7.464798756318151618e+01 7.523256629473554824e+01 5.767598544774200064e+01 5.812230626168589254e+01 2.079831827242333375e+01 2.163217626774715896e+01 -7.121859658229406023e+02 -7.239860740965511923e+02 -7.265602761423598395e+02 -3.189305559065652233e+03
7.982006376823921556e+00 7.429201803779190705e+00 6.351161148011661872e+00 5.625776065868923759e+00 2.176485471055246812e+00 2.164453474130453525e+00 -3.809105283246089471e+02 -3.806126474170607707e+02 -3.848782174339023072e+02 -4.099662464279899154e+02
8.738262169624627518e+01 8.619149933509251582e+01 6.990458032402609945e+01 6.894098295603750159e+01 2.839706712826123081e+01 2.705796912310169233e+01 -1.052665275760721897e+03 -1.050095279186013386e+03 -1.062268611781182472e+03 -4.231041016718919309e+03
1.749575483798508202e+01 1.763975461518473509e+01 2.165654551373973646e+01 2.198441267733639748e+01 1.018858663180434476e+01 9.707749514353880116e+00 -3.956116510359578342e+02 -4.015710675683934028e+02 -4.063565570772299793e+02 -5.438362079210124875e+02
1.329879478110223090e+02 1.319775606121819749e+02 1.006299044206621005e+02 9.966857692378890476e+01 4.001137800830965574e+01 3.905019735499743661e+01 -4.651943152140357824e+02 -4.788815979785958916e+02 -4.820157724633029943e+02 -9.238608216771670413e+03
1.232565823025945662e+02 1.232948704150845032e+02 9.773405634354563176e+01 9.756057720605132033e+01 3.177288806813115940e+01 3.244013113702076367e+01 -4.873540643115829312e+02 -5.055491774512212260e+02 -5.088922625487263645e+02 -7.985657868725589651e+03
9.830495557235178694e+01 9.770639267734595990e+01 1.066941771897816835e+02 1.068962406066622748e+02 5.086441216744786686e+01 4.923795886314243120e+01 -5.128254381634361607e+02 -5.862355853215855177e+02 -7.443026758371660208e+02 -5.228803928344947053e+03
1.338021225928937419e+01 1.227807879158466875e+01 1.169949808722826212e+01 1.059018682600071237e+01 3.536255677289247501e+00 2.926578529462105838e+00 -3.905717907428688704e+02 -3.915462189579367305e+02 -3.936966314912671123e+02 -4.723928903848357095e+02
6.271292207130617413e+00 4.724554152120368222e+00 4.791357069017530890e+00 3.625144644066988775e+00 3.569799425075355970e+00 1.459464603906557079e+00 -4.126327325943906885e+02 -4.140184272888758983e+02 -4.144755595733675477e+02 -4.334568441738617821e+02
9.857294615150756556e+01 9.951705512969225254e+01 7.475558225540405033e+01 7.555561857971677853e+01 2.645570998241965910e+01 2.766682495202170600e+01 -5.789783847037959958e+02 -5.870550727223082959e+02 -5.881367264198040630e+02 -5.254160215733995756e+03
9.990448432254414968e+01 1.008176421714108244e+02 1.055751963735182102e+02 1.060947825730452934e+02 5.411038136673182208e+01 5.478460429598257520e+01 -3.788149600699538837e+02 -4.349058393559907927e+02 -5.651362962626573108e+02 -5.363500037630606130e+03
7.714055140350363615e+01 7.492899105409941285e+01 1.053314764826129846e+02 1.028426004659340691e+02 3.334207686272621629e+01 3.585895177639439879e+01 -4.498125063799806185e+02 -4.926128030616171714e+02 -5.919551650109192451e+02 -3.366320959811149805e+03
9.213396747921011709e+00 9.788027003976006668e+00 1.128489127252403179e+01 1.205070729426177678e+01 4.723133560822110333e+00 3.766155475613861547e+00 -3.714929656324511029e+02 -3.734215830574179904e+02 -3.784420483779821893e+02 -4.118829003069190549e+02
9.131311976575057443e+00 8.183177733929179354e+00 1.090114506613786816e+01 9.604408152636043638e+00 3.845507424802296459e+00 4.819755852410365193e+00 -3.835694145092047620e+02 -3.833219118047650227e+02 -3.898557446499549428e+02 -4.212644260891274826e+02
2.819525286477536596e+01 2.876741573524396856e+01 2.346343800340854813e+01 2.360759587578674967e+01 5.542276821115001972e+00 7.324778104262940737e+00 -3.903561699233546278e+02 -3.916785976049503120e+02 -3.964444270977349447e+02 -7.853475131579988329e+02
6.504132001803409935e+01 6.467871829179730980e+01 4.783699753493998230e+01 4.741621292421466904e+01 2.109645813372265266e+01 2.092919887902119669e+01 -5.050866314100487671e+02 -5.119871029995282470e+02 -5.141789426984817055e+02 -2.492571211318611859e+03
7.105114835118369854e+01 7.075517689334533600e+01 5.116859628859180020e+01 5.061496842835725829e+01 2.187210711539354335e+01 2.219116844955408041e+01 -4.905504435537737891e+02 -4.964167611709029870e+02 -4.983976224518787035e+02 -2.912249250498083711e+03
1.050856400157626780e+02 1.043296932972589985e+02 1.220312285099263505e+02 1.208579144909564462e+02 3.959668323338973295e+01 4.112698261551365420e+01 -4.488722211182407023e+02 -5.137762576696324004e+02 -7.088472223322202126e+02 -5.918610444249499778e+03
5.302132071253221390e+00 5.173743309657519163e+00 4.186384357435029457e+00 4.402256791236529132e+00 2.544787649063810164e+00 1.338799100094753447e+00 -4.289561862365054594e+02 -4.294114500538804577e+02 -4.290632816523842052e+02 -4.404077451277100863e+02
9.842473058382796580e+01 9.934268662563171404e+01 7.644794867332460342e+01 7.766248164514910002e+01 2.849978022180405901e+01 2.838947790326907139e+01 -6.362741211584968823e+02 -6.498118410569321668e+02 -6.519854030486189913e+02 -5.264209747409731790e+03
4.588867893532442288e+00 4.096250104878758513e+00 4.989750790178909767e+00 4.289190848844299353e+00 1.022939934264139872e+00 1.628855821830068384e+00 -3.866406245632257423e+02 -3.849847478608644451e+02 -3.859062131588488569e+02 -3.932115493393848169e+02
4.327071380130175271e+01 4.326346503693228840e+01 4.344115765882551017e+01 4.295995538786161205e+01 1.285357187281695346e+01 1.427932685649949462e+01 -4.533852418092034213e+02 -4.553607018886266928e+02 -4.684121859057134429e+02 -1.323193980680045570e+03
7.632403471511624105e+01 7.622101030578072312e+01 1.069804584128523715e+02 1.069200108222072458e+02 4.096490413507908812e+01 4.093095507336615668e+01 -4.009582016496165693e+02 -4.589895865111465696e+02 -5.291419567516531970e+02 -3.305462669072029257e+03
5.286636701903533009e+01 5.194013797033895941e+01 4.347075357841522703e+01 4.243017924858782663e+01 1.440320139378171227e+01 1.412304154053687455e+01 -4.398977033745264862e+02 -4.465434074084453187e+02 -4.511189129413574506e+02 -1.789104338224288085e+03
2.731930955063872180e+00 3.311820296918447593e+00 4.221257958307966796e+00 4.948389127696938061e+00 2.891832204898478142e+00 2.088593855781885722e+00 -3.856180121779952401e+02 -3.875570551833723130e+02 -3.886617745254858391e+02 -3.897325376726045079e+02
2.874373887625227653e+01 2.930262665926170484e+01 3.797448526989920481e+01 3.839824618966321879e+01 1.181128266901418122e+01 1.182018303265492598e+01 -3.980334454644062134e+02 -4.036906890901242946e+02 -4.218792803472010746e+02 -8.046101816776092619e+02
2.708746526768873508e+00 2.484283889956396152e+00 4.231563797982412112e+00 3.712865187102723397e+00 8.188453781074163107e-01 1.648719280154996136e+00 -3.743240759229436776e+02 -3.745452677554630441e+02 -3.755549915000515853e+02 -3.770842549286201688e+02
1.388573463338204874e+02 1.360325795041262893e+02 1.286195796912028300e+02 1.258424773323087607e+02 3.870991057113234035e+01 3.778947226903748913e+01 -1.245132979503255683e+03 -1.270515800051382712e+03 -1.324668338690578594e+03 -1.004513893653561718e+04
5.545145862676554849e+00 5.630647587376463648e+00 3.989496281310161763e+00 4.601784923369680591e+00 3.389231895263990602e+00 2.426416909702170166e+00 -4.072227861294770719e+02 -4.088701619959983873e+02 -4.088713758409352295e+02 -4.164750537990552175e+02
1.035150804083838239e+02 1.042988921939587357e+02 1.039769111670981090e+02 1.044013719523946548e+02 5.296491877984996677e+01 5.366254526061529617e+01 -4.101189320689902047e+02 -4.789722235007806148e+02 -6.080794699615742047e+02 -5.758483540823570365e+03
9.409780136366920900e+00 8.875138817537223446e+00 6.780970609968520080e+00 6.395150082620157050e+00 3.566973266047688718e+00 2.733849103515352486e+00 -4.005414985598724797e+02 -4.037703826549217183e+02 -4.069597427144276480e+02 -4.473050906152589619e+02
4.245286793722567786e+00 3.739545379740634168e+00 6.435980096510480308e+00 5.594338896728594968e+00 1.250870525239561104e+00 2.416622690210134206e+00 -3.925088797549261130e+02 -3.925484885511961011e+02 -3.950169089815893244e+02 -4.019504372815168836e+02
9.359555281248528047e+01 9.357981421386985232e+01 7.614351628235732505e+01 7.595802653376831870e+01 2.107410716937850736e+01 2.165668120243190131e+01 -3.926881129284234362e+02 -3.947753118585847574e+02 -3.971327919367594745e+02 -4.768617974494708506e+03
5.849736894631679007e+00 5.020365360035180302e+00 6.391352792385904813e+00 6.180255376500189080e+00 3.736448506785421397e+00 2.662673545399401487e+00 -4.075872900979742894e+02 -4.117295807817420723e+02 -4.137849494052032355e+02 -4.253574899517216181e+02
5.080314925269829729e+01 5.043144975387875206e+01 3.733506659611379774e+01 3.706943768806608119e+01 1.520520904415968566e+01 1.459552702815087599e+01 -4.430713739234971627e+02 -4.489647548700567086e+02 -4.491553312483774789e+02 -1.692013733375733864e+03
3.324395647309212620e+01 3.298011745535617223e+01 2.622048794175020703e+01 2.602955456645398158e+01 9.733431765146999481e+00 9.333637909908114594e+00 -4.299573469456473731e+02 -4.335621457442997553e+02 -4.370623850962134043e+02 -9.587525715316421611e+02
1.689287881635221567e+01 1.703620392524560501e+01 1.097959266317097260e+01 1.119021438095530385e+01 6.788200688012956618e+00 6.800672044794540128e+00 -4.487057364760383393e+02 -4.510948643033838152e+02 -4.534137852627171128e+02 -5.358863388445325882e+02
8.426359999288344227e+00 8.311569678746902667e+00 6.201271394491918443e+00 6.142165876804070557e+00 2.626074799293706352e+00 2.377469341632080457e+00 -3.903869410711334922e+02 -3.925888744856547987e+02 -3.941096986129736592e+02 -4.247285487166427629e+02
6.117147681665875858e+00 6.047220841540683622e+00 5.118229166963687682e+00 5.921662735602053473e+00 4.650811500661381714e+00 2.801836474303407432e+00 -3.891339256999802387e+02 -3.930639161569858402e+02 -3.950023846743203535e+02 -4.090471797252491228e+02
1.673983044198610344e+02 1.666920160319485262e+02 1.226221642375569303e+02 1.220144364194757998e+02 5.281353832299082995e+01 5.197503835373902348e+01 -3.253408211992318229e+03 -3.291295843982400584e+03 -3.292138784399000997e+03 -1.441148110960737540e+04
7.166284856550464610e+01 7.223995906223336760e+01 1.019956397992842767e+02 1.021647253563088640e+02 4.015798197260238567e+01 4.075704065716944768e+01 -3.783809593093110948e+02 -4.329642461913882698e+02 -6.604024730567135748e+02 -2.925289663370349444e+03
4.078041272069578227e+00 5.380560980135345339e+00 2.943109993122610124e+00 4.304956674686507334e+00 1.187025776024912327e+00 1.817381060494591249e+00 -3.878315243214543102e+02 -3.881471553920163728e+02 -3.882245425233111291e+02 -3.945146328005698138e+02
1.506470484668097356e+02 1.497326177456624805e+02 1.164904050069360579e+02 1.155349848568478421e+02 4.082553411419143430e+01 4.016486582849668707e+01 -4.627826888737889135e+02 -4.792464656391912854e+02 -4.816531135092407112e+02 -1.175771958070418077e+04
2.959793980111291489e+01 2.923613514481165510e+01 3.668209883947759664e+01 3.664135664893109379e+01 1.399009492352941209e+01 1.330739791933339156e+01 -3.969101524310494824e+02 -4.022399306331275284e+02 -4.247420918937026499e+02 -8.060582616627415291e+02
1.040460880225861651e+01 8.985028535688639906e+00 9.013384784296464503e+00 7.723594954885046882e+00 3.552555106078005842e+00 2.377947695976675213e+00 -4.220347524968110520e+02 -4.215234969712058728e+02 -4.235353065710984310e+02 -4.649056788115514678e+02
1.832804139966085586e+02 1.841735379930210570e+02 1.740273499417825462e+02 1.753938139407839856e+02 7.044455364535249942e+01 6.936066076892322485e+01 -7.934947480544067275e+02 -8.809981499942355185e+02 -8.856528779230254713e+02 -1.719591165005455696e+04
1.573883265760502752e+02 1.565775049853056373e+02 1.261033103369380797e+02 1.252220267502837459e+02 3.762682851764054703e+01 3.718034789700810450e+01 -3.887731353329433546e+02 -4.118368366339356044e+02 -4.137382575325339076e+02 -1.276780020768846771e+04
5.224805003777707668e+01 5.249005574801325480e+01 6.007748404316974700e+01 6.091076312957503092e+01 2.038602686366937178e+01 1.830749129490981275e+01 -5.750561092829149175e+02 -5.828269787356630331e+02 -6.382327786625986619e+02 -1.771028068912155504e+03
6.845981737874762274e+00 6.681969611571186185e+00 5.439453694550167917e+00 5.398961510600899238e+00 2.279311160664992730e+00 1.788890930968797477e+00 -3.926877888922585385e+02 -3.988610837940290139e+02 -3.932104358700477178e+02 -4.180306964551886608e+02
5.396652722827398208e+01 5.495352525644963038e+01 7.124339292505857202e+01 7.228357983704353273e+01 2.533492441515338101e+01 2.447911688217194381e+01 -4.017550510919111844e+02 -4.341699078376284433e+02 -4.966307297068455568e+02 -1.851972138002770180e+03
5.048547576901061262e+01 5.087172017247651468e+01 6.008569657664496333e+01 6.043525776103592051e+01 1.942495952958590522e+01 1.934862837878257125e+01 -4.266700513238430403e+02 -4.429549030054233754e+02 -4.887356803990618914e+02 -1.660189019143398582e+03
7.044557627202273409e+00 7.186129779078084923e+00 5.391092386670601755e+00 5.609008728590250570e+00 2.227567364788827220e+00 2.131415877109820833e+00 -3.755470959342385413e+02 -3.780919176660807466e+02 -3.756912418843434125e+02 -4.000401531530011425e+02
3.027391343770107568e+01 3.020769608110456872e+01 3.936581996599865363e+01 3.908491285545244409e+01 1.512119104147651250e+01 1.569334172242315439e+01 -4.023408282331046735e+02 -4.061761767608718969e+02 -4.165573690127989721e+02 -8.556402645925765000e+02
1.283272661066541787e+02 1.288946264750719024e+02 1.177624036884672591e+02 1.180920157673703983e+02 3.979640350069600885e+01 4.063810485625869262e+01 -4.082786458995740304e+02 -4.353571951900244130e+02 -4.379999860525502982e+02 -8.605482262836372684e+03
5.599751026379620100e+01 5.637632137630877338e+01 4.657090460060771875e+01 4.758078741828779812e+01 2.143790171458988780e+01 2.011048240628165118e+01 -5.530022217868113330e+02 -5.622640795682387989e+02 -5.645828360093497622e+02 -2.021495967404864814e+03
4.459360011865514117e+00 5.552316041587864959e+00 3.482093703073831925e+00 4.292188258075454677e+00 -3.773885189283065489e-01 1.432097054438896899e+00 -4.150508537054508906e+02 -4.158935938406215769e+02 -4.202437559661537989e+02 -4.250278281064736916e+02
1.136242386017800214e+02 1.124184244319230856e+02 1.197492936856977224e+02 1.189185986458977027e+02 5.552328610196637015e+01 5.485293659323252768e+01 -4.243687846892350990e+02 -5.097784826888284897e+02 -6.785580243124294384e+02 -6.854181188887217104e+03
9.895771683408042918e+00 1.092135633075941747e+01 9.330231454210656139e+00 1.053294173870823158e+01 3.880670814359026277e+00 3.456118873997017005e+00 -4.010051925012468246e+02 -4.023977409359662261e+02 -4.041588334386759698e+02 -4.468623838520283016e+02
6.260049689021115427e+01 6.244640088946320589e+01 4.468085680066112531e+01 4.468692449156575464e+01 1.996065232337040030e+01 1.945202206105594556e+01 -6.121108128890928128e+02 -6.184159492793382924e+02 -6.156246877635695682e+02 -2.361134608188924631e+03
1.128254043265818893e+02 1.124047396259803975e+02 1.314589238057875775e+02 1.309409198335282554e+02 6.121447869846319634e+01 6.154825276258401345e+01 -5.068849402282693859e+02 -6.127245862751606182e+02 -6.173759182115080648e+02 -6.781109858332737531e+03
9.161107828257861740e+01 9.262968281576023344e+01 1.039705880537972291e+02 1.047606200272162766e+02 3.104924320666357929e+01 3.141809986874681826e+01 -9.036958981476817598e+02 -9.337218356625360229e+02 -1.084099978922725541e+03 -4.605105184733277383e+03
4.898164175140433940e+01 4.950531767059040789e+01 4.460410427354385376e+01 4.542090065479260375e+01 1.559236996401336484e+01 1.483931040482283414e+01 -7.792509495298730826e+02 -7.882839473914378914e+02 -8.082640450199988891e+02 -1.555151563606500986e+03
5.918585628880772731e+01 6.103382837239652758e+01 7.050439209490386361e+01 7.266969313375771833e+01 3.593982706728500176e+01 3.465388312596702036e+01 -3.954806346268883885e+02 -4.364933520516002545e+02 -5.316932830197271187e+02 -2.139762763295429068e+03
6.638842558054479426e+00 7.890880675365221641e+00 4.622617148474033932e+00 6.477190396223019953e+00 3.158990746739016142e+00 2.181213737549765330e+00 -3.966265031060397064e+02 -3.988651407779609599e+02 -3.971507175823024909e+02 -4.192339216281019389e+02
6.549465939225735056e+00 7.683204882964745686e+00 9.628940619089936703e+00 1.068621989018527252e+01 4.681307185304385499e+00 4.040973872210964934e+00 -3.900255197877273758e+02 -3.908430114449898838e+02 -3.954263662827820554e+02 -4.089581970588690183e+02
2.677829155918212578e+01 2.533820943934253123e+01 2.374898646696282256e+01 2.364981309452889491e+01 1.468559952702150007e+01 1.178948816350933448e+01 -3.861338560217061513e+02 -3.949261464225247664e+02 -3.971345349087211503e+02 -7.413228625946675265e+02
3.002705898683398988e+00 4.151647663785325904e+00 3.108350394837394060e+00 4.402523872043654585e+00 2.601592402948946781e+00 2.175120240212362610e+00 -3.504421477525680757e+02 -3.518737750512390789e+02 -3.523252788331988086e+02 -3.545849995640600127e+02
7.805509515580216373e+01 7.730020656816016356e+01 1.026291030486673037e+02 1.018260766606755681e+02 3.358729692030527048e+01 3.427056498987005284e+01 -6.253498816538206029e+02 -6.764301826317678206e+02 -8.604008777683030758e+02 -3.423437070612603293e+03
5.853581748164215526e+01 5.842956585931022317e+01 7.252590469642579762e+01 7.245183110264164839e+01 2.963954439226490223e+01 2.961112707952884193e+01 -4.436290261501561645e+02 -4.701693913874194095e+02 -4.897417635447911834e+02 -2.121423521561442612e+03
2.254373855920200498e+01 2.275627156375674076e+01 2.389125656616292304e+01 2.431316201579116409e+01 7.760363246621442279e+00 6.984116649310744940e+00 -3.999398553833503911e+02 -4.032723177853183074e+02 -4.074270325800111436e+02 -6.460867688807264813e+02
1.433028232358219327e+02 1.424444717451269753e+02 1.036617220933967616e+02 1.029530375295021685e+02 4.691408088041519164e+01 4.583842891485470972e+01 -1.003981794961316837e+03 -1.031669551865362109e+03 -1.032501878174509102e+03 -1.064073875154043526e+04
9.387315063092626133e+01 9.548142199851913858e+01 7.270578874928783364e+01 7.438046393767750430e+01 2.730181993942568397e+01 2.832552283278808503e+01 -4.302991686263907241e+02 -4.482735286075362637e+02 -4.504862588434750705e+02 -4.789764279127142800e+03
9.043388721171043088e+00 7.548615113719018055e+00 9.155892509685378045e+00 7.775719673777473417e+00 3.573513736416258357e+00 3.411831184868834743e+00 -4.338687793459508839e+02 -4.360087839236953187e+02 -4.394450288275340313e+02 -4.730363504407512210e+02
3.422939280773046278e+01 3.403460797138444605e+01 2.732231176152660979e+01 2.717646071881013015e+01 1.106198793714724715e+01 1.081551701893242878e+01 -4.045598399092270938e+02 -4.090999021444720256e+02 -4.127521000329077197e+02 -9.866573397616377861e+02
1.020713610271775451e+01 9.285259645298967968e+00 8.556599915580267890e+00 7.488459684797007299e+00 2.579863967668240665e+00 2.340068789601108534e+00 -4.057100399319498933e+02 -4.048919504563481269e+02 -4.088343214802466150e+02 -4.543011193888553976e+02
1.442338131907372940e+02 1.434229829709621811e+02 1.065681357782484753e+02 1.055523863439897667e+02 4.356009637327613149e+01 4.335071314909797735e+01 -4.128934932120475310e+02 -4.307701795543599133e+02 -4.318997610636188824e+02 -1.077055006050738484e+04
7.199594615383369423e+00 8.934838659003551342e+00 5.600742480930494871e+00 7.446121853434683580e+00 1.264385513492439994e+00 2.102863886518167469e+00 -3.604596964072038645e+02 -3.632552169414568084e+02 -3.640657654673727848e+02 -3.867084665940049035e+02
4.259989252536763082e+00 4.687584018046764278e+00 4.327740865203105081e+00 4.318632631627542295e+00 1.687491193169404768e+00 2.503754071110371182e+00 -4.322867251315657313e+02 -4.310949156869859848e+02 -4.340903520922481675e+02 -4.344365280004196279e+02
6.239870618162175475e+00 8.113366873358387465e+00 4.612924028024136369e+00 6.394670927106635538e+00 1.248982314756610645e-01 2.014519107131890863e+00 -3.668470129359881184e+02 -3.674972071339957438e+02 -3.712166637350164251e+02 -3.844798890497774551e+02
1.018658899194948049e+02 1.014875288436319494e+02 1.141341668834294723e+02 1.134603491300458842e+02 3.157270431109919073e+01 3.273514507209704760e+01 -7.735118540392571731e+02 -8.125248461850675312e+02 -9.634983175706523753e+02 -5.579470302019134579e+03
1.315160383686357015e+01 1.417458332546036104e+01 1.125321318878883936e+01 1.292042069431989759e+01 7.313632950843836689e+00 6.173082037734354266e+00 -4.066798006228083295e+02 -4.110417828402723899e+02 -4.154864488524665944e+02 -4.937010133067743141e+02
4.958176910899643630e+00 3.994412494174348183e+00 5.030531382178668132e+00 3.884468893001446155e+00 1.267576993641035932e+00 1.635716298480169639e+00 -3.962857776501655280e+02 -4.014804130330178964e+02 -4.074584019348729385e+02 -4.128584217883613974e+02
1.883902800446186632e+01 1.665457577510878195e+01 1.536526542788785221e+01 1.352970387088987714e+01 7.106415598689856061e+00 4.591843821939749049e+00 -3.990110557455734579e+02 -4.010972915172481521e+02 -4.026027382818817273e+02 -5.709736153516481636e+02
4.275798527209769162e+01 4.378037148483672070e+01 4.231478973516772157e+01 4.278787172038548903e+01 1.894523795000446853e+01 2.016134140303536881e+01 -3.823077290782469504e+02 -3.899286093532574000e+02 -3.922558627598374983e+02 -1.283077537378574561e+03
4.648311698840495154e+01 4.590021064206440826e+01 3.425650945474717446e+01 3.373226283936189418e+01 1.756201324044273449e+01 1.702931419241839350e+01 -4.016559832343310177e+02 -4.005426742378180620e+02 -4.089865548624546818e+02 -1.434825850246028494e+03
1.244994799365769325e+02 1.245850406961025953e+02 1.100454190905775818e+02 1.097996046770189622e+02 5.258577016965182338e+01 5.329225030373447680e+01 -6.799368099382515993e+02 -7.294712300073550750e+02 -7.329297122285122441e+02 -8.167933965207907022e+03
3.595355242038307324e+02 3.592144967174858152e+02 2.734321369584333183e+02 2.730576582936921000e+02 1.023116241991595956e+02 1.021837814095847818e+02 -2.344196757276857625e+03 -2.519570146689671674e+03 -2.524547074262605747e+03 -6.503513236292100191e+04
1.031894281193580127e+02 1.026114565848538263e+02 1.048918996657975384e+02 1.038937674660432435e+02 3.727635386294313946e+01 3.843148016692016711e+01 -4.949400117302036506e+02 -5.352248123619785929e+02 -5.391307197111826781e+02 -5.741370173227779560e+03
2.889239845635902881e+01 2.932043986457121676e+01 2.269820771102997981e+01 2.319306806499690055e+01 7.730961348768628838e+00 7.867351904302473997e+00 -3.832356793721783674e+02 -3.848018289961708547e+02 -3.894637322460232554e+02 -7.944641816601114215e+02
3.395074309879451135e+00 2.921669348399353883e+00 4.133481501857655616e+00 3.970208330581282752e+00 1.927856720612363572e+00 1.404670488117717220e+00 -3.918545200481723896e+02 -3.936275647898600027e+02 -3.955098407138304992e+02 -3.974156830076329356e+02
2.573081180582817318e+00 4.736985020257110435e+00 4.455767737426590713e+00 6.718299489097014465e+00 4.536993220452172793e+00 2.711318282130279034e+00 -3.803980995877871010e+02 -3.816113577201378462e+02 -3.824219400710008472e+02 -3.817363787702066702e+02
7.003009872711484007e+00 5.895266666539545675e+00 5.843771492264917988e+00 4.668912873725322044e+00 2.207597339657100033e+00 1.520022688826739410e+00 -3.737168393240930300e+02 -3.757191819684293250e+02 -3.773455479438511020e+02 -3.971282016726562460e+02
2.094010966471895330e+01 2.242815007413856065e+01 1.459871582458296579e+01 1.603540850292722553e+01 6.152636967791982769e+00 7.526012298395025724e+00 -4.561813017648734103e+02 -4.592030848678348320e+02 -4.620308084527969754e+02 -6.245743939235233029e+02
9.083355330537527195e+00 7.738884313712735441e+00 7.695506157742048714e+00 6.332667537951354397e+00 2.864669989023614249e+00 1.958910498282398827e+00 -3.842999081235880681e+02 -3.858252651944197851e+02 -3.877083614233575872e+02 -4.232807714240981909e+02
4.366822475738243270e+01 4.383655043559929965e+01 3.356957480148301443e+01 3.447672481184460480e+01 1.666434518084687966e+01 1.507964292300475151e+01 -3.669721490792595660e+02 -3.708215432253168160e+02 -3.729184381040193443e+02 -1.307214209161571944e+03
9.966575501127947234e+01 9.802173566084130130e+01 9.192988518021746813e+01 9.018264554510217579e+01 4.001050146975508426e+01 3.992085063724837823e+01 -3.854474915692401851e+02 -4.189821789515286241e+02 -4.687478261035452078e+02 -5.333973062895479416e+03
8.501020413058286707e+00 8.310768205339432058e+00 1.005128690662797375e+01 1.020302522381725829e+01 5.142735371800420729e+00 4.437540212620191049e+00 -3.669953370044750045e+02 -3.695337571227420881e+02 -3.714757720937653289e+02 -4.005347886212020967e+02
4.394139813006626127e+02 4.395458476347720307e+02 3.841809441571426760e+02 3.839213674403105756e+02 1.035814015175775182e+02 1.050813662900877858e+02 -4.040613827736259509e+02 -5.760841032586854453e+02 -5.775101623648696432e+02 -9.693610352550438256e+04
2.160096900102115924e+01 2.180196307584565218e+01 1.636749876508890011e+01 1.644483641558863596e+01 5.642515788627046724e+00 6.148382252190708108e+00 -4.316000880875042185e+02 -4.315696374284403305e+02 -4.349359541074754816e+02 -6.362557429873864976e+02
3.950018459951377281e+01 3.898055885512243890e+01 3.772862356158068309e+01 3.666916872807902195e+01 1.150938656587531383e+01 1.294569605850752936e+01 -4.262600291943543880e+02 -4.289502247768050438e+02 -4.315132964836525957e+02 -1.159751284149679577e+03
4.145066962462066407e+00 6.383976574750615640e+00 5.686708378428003918e+00 7.564946374505412408e+00 3.025117853350620667e+00 3.052757389736114657e+00 -4.092893602098382075e+02 -4.103366175710846164e+02 -4.112825424858708061e+02 -4.174635257661728929e+02
5.355057322986187529e+01 5.272370325027593907e+01 6.744537182631123073e+01 6.674985650522377512e+01 2.342551338575037434e+01 2.354570095016016040e+01 -4.069398464168280043e+02 -4.272382939346101693e+02 -4.532370896570046739e+02 -1.836356138405810043e+03
1.304098776885192876e+02 1.314660285790326100e+02 1.035800855803252745e+02 1.043436302066532306e+02 3.201042285683322319e+01 3.376313185532670502e+01 -4.628888382630880187e+02 -4.722603686307207340e+02 -4.747595191260006118e+02 -8.907483611506286252e+03
1.091783859275145652e+01 9.950567922733959847e+00 9.337078135474726537e+00 8.156030354593259091e+00 2.910759223943351959e+00 2.913425861018486440e+00 -3.808209966117242971e+02 -3.806390477356122233e+02 -3.826619008345433599e+02 -4.349810393757520046e+02
5.264266764473761739e+00 6.258337126620151736e+00 3.952423314250596231e+00 4.890615823512196592e+00 8.595313591129546404e-01 1.777944770746826553e+00 -4.252543737234410628e+02 -4.269611993421257807e+02 -4.261392163942969660e+02 -4.344124023265821393e+02
1.243627292449181887e+01 1.275989648117609754e+01 1.276245639036509871e+01 1.291492933377540098e+01 4.958572231410387054e+00 5.361487606967319408e+00 -4.004956897439752197e+02 -4.030044454943260348e+02 -4.051481476602624525e+02 -4.765580228024741132e+02
1.252922459373168778e+02 1.258083922959437899e+02 1.258646413209031465e+02 1.260030895961763662e+02 3.148608112658099145e+01 3.292832378213736177e+01 -4.286168241243652801e+02 -4.593533710643791892e+02 -4.707853660848161894e+02 -8.262931160172369346e+03
2.477272101380149305e+00 3.538658820496056734e+00 2.480767059650593076e+00 3.234526031282304981e+00 7.454904020207419046e-01 1.579713073564477765e+00 -4.289370683467366803e+02 -4.290558881026403242e+02 -4.306438315175295770e+02 -4.316248660931602217e+02
1.119510592950768313e+01 1.140392888031649754e+01 8.049919108840391857e+00 8.432528037055963210e+00 3.560570800927205237e+00 3.304902622030859494e+00 -3.839059270461074220e+02 -3.869010757670555449e+02 -3.853929862654845806e+02 -4.439507307227307820e+02
4.761051954682909582e+01 4.818831431069678217e+01 4.065829709806128278e+01 4.141368733495323795e+01 1.417821198336208433e+01 1.393124632662746798e+01 -4.183480176887821358e+02 -4.226905985525727374e+02 -4.309658953276782540e+02 -1.535541819513430937e+03
2.384568684738168898e+01 2.442193407276412032e+01 3.355562782236009411e+01 3.432630256496199905e+01 1.364275652631737223e+01 1.266516631229873013e+01 -3.920723754821055422e+02 -4.030858482523416910e+02 -4.149572879342313740e+02 -6.674212963274098911e+02
3.078614943111519153e+01 2.943375662813997096e+01 3.935900438548456748e+01 3.791408080668628600e+01 1.671287200931501360e+01 1.756550606615448729e+01 -3.758459251729954644e+02 -3.857197118556562714e+02 -4.130745677495720543e+02 -8.411871125948138115e+02
7.409426277233296787e+01 7.235444215610115748e+01 1.023774728398335583e+02 1.004705050285159444e+02 3.980618781442659326e+01 4.139363638562482350e+01 -3.807044238724849379e+02 -4.562019057299568203e+02 -5.040922156466293131e+02 -3.119542518095802279e+03
6.076667334128784681e+00 6.111865650846696418e+00 5.233441098816955517e+00 4.981379259862006137e+00 1.900395644098983761e+00 2.490853169853274540e+00 -4.183160041728785927e+02 -4.210866292948678620e+02 -4.209996561762793590e+02 -4.345998856750233585e+02
7.914213939041528079e+01 7.975777485083702345e+01 5.863503969892207124e+01 5.927272377140047865e+01 2.316038984393295408e+01 2.363860928670828088e+01 -4.994936693423182419e+02 -5.095266718457899060e+02 -5.074728852706998055e+02 -3.501291471334593552e+03
5.194946791276819908e+00 6.489993559750049990e+00 4.879489253973154916e+00 6.373934362762335049e+00 3.248254154373442670e+00 2.855849009135516869e+00 -3.848706891062519730e+02 -3.896710051076553327e+02 -3.869104938048077429e+02 -3.993314765927804615e+02
1.767396382848512530e+02 1.769574446475568550e+02 1.462379846711221774e+02 1.461493766785943933e+02 5.987603129999508411e+01 6.072400664116972280e+01 -7.133018737313815336e+02 -7.514599238512143984e+02 -7.540741030338167548e+02 -1.599438354860318941e+04
3.192823609415038177e+01 3.163503906054543791e+01 2.497006429619223411e+01 2.471915031091608483e+01 8.308283081575778439e+00 7.920303094349414152e+00 -3.671750146672609958e+02 -3.701120290436164169e+02 -3.736907153926509864e+02 -8.712320446535633209e+02
4.130081857395235367e+00 4.335408229253993717e+00 4.079843968503669593e+00 3.685251292821045688e+00 2.579864625575368012e-02 1.544079653126164242e+00 -3.898088152188403797e+02 -3.894180180903001087e+02 -3.903452314881236020e+02 -3.939433981736878536e+02
4.895848035734312020e+01 4.976063957251984249e+01 3.483547088942061265e+01 3.580360419896241808e+01 1.702862506751712246e+01 1.733172778325409880e+01 -4.813267934485530759e+02 -4.832898219406591807e+02 -4.848352382262071956e+02 -1.581537957844246876e+03
4.637061767928485345e+00 4.593014551895271858e+00 5.713627420399633117e+00 5.486375120216441914e+00 1.089079159100164063e+00 1.702557375278036078e+00 -4.009618527646599091e+02 -4.012564963801723366e+02 -4.016743042037524560e+02 -4.089261825550447611e+02
7.562737487774583656e+01 7.723856626168307571e+01 7.180773368117196753e+01 7.288667770894471687e+01 2.675363784871419170e+01 2.836830822279796749e+01 -4.550072472384422895e+02 -4.704382830354204543e+02 -4.728004042467930503e+02 -3.242075348293718889e+03
1.029472433744185764e+02 1.037946628883680233e+02 8.312430566137727794e+01 8.370271857939602000e+01 2.771263211875335841e+01 2.907276715065077966e+01 -4.640750000487691977e+02 -4.841980518017002169e+02 -4.877590510433711870e+02 -5.720294720007535034e+03
2.466645270897255671e+01 2.299376426659596007e+01 2.146330411989941922e+01 2.038213485551312942e+01 9.419257116390935991e+00 7.108739887221397602e+00 -3.676051247319550157e+02 -3.696003078551512999e+02 -3.720462677646060570e+02 -6.648905776761948800e+02
2.722276126450699962e+01 2.711848089609871337e+01 3.783674853218683864e+01 3.836882624921270235e+01 1.753718977875871232e+01 1.609287872330394720e+01 -4.054742498315082457e+02 -4.143106865048891905e+02 -4.229766298005605449e+02 -7.752462233296583918e+02
4.217809641689152755e+01 4.173695273707625830e+01 3.233962962262250329e+01 3.183270669175346512e+01 1.294552747831764705e+01 1.276731745502599757e+01 -4.842300214509097032e+02 -4.852327441968392918e+02 -4.873451720167877852e+02 -1.305184567582645286e+03
3.587204914607114858e+01 3.306286282382885844e+01 2.940861114612247107e+01 2.665559390010486496e+01 1.049310941420618448e+01 8.080263228737205594e+00 -4.127460326005058846e+02 -4.136587806742833777e+02 -4.160532265026396885e+02 -1.047467038232784944e+03
5.515993266756991886e+01 5.631386277251046835e+01 4.908496528641914125e+01 5.053498285326712391e+01 1.438383681132743419e+01 1.378201241522210196e+01 -4.629325860371508838e+02 -4.716772349183976871e+02 -4.819796596973894225e+02 -1.902888990813740065e+03
5.330567443835369801e+01 5.366056887665966002e+01 7.531691403415334207e+01 7.536197802404296908e+01 2.893402969109458667e+01 2.946508954119442691e+01 -4.025946382756712296e+02 -4.335568302491857935e+02 -4.749766748518537725e+02 -1.818822589324982800e+03
1.072050589496250694e+02 1.064476356339728511e+02 1.268466058072270641e+02 1.263318549213422841e+02 4.365590819227840313e+01 4.329567621876247330e+01 -4.068431028411764032e+02 -4.558668165300853730e+02 -5.174130567901590894e+02 -6.134169329701460811e+03
1.101966140902341778e+02 1.096927693021249581e+02 7.590939220900015982e+01 7.544170753399649243e+01 3.908555426230959995e+01 3.856736486286685306e+01 -2.345049831241572520e+03 -2.347715969485203459e+03 -2.349635542404620537e+03 -6.465558879443085061e+03
5.352183298239746811e+00 6.229570795989923582e+00 3.929694023384822099e+00 4.488581779906404279e+00 1.266978993387312125e+00 2.466095039148622270e+00 -3.841809196682992820e+02 -3.862685733219164490e+02 -3.890954999534361036e+02 -3.974691601272954244e+02
1.243185791541265139e+01 1.239097850989849192e+01 8.923698474003616710e+00 8.907208790363648987e+00 4.098015192609294921e+00 4.008286379316144732e+00 -3.946238703368312031e+02 -3.939210424930320755e+02 -3.951705699583309865e+02 -4.656517111259287276e+02
5.521946238534358287e+00 6.670206298460231054e+00 3.712724442632695521e+00 4.980171189763479056e+00 1.598950144945477270e+00 2.208797640543314067e+00 -4.074777598707581774e+02 -4.091845352248890890e+02 -4.079019523965101826e+02 -4.205455975896107930e+02
4.086960748580418468e+00 5.087444661723771411e+00 2.958078838527835597e+00 3.999669683841600154e+00 1.345729305527850750e+00 1.846165150092870189e+00 -3.829625896592169738e+02 -3.833868363409249582e+02 -3.842450423700570923e+02 -3.897376424846972327e+02
4.745360190914978915e+01 4.690253442111339410e+01 4.476240307334410318e+01 4.430750161712094126e+01 1.380758750958637116e+01 1.338233166005973906e+01 -4.089468171715008680e+02 -4.119101148216045658e+02 -4.148918594642829021e+02 -1.522825891382924056e+03
1.405664462406493271e+02 1.406656230038760782e+02 1.158523613960207541e+02 1.156569909411723955e+02 3.954022140549452047e+01 4.044386211153249633e+01 -8.290945645811150371e+02 -8.541612427739783016e+02 -8.862084257909660892e+02 -1.025938844434792009e+04
1.512761699840953327e+02 1.501469817755783254e+02 1.205019127613803818e+02 1.197231356029812446e+02 4.043093793358904975e+01 3.844617459004317794e+01 -7.391810902140773578e+02 -7.646227040818985188e+02 -7.677612678228450704e+02 -1.185147611241499362e+04
6.651557528342013370e+01 6.587701949937007839e+01 4.756361861007270875e+01 4.705393867282546694e+01 2.303904434547818525e+01 2.222539382155530063e+01 -6.397467125730430553e+02 -6.451854249296666239e+02 -6.466636329943822830e+02 -2.589457316924770112e+03
2.884259718760835156e+01 2.866587538581522665e+01 3.562566119146660526e+01 3.548673396440788252e+01 1.577820408853606260e+01 1.576959184273619563e+01 -3.924414114138102150e+02 -4.055939616213262298e+02 -4.290273660728907430e+02 -8.021465294679147746e+02
6.603401148195180781e+01 6.520434437682067141e+01 5.039152285000013620e+01 4.960970802104712618e+01 2.247892525803096220e+01 2.177574403845173379e+01 -4.087356843848283461e+02 -4.242029584595119900e+02 -4.292422869643148147e+02 -2.586178195702117137e+03
4.639556051717434570e+01 4.874928303112772454e+01 5.584349988485828220e+01 5.781368814403344913e+01 1.868792902837083147e+01 1.873268691133915098e+01 -4.558785898964713965e+02 -4.726273132559660439e+02 -5.157045631445980689e+02 -1.504627471776247376e+03
5.080592043941876312e+01 4.985802648531659997e+01 7.366917945821610658e+01 7.293283407727786027e+01 3.089033631116829781e+01 3.109754346979494599e+01 -3.844944297573645144e+02 -4.408412468376424727e+02 -5.971898547925114826e+02 -1.668041687161006166e+03
1.641764664956946831e+02 1.670486571494336943e+02 1.276602295563112079e+02 1.309080215955546009e+02 4.490528276143813713e+01 4.609063339239983037e+01 -1.219344395900362997e+03 -1.255632874335068436e+03 -1.252728682654812474e+03 -1.388727322531753816e+04
5.599690427652802782e+00 6.507647466877971354e+00 4.789317400368971356e+00 5.404063911220262639e+00 3.290685655911259055e-01 1.781199499444551027e+00 -4.043264474384227469e+02 -4.049806598040249810e+02 -4.053670696967411118e+02 -4.163558090363810038e+02
8.480913925885610993e+00 8.979981690927500537e+00 6.255865564767081111e+00 6.630288321804429508e+00 2.183378646710285143e+00 2.877991128183600811e+00 -4.046364506323082537e+02 -4.030279531234741626e+02 -4.038971156934026681e+02 -4.348564990213336614e+02
1.640829961685107463e+01 1.701090775342543182e+01 1.214846851114365833e+01 1.284599817126396282e+01 4.420363240454279641e+00 4.695206666139577933e+00 -3.884939942663028773e+02 -3.917679287117913418e+02 -3.936164017208989776e+02 -5.213928578378263410e+02
8.678671090357718754e+01 8.753834054038402712e+01 9.839565617866497860e+01 9.897969064234655434e+01 3.089418974210237323e+01 3.115064862562000769e+01 -4.267475244299085375e+02 -4.512228237293205666e+02 -4.986813593473710284e+02 -4.164204208025445951e+03
1.067482787336205092e+02 1.063769089692249281e+02 8.064434875941209668e+01 8.020397640057552735e+01 3.127379505323060016e+01 3.113938155055276269e+01 -4.617198976310526177e+02 -4.810817585104858267e+02 -4.828587289438236780e+02 -6.091478583921314566e+03
3.072528688597113273e+02 3.065523311909684026e+02 2.469055619362281107e+02 2.458523419643971124e+02 9.318282501708105769e+01 9.365461321545305395e+01 -8.116468860480765215e+03 -8.208927986786125985e+03 -8.271121740199982014e+03 -4.756564975852392672e+04
1.233727967994544485e+02 1.244126779744800615e+02 1.265713459322079046e+02 1.273731855524631698e+02 3.139359131974745054e+01 3.223858906367158994e+01 -5.255079873870088250e+02 -5.517914468246202659e+02 -6.745135474595977030e+02 -8.011711941958054922e+03
1.257502393408549857e+01 1.347928870093119436e+01 1.030840101805124043e+01 1.102786996210192605e+01 2.434726416352244627e+00 3.612485142076857336e+00 -4.162952578227158824e+02 -4.199992947914423667e+02 -4.230584280309297469e+02 -4.896468965090019196e+02
2.222629259532748236e+01 2.204470666006317714e+01 1.788547944620295738e+01 1.747960937383322033e+01 7.093652102330429088e+00 7.505540069919504731e+00 -4.288941962614911176e+02 -4.295698338159139666e+02 -4.313999576516694106e+02 -6.531036048227887250e+02
7.175027303644981203e+01 7.217105723606796630e+01 6.938738217911465256e+01 6.974648426411680191e+01 2.336466357328962573e+01 2.359027907436452765e+01 -4.075190130034623621e+02 -4.236014292365375695e+02 -4.260091863744088414e+02 -2.957856523445167113e+03
1.395726079854849466e+01 1.387012063891461011e+01 1.116130539882968620e+01 1.090209490981009566e+01 3.011565424812789438e+00 3.476740449973330982e+00 -4.280907166445170446e+02 -4.276806845585467158e+02 -4.303390187698730642e+02 -5.218100402403018734e+02
6.253161617479837275e+01 6.358695230682074850e+01 5.007648677824170846e+01 5.109776104497382221e+01 2.308540455685138681e+01 2.371458609893959490e+01 -6.603779915124747504e+02 -6.646071398635214109e+02 -6.738134103180768761e+02 -2.326241842997782896e+03
3.627369769658140086e+01 3.687283438771465427e+01 2.873760772184325774e+01 2.934515239688694521e+01 9.641145577245715970e+00 1.006474087527857897e+01 -4.307151632179950980e+02 -4.354338784025782729e+02 -4.373211232003089890e+02 -1.075342188345409340e+03
4.011123191185717474e+01 3.927011954882207334e+01 3.026614289324948359e+01 2.929694823519615809e+01 1.362646447836111641e+01 1.327728640212245104e+01 -3.806649099811536416e+02 -3.825345461412910026e+02 -3.855254563377898194e+02 -1.175624355696773819e+03
5.624478990892165342e+01 5.764202166335584820e+01 7.868073535815852892e+01 7.935237941252806593e+01 4.026988224191460830e+01 4.093538734621285613e+01 -4.038778739232587327e+02 -4.288193562564501349e+02 -4.520796765389238203e+02 -1.952591224469534154e+03
2.860971882107218178e+01 2.893059701634448899e+01 3.451051773043445792e+01 3.502437361025366869e+01 1.413187149983369295e+01 1.348568383407836890e+01 -3.730137424352014932e+02 -3.819972840180257094e+02 -3.887416172540036996e+02 -7.769063250174506265e+02
6.206667937335536323e+01 6.050932277422027994e+01 5.696422324710204066e+01 5.485810906545701471e+01 1.821997302814824238e+01 1.932246430528497783e+01 -4.496778462581594908e+02 -4.629596573734989420e+02 -4.704191693575041313e+02 -2.353335865259602087e+03
5.618808829747688094e+01 5.695624394213290032e+01 8.028966118736413193e+01 8.107065201334992821e+01 3.199526226892860947e+01 3.137163603617488761e+01 -4.056412447570839959e+02 -4.490169350218470186e+02 -5.443782530825585582e+02 -1.980290590450917762e+03
4.616459076564073172e+01 4.686508674103903616e+01 3.811270533361648916e+01 3.890147534616340863e+01 1.783353976243386896e+01 1.795298991873692174e+01 -3.880191134233274965e+02 -3.915630438518500682e+02 -3.999634721755966211e+02 -1.447190487469175196e+03
6.000913191849167383e+00 5.648907920860907872e+00 5.963073724124671848e+00 5.297794570615936394e+00 9.661366533021915615e-01 1.813264527271733817e+00 -4.144463129374466348e+02 -4.172675582724494916e+02 -4.152580167868119361e+02 -4.296082941100630137e+02
8.710326025490655866e+01 8.728221296512852234e+01 6.758554765748056070e+01 6.792506342932041719e+01 2.251798860944031588e+01 2.218248783840799376e+01 -5.215724904490373319e+02 -5.307430990794612171e+02 -5.311791478927157186e+02 -4.194573983547254102e+03
1.377673062274396329e+02 1.387053047239338355e+02 1.143406807595902279e+02 1.151431559204448973e+02 3.127855940682931291e+01 3.244085446174859300e+01 -4.767680928178493787e+02 -5.082121855988049219e+02 -5.109206879555909495e+02 -9.893736050703622823e+03
1.328453743915683205e+01 1.232510914452620199e+01 1.055268556284574011e+01 9.963395890659407783e+00 6.296989906443164031e+00 5.138291003338663288e+00 -3.614986407123899994e+02 -3.625674180896306780e+02 -3.680073882662260871e+02 -4.446816702552252991e+02
1.127015278083245988e+02 1.134128763833338525e+02 1.079853737640275426e+02 1.085854333624105408e+02 2.916540243442232594e+01 2.968811518902106528e+01 -6.661270976586994266e+02 -6.793500821729272729e+02 -7.610218899375814772e+02 -6.744660941571853073e+03
1.163165047800161318e+02 1.158456838765598036e+02 8.785818906046112886e+01 8.733983378148435861e+01 3.892056524071680457e+01 3.868092501403333472e+01 -4.123852385053560283e+02 -4.256310580180551142e+02 -4.332291084554987037e+02 -7.167779964007529998e+03
9.300232025286305770e+00 7.938522642378791794e+00 8.058995124962978096e+00 6.309091110765923105e+00 2.104073184145905717e+00 2.208377408257261365e+00 -3.833474380080897959e+02 -3.838615099032433591e+02 -3.881535228537499052e+02 -4.249003873585052133e+02
2.906206038993584784e+01 2.931970230970468450e+01 3.342423550019611866e+01 3.340740728738551013e+01 1.474816995584655466e+01 1.527935541042835865e+01 -3.933048753185834130e+02 -4.035827019056665677e+02 -4.309514256536943435e+02 -8.108398902538913262e+02
8.565147379239397196e+01 8.615845381928684787e+01 9.392875416487427742e+01 9.403893498275533602e+01 4.384544243714925926e+01 4.459263595358478938e+01 -4.324742019806874964e+02 -4.764211736844948746e+02 -4.783328539727332327e+02 -4.060434437875289859e+03
9.618667596642966444e+00 9.387315676733772207e+00 8.072491675655014021e+00 7.399345626694926459e+00 2.835566711220522507e+00 3.613045620657201695e+00 -3.887975831514730771e+02 -3.894725851166433017e+02 -3.905265309767533495e+02 -4.289998851816733918e+02
1.007565788491157548e+02 9.965117921696538872e+01 1.041586510655726272e+02 1.029326445468458644e+02 2.775835845146459491e+01 2.832470906490491913e+01 -3.958986954334633310e+02 -4.150480672635978863e+02 -4.225780062175576859e+02 -5.464892074804694857e+03
3.845676043543991796e+01 3.845056698157231523e+01 4.568946379580991390e+01 4.578289802105593509e+01 1.865103416241937495e+01 1.840568433809600180e+01 -3.741967006714136232e+02 -3.861555900944221662e+02 -3.888851424978528826e+02 -1.104685060732121201e+03
3.123469587506273015e+01 3.168646337743571095e+01 2.330629564220853212e+01 2.358800335452886898e+01 8.360637425543240298e+00 9.194803381827531652e+00 -4.413915017239547751e+02 -4.451876775158215764e+02 -4.475316691420622988e+02 -8.935531402644156742e+02
4.078730661613133357e+00 4.545208336781612957e+00 4.117940765766567424e+00 4.345606258754167506e+00 3.591803578489725091e-01 1.258082765470693865e+00 -4.080427416636483144e+02 -4.064648027657540865e+02 -4.074367308891135053e+02 -4.127888832193191888e+02
6.934370551081174483e+01 6.962632717469523413e+01 5.453753938983437166e+01 5.457712698157148168e+01 1.753708236136482412e+01 1.848474650232933314e+01 -6.251623570465926605e+02 -6.300827857953034936e+02 -6.332779291090968172e+02 -2.799791223385248486e+03
4.793405464110565894e+00 4.549208682698819395e+00 3.917717367973374554e+00 3.640225479823923305e+00 1.130151211103464393e+00 1.032559683772840797e+00 -4.154200691146755275e+02 -4.183319844174478703e+02 -4.167400108918349133e+02 -4.286057242716261726e+02
1.548565095077021851e+02 1.537860649214861439e+02 1.339331143110530888e+02 1.331689895249797360e+02 4.050067736287702047e+01 3.888403079316626787e+01 -6.611495659512444263e+02 -7.126489894909127543e+02 -7.492085714316923486e+02 -1.239610167567732606e+04
2.466323580836911233e+01 2.472250147283794419e+01 1.788498558241001746e+01 1.804960686679820370e+01 7.745962313189238557e+00 7.546375915035612891e+00 -3.689692694759449410e+02 -3.747472797878633628e+02 -3.756346269495696788e+02 -6.721532675217812312e+02
1.208250985943894449e+02 1.185653579384963479e+02 1.335015682329812705e+02 1.313852289625371839e+02 3.874527271480366863e+01 3.900495153752481059e+01 -4.115413796199148919e+02 -4.655652158179805724e+02 -5.324680793503300720e+02 -7.687194296334780120e+03
3.218561099516157764e+00 3.304506390673820793e+00 4.055063083857604056e+00 4.354251147240396413e+00 2.311196131242654328e+00 1.718335735340944304e+00 -4.030696537539539577e+02 -4.030819201228793531e+02 -4.033799831412169397e+02 -4.056215259479287170e+02
4.411408584289809198e+01 4.261453974781931464e+01 6.502064226909094202e+01 6.329332253340328407e+01 2.405645283986551064e+01 2.581603151305535704e+01 -3.931861351843999159e+02 -4.208258086733964660e+02 -4.682663497777085695e+02 -1.358157370085445791e+03
2.477655118239586685e+01 2.575258471691552131e+01 3.273449270197912142e+01 3.370794280130955656e+01 1.143678776685174547e+01 1.072063484344670670e+01 -3.765787347179546600e+02 -3.831975022577061054e+02 -3.921397356846422895e+02 -6.797875309293399368e+02
2.799801651064408592e+00 4.152615577596980856e+00 3.488737266418848293e+00 5.099151167069742030e+00 3.221839717154840077e+00 1.643092124570041390e+00 -3.869204687132285585e+02 -3.868171113070339402e+02 -3.878441113856798665e+02 -3.910785500960755598e+02
1.145011884723842854e+02 1.149836719529237854e+02 1.045915070607776443e+02 1.060663667020967864e+02 4.695908604241350304e+01 4.470060942192001363e+01 -5.503268281158045738e+02 -5.968232883011704644e+02 -5.993605394643452655e+02 -6.949024678374579707e+03
1.211997308768943604e+01 1.219763180536123315e+01 9.432928945322858638e+00 9.483309310369204326e+00 3.054242207496072226e+00 3.200912824735392626e+00 -4.233786210555103366e+02 -4.257225901002951218e+02 -4.280572594354352987e+02 -4.889355045939237812e+02
2.219424351542281126e+00 2.816601640216385150e+00 3.466625468847669200e+00 4.090501628212551921e+00 2.204306911266006974e+00 1.689338541324132636e+00 -3.941958751928680726e+02 -3.942046668027630858e+02 -3.953730649436424187e+02 -3.953011337139402599e+02
4.306296376982964524e+00 3.942494298312096301e+00 4.032311847848797370e+00 3.831412073379151462e+00 2.082956019078382237e+00 1.689643609460991236e+00 -3.814038062687087063e+02 -3.848666919911046875e+02 -3.853125278220208543e+02 -3.910285361289058415e+02
1.528502009783241533e+02 1.523216174138891290e+02 2.268322682623075650e+02 2.264350270526423685e+02 9.656285437472965327e+01 9.666046016480888170e+01 -4.380612226110980032e+02 -8.798656326930379237e+02 -2.114050205599889978e+03 -1.210432797720406597e+04
3.489919195118815054e+01 3.505687279163619507e+01 3.610604868978039406e+01 3.647561797841403575e+01 1.589816739523785216e+01 1.538113998159990459e+01 -4.141566056996966267e+02 -4.219701311285770657e+02 -4.252927377542974341e+02 -1.002982955307144380e+03
3.369772044255834231e+01 3.422378994137060459e+01 2.725654533134519752e+01 2.788331128297931372e+01 1.008107290864498751e+01 1.013315755138850349e+01 -3.971640014168015682e+02 -4.009598031143182766e+02 -4.026454069058997902e+02 -9.346313160768299895e+02
1.361934787743389386e+01 1.297440800328668686e+01 1.030206636293889844e+01 9.712431661311413222e+00 4.604598469247091153e+00 3.933144244325183614e+00 -3.692170709796025108e+02 -3.705778676794020043e+02 -3.709827289967433330e+02 -4.367626253091301010e+02
1.471464302355695430e+01 1.395211305663571189e+01 2.140019787948061492e+01 2.073237434862094375e+01 8.083430720111532963e+00 8.462363071053939478e+00 -3.910851226219890577e+02 -3.963190051351726879e+02 -4.111676400840917154e+02 -4.938494686503970001e+02
8.553841946311617050e+01 8.489584722725354027e+01 9.420029805324314509e+01 9.390723672095126062e+01 4.127082638077519761e+01 4.060511882354697377e+01 -4.868414498586016634e+02 -5.348364542203499923e+02 -5.370636540316606897e+02 -4.047514993162086739e+03
9.601921093698406651e+01 9.508772059346453887e+01 8.067975337193513496e+01 7.935984997091645710e+01 2.783636350807964277e+01 2.840575662698986648e+01 -4.880565242667490793e+02 -5.024119480121752304e+02 -5.046803588691847153e+02 -5.045505441440592222e+03
4.240895586977373455e+01 4.329475927042034300e+01 2.987024643462034135e+01 3.066751540545665478e+01 1.264527722332807080e+01 1.366267577507174735e+01 -5.063559209281822291e+02 -5.095626960231671774e+02 -5.111308333599060916e+02 -1.288120359321494561e+03
2.922715683783167506e+01 3.034843359541414998e+01 3.403731240132068336e+01 3.512647942314745819e+01 1.154183272406921112e+01 1.116293508386796063e+01 -4.119675955386043142e+02 -4.200166733921165019e+02 -4.379887154228313193e+02 -8.085021425244544844e+02
6.749673075524114552e+01 6.624173736445386851e+01 5.033785843486146661e+01 4.880839135779179117e+01 2.501859014461782138e+01 2.467483444735976050e+01 -5.086151006517018232e+02 -5.159191660288813637e+02 -5.216887483046186844e+02 -2.663099062588942161e+03
4.476273500498182401e+00 4.618260407394503275e+00 3.623791013010815298e+00 3.757275431291859924e+00 1.748364004748435230e+00 1.832508125619785710e+00 -3.742182702370200786e+02 -3.754201298237858282e+02 -3.764184495994197164e+02 -3.839431118303925246e+02
1.125598207086375595e+02 1.122061487165526756e+02 1.417877763003167502e+02 1.419704910438488241e+02 7.247192048212451709e+01 7.155480139689443320e+01 -5.595312658938499908e+02 -6.572083324124254204e+02 -6.833579835592139489e+02 -6.700986785488839814e+03
4.352175705277711870e+01 4.161308067314238457e+01 4.799133834601130388e+01 4.589016599282820152e+01 1.898363840024320126e+01 1.984033965621812357e+01 -3.795344316314517528e+02 -3.940721221276114647e+02 -3.972641217991993017e+02 -1.313098938195732671e+03
2.016006866423009214e+01 2.037558294572897566e+01 1.941966501193707018e+01 1.940984004187674117e+01 5.799605502442720883e+00 6.504076077697555469e+00 -3.897878148008636572e+02 -3.943831944975920578e+02 -3.970162118310987012e+02 -5.884868871546404989e+02
1.794918943835224923e+01 1.877089059461254905e+01 2.127424385760960135e+01 2.218858575120070142e+01 1.115505925443113533e+01 1.070051174081256384e+01 -3.898180058192623392e+02 -3.944753934821408734e+02 -4.099104281852586951e+02 -5.472949904217504127e+02
6.058997040227676045e+00 5.220414347391217902e+00 5.294267142448548569e+00 4.058149389572617949e+00 1.401605359398780948e+00 1.763688270433333871e+00 -3.966568808531529271e+02 -3.980261954397872159e+02 -3.996555620522004801e+02 -4.142844827136407844e+02
