# SNRtot_MF, evidence220_330, evidence220
5.462383954282430665e+01 -4.169458975831646512e+02 -4.220270060937940571e+02
3.205762259567632100e+01 -3.794174745923753562e+02 -3.790219851146916881e+02
6.779921698273929564e+01 -4.758300319045910669e+02 -4.779984037418196294e+02
9.098075255231836422e+01 -1.095725794186103030e+03 -1.096151922772103944e+03
3.270432439076525810e+01 -4.135931972081585286e+02 -4.134275424704719626e+02
6.622257241459010402e+01 -4.007345492423808651e+02 -4.007891079118993503e+02
2.901673487149575692e+01 -3.799643687706044375e+02 -3.795891228014196486e+02
4.497526823055266476e+01 -4.166648112259971413e+02 -4.182418791614719566e+02
7.213286658665771256e+01 -4.072513856332040518e+02 -4.084287825483637562e+02
2.152898312392470714e+01 -3.842042474096239175e+02 -3.850081784880057967e+02
7.496078712869369554e+01 -6.551637240548246837e+02 -6.535244795638380992e+02
1.082986010075056704e+01 -3.955932210492356944e+02 -3.978149868661988648e+02
7.218330008802138309e+01 -4.394004801807281524e+02 -4.414926580401100296e+02
4.598171355337639454e+01 -4.132328094191826722e+02 -4.137232745817210571e+02
2.386864229191752074e+01 -4.303972880450476737e+02 -4.309215459143399016e+02
3.072879677894963635e+01 -4.064730674574774412e+02 -4.082511943350855859e+02
3.087910775085169846e+01 -4.494509427016230347e+02 -4.517133669531427245e+02
1.230896170558221456e+02 -5.349598037421997105e+02 -5.359458743812278954e+02
6.541614456834008706e+01 -3.932471194680818485e+02 -3.923327466610647889e+02
7.762050229417855007e+01 -4.677431513119445299e+02 -4.696988329858106113e+02
3.861908672010415700e+01 -3.986864809350399241e+02 -3.991400010253747155e+02
7.750586925008300909e+01 -4.234427581971970085e+02 -4.237479123364213365e+02
1.459172390290170540e+01 -4.123708697502498239e+02 -4.134513276686580525e+02
1.119378059403828871e+02 -3.990333795836084505e+02 -4.017951187347568975e+02
8.679793279318565169e+01 -4.681652908767551935e+02 -4.687853686971491811e+02
2.965108229233434756e+01 -4.330516884520547478e+02 -4.328174399057646724e+02
5.139500899127351197e+00 -3.838107867356135330e+02 -3.836740358533103290e+02
1.033058096792232732e+02 -3.993513745260150927e+02 -4.022562918770689180e+02
4.124058268141880745e+01 -3.891646473456002013e+02 -3.908290190821283545e+02
1.994115836014050558e+01 -3.774677427965139600e+02 -3.770216376564782195e+02
1.082504367882718270e+02 -4.971741315074910972e+02 -4.970951922181537839e+02
6.830608629795924003e+01 -4.135046304636038599e+02 -4.148587873362045002e+02
4.465834722879988306e+01 -4.466985969239314045e+02 -4.475285761226683121e+02
7.866680923545776238e+01 -4.100866062410385666e+02 -4.130726619317419477e+02
2.671608336066584144e+01 -4.073807303866299776e+02 -4.083167674372582496e+02
6.308073890548824281e+00 -4.084114532353098070e+02 -4.113733902671614260e+02
3.928279661435627190e+01 -3.972152634516890544e+02 -3.980713397546020360e+02
4.220032150287306649e+01 -3.709756060667817792e+02 -3.737201812146860220e+02
8.100774314436969803e+01 -5.154082578892432593e+02 -5.170880259265727545e+02
6.755508916115199725e+01 -4.559705922237855589e+02 -4.559232235765474570e+02
1.094178378883960789e+02 -1.037347827939075614e+03 -1.038150243773794273e+03
1.735484595483380232e+01 -3.970244394279828839e+02 -3.991665332149266305e+02
5.116180572664188730e+01 -5.131979605865126359e+02 -5.131191888785708670e+02
7.829422886247701285e+01 -3.816007203230710729e+02 -3.859781105800477121e+02
8.944238988423686010e+01 -8.219484353591765284e+02 -8.227498139866930842e+02
6.517538928451126878e+01 -3.913846164995965182e+02 -3.930472908549983231e+02
1.105212605110622803e+02 -3.937859430208899880e+02 -3.971033477476885878e+02
1.588082154375367594e+01 -4.096522944333717078e+02 -4.096882548497296170e+02
8.878888013100279863e+01 -4.726239010207779643e+02 -4.751036287175499524e+02
4.341548137911485838e+01 -4.096606901151965872e+02 -4.092223665979435623e+02
1.317402856245817304e+02 -4.149551167242964880e+02 -4.186701634392218807e+02
1.148841561309535848e+02 -4.948443825910375722e+02 -4.933468596419501750e+02
9.040026893269468644e+01 -4.273289100581629896e+02 -4.294597559014702028e+02
3.441669510304599555e+01 -4.325661905709083612e+02 -4.311441022097167206e+02
7.973375767811936043e+01 -4.406613701079970156e+02 -4.395716581143293524e+02
6.327705429705029871e+01 -4.169869660659496731e+02 -4.169724343156819941e+02
3.441778196834486891e+01 -4.083184374674603987e+02 -4.073275303493875299e+02
1.019713165720367130e+02 -4.368267193339870573e+02 -4.365829056577299525e+02
1.058475420055665808e+02 -1.573027417985851571e+03 -1.573600643239895817e+03
7.046672091228992940e+01 -3.872188734113849478e+02 -3.872249625564388111e+02
5.816525682849264456e+01 -3.929418545300517280e+02 -3.928645256867745843e+02
4.141653722038339680e+01 -3.931457426811122104e+02 -3.993001791288727418e+02
7.923174886550177121e+01 -4.253263124575799452e+02 -4.255146243312589149e+02
2.538529148041860495e+01 -4.049837805652835527e+02 -4.071618908305528066e+02
1.558434747066541348e+01 -4.002631370301340326e+02 -4.002574596742580297e+02
1.073521999441882286e+02 -6.366582260168357834e+02 -6.386965387432665011e+02
1.680688094150299250e+01 -3.874439194271237170e+02 -3.868812413116146445e+02
1.295091941938760840e+02 -3.959639740086581128e+02 -3.986570075961552106e+02
6.928522204173872012e+01 -3.693265466530211825e+02 -3.714079995679271633e+02
5.127656930727587081e+01 -4.488728163562513487e+02 -4.502343022543821576e+02
4.020460619254204460e+01 -4.195448592612680727e+02 -4.219058651186674069e+02
4.368881752801807750e+01 -6.580352981925001359e+02 -6.581313152057010711e+02
7.758351720158451315e+01 -3.859165919800577740e+02 -3.864648547898096353e+02
3.368419281185197889e+01 -3.828421840468094501e+02 -3.833872055375389891e+02
2.660532186431123236e+01 -3.840829976369122392e+02 -3.847663604490729199e+02
9.344174607337194516e+01 -3.877317742196092354e+02 -3.886796035621505894e+02
8.389620519438069834e+01 -4.318210186530690180e+02 -4.365480293911132321e+02
6.465244890266068012e+01 -3.852712981499831244e+02 -3.877874129469291233e+02
1.114942420685937918e+02 -4.826585695206613877e+02 -4.846803393538942260e+02
4.012937321257938095e+01 -3.971612624921888255e+02 -3.972027623002254586e+02
5.092218520675879745e+01 -3.887521547228703298e+02 -3.906396571130166535e+02
6.851363115715045637e+00 -3.735315749088236430e+02 -3.736293476500276256e+02
8.621297586341565022e+01 -4.106789600452216291e+02 -4.177882234155947003e+02
5.269882534798983897e+01 -3.849276922881726364e+02 -3.841006916459349441e+02
8.220204028303227162e+00 -4.024773309336201237e+02 -4.019885802496296492e+02
4.874924057439793046e+01 -4.040775944863013365e+02 -4.065153484601717651e+02
7.982966144812695575e+01 -4.372022113669947316e+02 -4.373731346395304627e+02
9.246624940866351494e+01 -4.234273612722773237e+02 -4.233665613044828433e+02
2.870409113632815590e+01 -4.306787011743739981e+02 -4.313541013165925619e+02
1.777470020779874105e+01 -3.802082595045664561e+02 -3.809686442046601655e+02
8.007907051048361780e+01 -4.038366053368363850e+02 -4.044774393500555334e+02
1.194426465448084826e+02 -4.570418436355283234e+02 -4.588598086266238738e+02
6.925251753519718534e+01 -3.974452627738504020e+02 -3.998847595993360642e+02
6.261379993041084902e+01 -4.280446845017035002e+02 -4.265542987806048814e+02
9.464443415117226266e+01 -5.852469980684095390e+02 -5.895222860094828548e+02
6.884032150781116854e+01 -4.176841414100527459e+02 -4.204459407755159077e+02
9.487391232707932431e+01 -4.182215295611292163e+02 -4.182984568057550518e+02
5.664105995692226969e+01 -4.052428310527489543e+02 -4.061340788324430378e+02
5.707307801038103179e+01 -4.078444450854003094e+02 -4.091513231023589015e+02
2.205272990804027700e+01 -3.874844188044063458e+02 -3.882832913016821408e+02
5.379398127845698241e+01 -3.864173478484497082e+02 -3.866508881355069889e+02
7.596062729454810381e+01 -4.261946009143974265e+02 -4.265881113001171343e+02
4.988106138711201964e+01 -3.978944185196938861e+02 -4.008204501363758254e+02
3.482587237838917815e+01 -4.068439447420226429e+02 -4.039071130733448172e+02
4.161151681058705520e+01 -4.166712743296591270e+02 -4.174289879324030608e+02
2.806472923207019576e+01 -3.931194158666752401e+02 -3.941266156875728939e+02
6.446822546628558825e+01 -3.990787679922727875e+02 -3.989374608406318430e+02
3.579246653173265713e+01 -3.973149931925568126e+02 -3.971932106382428742e+02
2.840018870711628196e+01 -3.895303952400269623e+02 -3.920715535410579946e+02
9.090331349640763392e+00 -4.185699043745275389e+02 -4.174468106681051154e+02
7.413209530067571507e+01 -4.081397381329885548e+02 -4.087345749848151399e+02
5.709733412792655116e+01 -3.976349774960588093e+02 -4.018426680757730765e+02
4.639010075473301242e+01 -3.942751683294977170e+02 -3.942831297356794948e+02
7.147850784131500745e+01 -4.074208197014210100e+02 -4.090305290602252626e+02
2.290673753485111064e+01 -3.745491701484449436e+02 -3.752373366707616924e+02
2.207950768847364742e+01 -4.172816796441932752e+02 -4.187248410873382340e+02
1.267289765087586773e+02 -4.245373099511342616e+02 -4.258728071877320644e+02
1.803776647274546363e+01 -3.951048919002579964e+02 -3.959882673511947360e+02
1.152110545800227293e+01 -3.903122458880923205e+02 -3.926013938248383965e+02
5.477181406501297545e+01 -4.336522389940368498e+02 -4.351876762428802294e+02
4.442598422762726074e+01 -4.038366556883374869e+02 -4.059754425951936128e+02
1.174472735759082198e+01 -3.822920479118874368e+02 -3.816381710323556149e+02
1.607413610408637794e+01 -4.356072604692826644e+02 -4.362029421118616597e+02
1.054937053403707239e+02 -4.566478137850262442e+02 -4.598980666585227937e+02
1.409963637159049199e+01 -3.877521589792808072e+02 -3.905786879892235106e+02
8.864133315061810947e+01 -5.024935118848707702e+02 -5.021887433284781537e+02
1.216696329080194872e+01 -3.784693789419518453e+02 -3.812237149870010171e+02
7.917590285276050110e+01 -4.079203190773226311e+02 -4.058961629490856353e+02
5.888605596585091462e+01 -3.781483380393458447e+02 -3.819414358815766377e+02
1.609737892206811338e+01 -4.155433265111984156e+02 -4.154504697258279862e+02
6.058015815788110814e+01 -3.943307655620547507e+02 -3.944501561692079576e+02
3.223910245314759493e+01 -4.036490066280877613e+02 -4.058908113720032134e+02
7.645379748695633282e+01 -4.535918658838118063e+02 -4.527601559560647502e+02
8.231655252902648101e+01 -4.139239372008557893e+02 -4.141398734999161775e+02
7.984837743877167782e+01 -3.960510531094879525e+02 -3.967895136589513072e+02
3.812330741384191413e+01 -4.063958655628255201e+02 -4.074993737690733724e+02
1.047076591894538495e+02 -4.114324780140756843e+02 -4.117656605959906528e+02
9.354320091159589623e+00 -3.953406174179558548e+02 -3.955633815852312409e+02
1.028169206927610873e+02 -1.100334141782223242e+03 -1.100523363399613572e+03
3.520673114264431547e+01 -4.079433925607268066e+02 -4.086740954443457099e+02
5.589438363197704263e+01 -4.598206119950428388e+02 -4.606388795653763282e+02
1.227545251644382240e+01 -3.779763837034770972e+02 -3.804985888331427191e+02
3.526945286828726012e+01 -3.870178783612236089e+02 -3.874334986052651857e+02
4.644885515727558101e+01 -4.044689405755463554e+02 -4.051543322952008452e+02
4.387013468157578444e+01 -4.299137897140696509e+02 -4.303529027613479343e+02
9.640550280188251975e+01 -6.628591920624054410e+02 -6.617668064080994554e+02
3.182804958802643114e+01 -4.495293504646554652e+02 -4.502946383956605132e+02
1.458717426735395684e+01 -3.788516775934447196e+02 -3.797602349932797097e+02
1.046273692018223329e+02 -6.080047281309007303e+02 -6.105468369139048264e+02
4.347904330525257599e+00 -3.635090571911934489e+02 -3.656306631679000816e+02
