# SNRtot, SNR220, SNR221, evidence220_221, evidence220, evidence221, nofilter
5.169266731104962709e+00 3.301436291964687797e+00 2.014679268419508951e+00 1.115502313187146655e+01 9.795516529770084801e+00 1.005008717788593842e+01 -1.370258159599631043e+00
1.176445463077917175e+01 7.513560335263290924e+00 4.585099605379875598e+00 1.045606167396194763e+01 7.870642718278101135e+00 7.598087282297675493e+00 -5.721079527077608162e+01
8.078049184330012622e+02 5.159177526078664187e+02 3.148353348263765383e+02 -3.918907710859081295e+00 -1.939060846189832546e+03 -9.634347759736200487e+02 -3.262624027211648645e+05
3.011168541190376047e+01 1.923131774820078732e+01 1.173578217032052073e+01 9.525122432257845162e+00 3.416777618130172112e+00 4.533682988298098238e+00 -4.413663980636741826e+02
9.085041202625325241e+02 5.802309360409096826e+02 3.540820219921960188e+02 -6.070906869436018205e+00 -2.452829540740195625e+03 -1.219007734886179833e+03 -4.126778778658900410e+05
2.116770819866373543e+01 1.351910119945557653e+01 8.249940482116622675e+00 9.906622816395740827e+00 5.639623030786475866e+00 5.889040091237674801e+00 -2.120455340828333135e+02
4.086844614482344262e+00 2.610129798233171705e+00 1.592814135224455363e+00 1.133113153963367203e+01 1.024316739719471769e+01 1.058117540284965408e+01 3.639251657592994960e+00
1.559627121399305452e+02 9.960812332505490474e+01 6.078518659214811493e+01 6.414491121433114174e+00 -7.012990300615587103e+01 -3.266405719410220598e+01 -1.215019338791236441e+04
1.972702500850929823e+02 1.259898544288624720e+02 7.688446036860129595e+01 5.750283825380417824e+00 -1.138590247940664995e+02 -5.450668428240924612e+01 -1.944578538320850930e+04
3.549471030432376892e+02 2.266927416732832228e+02 1.383377192714364128e+02 3.575201470532279213e+00 -3.732906348206143434e+02 -1.839920294976459161e+02 -6.298173257828433998e+04
7.707230184502017778e+01 4.922347939318203913e+01 3.003829687529813697e+01 8.091814116586144578e+00 -1.395413445581019829e+01 -4.597394805750277591e+00 -2.958079454735895524e+03
8.667996713878174830e+01 5.535957113149591891e+01 3.378280554396138058e+01 7.848293652580710322e+00 -1.891923534878548807e+01 -7.098334610384392285e+00 -3.744717950481086518e+03
1.021756265281348306e+03 6.525612608543196984e+02 3.982211157055261879e+02 -8.730412204512811414e+00 -3.102635312698521375e+03 -1.542229544938680192e+03 -5.219809424197354238e+05
2.380642860197701793e+01 1.520436291199715839e+01 9.278360095235420602e+00 9.785214439078135484e+00 5.005858566230084961e+00 5.485725400888867398e+00 -2.713826202814600492e+02
4.596301763465826085e+00 2.935502894330962675e+00 1.791370876363199693e+00 1.124556017641496020e+01 1.002368672512471370e+01 1.033282638254536856e+01 1.427406158635132982e+00
7.182672832083262620e+02 4.587330852644849983e+02 2.799387766075870445e+02 -2.168094673712033682e+00 -1.532845864381100682e+03 -7.613394282261314174e+02 -2.579419546626259107e+05
2.677408614395045205e+01 1.709970567932608176e+01 1.043498025755090985e+01 9.658325685105026537e+00 4.272990249442797150e+00 5.038420601322490811e+00 -3.464354433127850825e+02
1.046047464339407007e+01 6.680752303043873574e+00 4.076884111060212312e+00 1.055898015217492869e+01 8.199621665558129990e+00 7.936092162001343375e+00 -4.272036377349048308e+01
5.813656263760945464e+00 3.712986149988338092e+00 2.265824798290636100e+00 1.106033036890833188e+01 9.559186967037799576e+00 9.733605209245787648e+00 -4.908898467528773679e+00
9.748530306371979748e+01 6.226057470223544499e+01 3.799409650816897965e+01 7.588729503966750833e+00 -2.511317062861081340e+01 -1.020131300067873426e+01 -4.739701755603593483e+03
6.852955657192643457e+01 4.376751615029214548e+01 2.670883204162504398e+01 8.318921014587671081e+00 -9.961044456320880869e+00 -2.570709425821950056e+00 -2.336159660863378122e+03
3.991940358763470726e+02 2.549517651406457048e+02 1.555825980728367597e+02 2.967440355823590448e+00 -4.725798236348728096e+02 -2.334893308288120863e+02 -7.966594873851408192e+04
1.754046841671955974e+02 1.120250550441996467e+02 6.836253556987232116e+01 6.090219949748648887e+00 -8.946963045956735527e+01 -4.232240377441384993e+01 -1.537141121278776518e+04
1.386757012421465447e+02 8.856749258837555772e+01 5.404771602226249883e+01 6.726127420174915272e+00 -5.477788518807879115e+01 -2.500186832128653691e+01 -9.603484656391488897e+03
4.817444246826877219e+01 3.076739138897377046e+01 1.877559343658459667e+01 8.907801028654915854e+00 -1.990467254508159201e+00 1.559291051801953376e+00 -1.148398052455214383e+03
6.093369487508476112e+01 3.891629550737185639e+01 2.374840730781804510e+01 8.529957298697807389e+00 -6.737189269280841941e+00 -9.185307833331544103e-01 -1.844467184455910683e+03
1.096376086323337518e+02 7.002184234854448164e+01 4.273035783228758788e+01 7.314194711210416422e+00 -3.286123114283063984e+01 -1.407044722054568453e+01 -5.998212212199337955e+03
2.495183049504788073e+02 1.593589246451860504e+02 9.724771079232962734e+01 5.001599195996199398e+00 -1.835252046669253900e+02 -8.930585975208259697e+01 -3.111770185157101150e+04
2.806227134246345827e+02 1.792242611268113990e+02 1.093703986258395275e+02 4.577384094863385045e+00 -2.326588364160137132e+02 -1.138358533916010202e+02 -3.936256324379323632e+04
6.386540591115071948e+02 4.078868045392176782e+02 2.489101761457924624e+02 -7.343961488874266585e-01 -1.211664955547795444e+03 -6.015184622827086969e+02 -2.039275132086932135e+05
3.808692238155197174e+01 2.432483258081359878e+01 1.484406530200727303e+01 9.235791438339600035e+00 1.203546493234100900e+00 3.284015377174800410e+00 -7.133164271401275300e+02
1.149126176048602019e+03 7.339081264321827121e+02 4.478624927115017726e+02 -1.203188912904987617e+01 -3.924506510175304356e+03 -1.951022966292730416e+03 -6.602334938389321323e+05
1.673528156945207357e+01 1.068825982555299525e+01 6.522438593903073567e+00 1.013591590193952463e+01 6.682595527810687663e+00 6.607608439519506938e+00 -1.280444234953664591e+02
1.323098592347952795e+01 8.450184403023074609e+00 5.156668136388974588e+00 1.035165307588949268e+01 7.512529343726287223e+00 7.268902900399763389e+00 -7.553909314460204882e+01
6.538373992154632219e+00 4.175838917006938544e+00 2.548277582950626563e+00 1.096258400459892712e+01 9.314073502058770160e+00 9.388274565539999728e+00 -9.384766121587384546e+00
9.301028666370330100e+00 5.940253267835372775e+00 3.624999560644913910e+00 1.066092402119259752e+01 8.504531932917581472e+00 8.287804592734095976e+00 -3.126416601726666045e+01
5.049226588157150104e+02 3.224770701846090333e+02 1.967894608243278753e+02 1.433706796375690651e+00 -7.569130250194305063e+02 -3.751385989601387791e+02 -1.274614552916564280e+05
3.156045297175037945e+02 2.015659671899136356e+02 1.230042743229132327e+02 4.106337816046405464e+00 -2.947669418269970265e+02 -1.448280428257634185e+02 -4.979111918799432169e+04
2.218615298297328309e+02 1.416954752911575781e+02 8.646870975300872431e+01 5.389685199136074800e+00 -1.446432584830069459e+02 -6.988592604778257567e+01 -2.459927880808566260e+04
1.233047941468656319e+02 7.875061271653140693e+01 4.805703117806113767e+01 7.026198499444975099e+00 -4.257546533140060774e+01 -1.891543543507064129e+01 -7.590045728691399745e+03
5.417976354819969487e+01 3.460278739183132757e+01 2.111611802339640676e+01 8.725829299209650003e+00 -4.122465869984395681e+00 4.375328021824236302e-01 -1.455732987960359651e+03
4.283475517688288647e+01 2.735711323376707327e+01 1.669449415395989433e+01 9.077303689685376042e+00 -2.413938004508988655e-01 2.495377802422145130e+00 -9.054177244226927996e+02
8.270096453727784791e+00 5.281831638923599748e+00 3.223202194790507402e+00 1.076223136851314166e+01 8.789592061953753088e+00 8.652796193704553218e+00 -2.220684656792577272e+01
4.489566949919137073e+02 2.867334969286824276e+02 1.749771859083398624e+02 2.262313418768773232e+00 -5.981350159164021534e+02 -2.960529064397401839e+02 -1.007690665879220614e+05
1.488033181319847564e+01 9.503565987214800614e+00 5.799487155665892679e+00 1.024515127382076152e+01 7.119078016984312640e+00 6.941324945267566271e+00 -9.872173632638865115e+01
7.353433454221500298e+00 4.696389901924209020e+00 2.865940316598009296e+00 1.086292562613817836e+01 9.058401926718870456e+00 9.023719215370014979e+00 -1.504609067377730547e+01
1.292373742495696888e+03 8.253955151092557116e+02 5.036920556620711409e+02 -1.614540607534496885e+01 -4.964016866614893843e+03 -2.468055057650838080e+03 -8.351029547450577375e+05
1.882146532246192905e+01 1.202063501765719344e+01 7.335511583929290147e+00 1.002329394927306616e+01 6.193467740030749624e+00 6.259736989711267796e+00 -1.651333773332637804e+02
5.678652178026305819e+02 3.626763594374025388e+02 2.213208064268221165e+02 4.486743542056497169e-01 -9.577130976388963290e+02 -4.751172470657647295e+02 -1.612234623939055018e+05
3.386534253570882669e+01 2.162865193518572582e+01 1.319873921654528637e+01 9.384646085768078905e+00 2.406562727696621273e+00 3.955404807018273683e+00 -5.614403114213901063e+02
