# Injected 220+221 mode, syntax=[snr_tot, snr_220, snr_221, nofilter, evidence220, evidence220_221]
6.266018914934753781e+01
4.094829138770150223e+01
2.347814244527120664e+01
-2.356365256127227440e+03
-4.098238675558290538e+02
-4.021553492231585096e+02
6.420384644944890340e+01
4.248925774130683664e+01
2.357528312816557303e+01
-2.421275699038096718e+03
-4.336354368431140642e+02
-4.188394534573731676e+02
6.523833137929482007e+01
4.301678143273453259e+01
2.400366755370852090e+01
-2.622640591183807828e+03
-4.357015339216943062e+02
-4.277444046092705321e+02
6.941328698336792513e+01
4.592331772763603226e+01
2.542601521751127791e+01
-2.788874938521285458e+03
-4.383418706644753229e+02
-4.314667335700704598e+02
6.556042350100183569e+01
4.307307391516368966e+01
2.436789858053689528e+01
-2.640193974886249180e+03
-4.324438827574980451e+02
-4.233046244659232684e+02
6.508119264912706115e+01
4.303904818718120850e+01
2.387821064282248074e+01
-2.586425505668260030e+03
-3.916075606567783325e+02
-3.843958161493981152e+02
6.508721163064207360e+01
4.297931661206477827e+01
2.391936543031276940e+01
-2.478379165298323642e+03
-4.328300278156636409e+02
-4.262710073253277301e+02
6.718991816146792928e+01
4.455800138240918784e+01
2.455239638452591322e+01
-2.499570308083227246e+03
-4.603829282080085363e+02
-4.430898051491906813e+02
6.343237291239250197e+01
4.220245905222969895e+01
2.301594523475246490e+01
-2.413374428357341912e+03
-4.145587145101535498e+02
-4.072039237587388811e+02
6.855866937587923360e+01
4.541020003946845662e+01
2.510502738583714688e+01
-2.745994972103149394e+03
-4.045886307984131349e+02
-3.926613458338475198e+02
6.678031534028650640e+01
4.383804348859448652e+01
2.481737232402342741e+01
-2.635010192185637607e+03
-4.675947340672515224e+02
-4.474658822857403493e+02
6.776434830111290353e+01
4.475460624216148631e+01
2.490068594238493560e+01
-2.659838736452906687e+03
-4.017949894674013080e+02
-3.912296550075813570e+02
6.573262486490278889e+01
4.357037994281802185e+01
2.400107854005602803e+01
-2.503043843447330346e+03
-4.378891278317752267e+02
-4.231239463176054301e+02
6.479462627501527550e+01
4.260986438376141194e+01
2.406146910963658314e+01
-2.434623330269467715e+03
-4.129884043323077663e+02
-3.981167746749561616e+02
6.583473860768988573e+01
4.303739950877878329e+01
2.462899310177872891e+01
-2.561917157967215189e+03
-4.102604149168541312e+02
-4.004529228439132567e+02
6.530807288044839254e+01
4.295572906036907312e+01
2.418525060544342153e+01
-2.425430685229356641e+03
-3.907582926485671351e+02
-3.811890329713452843e+02
6.887554860340365792e+01
4.549578160476441013e+01
2.530554162643241511e+01
-2.746971848739680354e+03
-4.105355704821220115e+02
-3.848591802575661518e+02
6.704043078500180286e+01
4.433244161823937901e+01
2.462699694066193956e+01
-2.635148931438712680e+03
-4.197955605699225430e+02
-4.032489038398822458e+02
6.535214519835494684e+01
4.342250448847514832e+01
2.376749472806360686e+01
-2.581356797880019258e+03
-4.719139967253836971e+02
-4.530603571724033145e+02
6.432999321596527409e+01
4.230001681127891544e+01
2.384748271141482689e+01
-2.420678039531184368e+03
-3.927930741853886616e+02
-3.815716365733146631e+02
