0.000000000000000000e+00
9.053248282708418060e+01
-4.495682945754745560e+03
-4.677404434185363584e+02
-4.443245131693195731e+02
-4.329040591489315943e+02
2.222222222222222321e+00
7.651180588406620586e+01
-3.326396338347838991e+03
-4.601749929715525127e+02
-4.402795552832571957e+02
-4.315181956990056165e+02
4.444444444444444642e+00
4.630067795066136682e+01
-1.472138995654173641e+03
-4.348694650531221555e+02
-4.385316549270533528e+02
-4.304341845260842661e+02
6.666666666666666963e+00
3.706067017506531869e+01
-1.087555421091622748e+03
-4.330789335477850841e+02
-4.378360298711800738e+02
-4.305657723874044223e+02
8.888888888888889284e+00
3.589737501032911382e+01
-1.041878320939341165e+03
-4.309982591645406274e+02
-4.354745971146534771e+02
-4.283734615578503053e+02
1.111111111111111072e+01
2.623532393939834861e+01
-7.470957638944346400e+02
-4.333624451210649227e+02
-4.383931672605922927e+02
-4.304626349291442580e+02
1.333333333333333393e+01
1.841096995362048361e+01
-5.713664512397170938e+02
-4.306975769141074579e+02
-4.376947278327020285e+02
-4.296216844557130798e+02
1.555555555555555713e+01
1.785623761790506236e+01
-5.614503067300370276e+02
-4.301212262907763488e+02
-4.353601500701267923e+02
-4.299874861527459302e+02
1.777777777777777857e+01
1.710990359266774163e+01
-5.485220267490195738e+02
-4.301215024575899974e+02
-4.348635344257637030e+02
-4.293067007469122132e+02
2.000000000000000000e+01
1.376954925764052540e+01
-4.961087988673990026e+02
-4.291539681048138277e+02
-4.311530980749440687e+02
-4.275990837750248943e+02
