7.380504641589733694e+01
6.896818294567732721e+01
5.327219926507705594e+01
-3.140929785972855370e+03
-4.443074021912339617e+02
-4.295944355185171730e+02
6.135153514358676574e+01
2.786263391628166275e+01
4.631412609820169024e+01
-2.251877534979584198e+03
-4.341945798228812805e+02
-3.732200011226877905e+02
7.092704810808699278e+01
5.200084671947558235e+01
2.347270910037642100e+00
-2.859461111943479409e+03
-4.886398681985024837e+02
-3.598373132265874688e+02
7.743022216702753724e+01
6.451231041037218006e+01
5.913373861936965881e+01
-3.384116947368237106e+03
-4.838306441058244900e+02
-4.085644964682987279e+02
1.133959779471329483e+02
1.085426236713267087e+02
3.336133059749227669e+01
-6.811158841938537080e+03
-4.133353079473375828e+02
-3.868841126461063595e+02
1.063721142375312070e+02
1.027195196979042180e+02
1.021278154829209797e+02
-6.024638490040707438e+03
-5.468521082979000312e+02
-4.152277192211421379e+02
1.271710262130319222e+02
1.236533385401974954e+02
1.171882033911011405e+02
-8.487696985215652603e+03
-5.031559041499863270e+02
-4.213194142802158808e+02
1.816252773996552605e+01
5.025875744125682942e+00
8.879516719622582599e+00
-5.505707338962583890e+02
-4.373429352798219156e+02
-3.900524657205716608e+02
4.527191072803772443e+01
4.247623680470698559e+01
-2.921895602912237422e+01
-1.367872631767035045e+03
-3.916376863440531793e+02
-3.501060393560305215e+02
9.103061583766958620e+01
8.865494713382199166e+01
1.566638985028825459e+01
-4.537628241416752644e+03
-4.122134214949546731e+02
-4.014440743747786655e+02
4.985157657279741272e+01
4.929650634668936249e+01
-3.933636510174281398e+01
-1.591768201953559583e+03
-3.732081075046237402e+02
-3.563391791899780401e+02
1.428819419937033217e+02
1.385187913677026472e+02
1.384198916251383764e+02
-1.058318215659144334e+04
-6.069886075940779619e+02
-4.182070204195680390e+02
7.038109686675144872e+01
6.646405341529536770e+01
4.267390207129994195e+01
-2.896982977317879431e+03
-4.406275207934133959e+02
-4.300283912394837671e+02
4.760922240525280813e+01
3.383383431960074716e+01
1.683469830994908989e+01
-1.508913164227670904e+03
-4.105620159643411284e+02
-3.826765458788864862e+02
8.075623162775387698e+01
8.003392011921167182e+01
-2.242743482720934978e+01
-3.659471238170366178e+03
-4.248418828504175053e+02
-4.203262221863419086e+02
5.542146373466243148e+01
4.457098988011864549e+01
5.461955964385063567e+01
-1.949918983418984453e+03
-5.342175277469658567e+02
-4.211440858393382314e+02
9.194890029673751997e+01
8.516907177073125013e+01
2.615389978741644228e+01
-4.612672494059642304e+03
-4.352568284511631873e+02
-4.033516467053730707e+02
1.034348342948550226e+02
1.009773627805363247e+02
9.836168758335830375e+01
-5.708759169027678581e+03
-4.437042350887203952e+02
-3.665739089738142411e+02
9.752713880093436671e+01
9.695373109154027702e+01
-2.856798634138879223e+01
-5.142322177435397862e+03
-4.071889171321461163e+02
-4.002703141919715222e+02
6.595983406030397589e+01
5.572473892742505797e+01
-9.533122280039606267e+00
-2.580389009804991019e+03
-4.806764697862818139e+02
-4.131156713699650709e+02
2.584381280330726938e+01
2.434420920380535591e+01
-1.732528315790797890e+01
-7.307158232653191590e+02
-4.153110822381573257e+02
-3.998441609471360607e+02
1.405538220797836004e+02
1.373507065250459505e+02
1.236976118082777276e+02
-1.024723274875616517e+04
-4.499373650867086099e+02
-4.355884653525533849e+02
8.351016640571528171e+01
7.682681964986591083e+01
4.029880359929158118e+01
-3.892124467193204509e+03
-4.745137896984570034e+02
-4.373612020499933237e+02
6.102220055648461283e+01
5.550160132546010061e+01
-3.789615979501395060e+01
-2.292291442558110703e+03
-5.649639517592687525e+02
-4.358801574951236262e+02
8.750976048624488612e+01
8.395318786070404826e+01
7.848868809994061735e+01
-4.228018066470064696e+03
-4.534190079071721584e+02
-4.134529500211507411e+02
9.441247516937691842e+01
9.198668206941360381e+01
6.427426412450664372e+01
-4.828038123876201098e+03
-3.994853235149261081e+02
-3.869329121474409590e+02
7.224970253197651004e+01
6.408403027109307004e+01
7.099696848887120382e+01
-2.988760666774677247e+03
-5.923279052065737460e+02
-3.832190580103915636e+02
1.415891120341632643e+02
1.342946435589924761e+02
1.277911565395468045e+02
-1.041049638780886380e+04
-4.939117579362674633e+02
-4.049771530806630153e+02
3.921784039821800860e+01
3.358787825327446086e+01
-1.959286271242349997e+01
-1.154861657253694830e+03
-4.713402246609853137e+02
-3.923478862800573665e+02
6.519328591454743105e+01
3.830031263501187766e+01
6.258688611349325015e+01
-2.516200429490726037e+03
-5.089901124015216851e+02
-3.955124877527542822e+02
5.884581602002598544e+01
4.292535859413545296e+01
1.880853451184369263e+01
-2.092357084245455553e+03
-4.189235216268015733e+02
-3.669738445083654028e+02
4.381709026616751146e+01
1.118900794827716538e+01
3.237223925471712249e+01
-1.350185110672488008e+03
-5.079144212750283032e+02
-3.969616989252573944e+02
4.045313193889417391e+01
4.115722947301719614e+00
2.187378343850632234e+01
-1.203074733260480798e+03
-4.825950268568314527e+02
-3.956182533847539275e+02
8.445925695942744937e+01
7.752081497671227339e+01
7.977620858879198806e+01
-3.962871635453300314e+03
-4.864603137664104793e+02
-3.993668986635956344e+02
1.061308727652389905e+02
1.017194773885765926e+02
9.717641906768162130e+01
-6.008097612392713927e+03
-4.691798034896702916e+02
-3.858998498513857953e+02
6.605857881724411129e+01
4.491154780043669348e+01
1.270033882699543248e+01
-2.564741316265902697e+03
-6.010513245942273670e+02
-4.037301668430364430e+02
8.150825507729982178e+01
7.787516382319014951e+01
7.311881678283390329e+01
-3.696683623746003377e+03
-4.267295459835530096e+02
-3.988528467638811321e+02
1.043474164196275069e+02
9.541374387411113389e+01
8.217910857076068964e+01
-5.855558059368508111e+03
-4.646624345543162349e+02
-4.312682975731826218e+02
5.384969197150235232e+01
3.044636342343600788e+01
1.129632606325269606e+01
-1.824750793293929291e+03
-4.649954182427955516e+02
-3.857152250253097918e+02
3.835348812743455227e+01
-5.782161027952177790e+00
2.946774664966115154e+01
-1.147679469413058541e+03
-4.777565840469425780e+02
-4.178390503754463339e+02
1.071417672438557105e+02
1.022497601255271178e+02
8.025394997052467261e+01
-6.133293045913882452e+03
-4.261463633913072044e+02
-4.119357148459571931e+02
5.384860431921266866e+01
5.335583487680008830e+01
-4.120258227701938125e+01
-1.838734772769926167e+03
-4.091425702971354212e+02
-4.003941805034918389e+02
7.011738573778826833e+01
5.613495571844004672e+01
5.311200223384264518e+01
-2.815829314341409372e+03
-4.649154007219279379e+02
-3.708928880843630509e+02
7.441128160788396428e+01
6.666441178133058543e+01
7.250571541776618290e+01
-3.185370857509672987e+03
-5.414019862726244128e+02
-4.189939047397597847e+02
9.063998012838932539e+01
8.782427205006912629e+01
8.580320265132289137e+01
-4.531024819428122100e+03
-4.945064084125293675e+02
-4.268648896974092395e+02
7.181133050328556067e+01
5.925141047381049475e+01
-7.102739294624639932e+00
-2.967383035349336296e+03
-4.977631321197837906e+02
-3.974286956972787266e+02
1.374555339272304479e+02
1.295216482116767622e+02
1.244461300246588706e+02
-9.853709904833061955e+03
-5.472638871074773306e+02
-4.655846365563053837e+02
1.235696210717807872e+02
1.192237349316995108e+02
1.196088638880900987e+02
-8.031444122749628150e+03
-5.630355834915952755e+02
-4.103972577419330037e+02
5.744738646875082821e+01
5.696593392132341904e+01
5.156482718565008838e+01
-2.043666897463520399e+03
-4.089231758941829753e+02
-4.058720977188933716e+02
1.077097418860759319e+02
1.030545720898474258e+02
9.973402299553443129e+01
-6.190983242396256173e+03
-4.725930765978609429e+02
-4.229429933185479058e+02
4.636806487895560025e+01
1.040246401963393375e+01
2.128254294017865078e+01
-1.430233522004587257e+03
-5.125457114623005737e+02
-3.684970396649683266e+02
6.886499563042555394e+01
6.082104427456999929e+01
1.241844295210043647e+01
-2.798543398075154073e+03
-4.724751994189369952e+02
-4.407863933183191421e+02
6.193358962812806112e+01
4.670226163955653931e+01
5.183946124261997568e+01
-2.294177049360820547e+03
-5.158290573139461230e+02
-3.802352351816319924e+02
2.720312639054763082e+01
-1.563576998991631939e+00
2.021743560644994275e+01
-7.655658404733259204e+02
-4.188314084139819329e+02
-4.002840160297953389e+02
7.618666106895348378e+01
7.475826376061648659e+01
2.583130435981928841e+01
-3.294767617598195557e+03
-3.989213104893088939e+02
-3.968009164365838615e+02
4.128581458719440178e+01
4.029214195878537197e+01
-3.163433023045825365e+01
-1.267049059905443073e+03
-4.368397742100629557e+02
-4.167088481611393149e+02
1.657254060591043299e+01
9.234064113618606129e+00
5.072555843903436390e+00
-5.352825778704039976e+02
-4.164030501226038723e+02
-4.013616438078888677e+02
4.856832478662699515e+01
4.637548430468073235e+01
-7.082349461060846174e+00
-1.566642844849037601e+03
-4.035015065498649278e+02
-3.918120436256764378e+02
6.302038303269796415e+01
5.764657444152851440e+01
-3.310313170599431487e+01
-2.381354312919242147e+03
-4.573958725830925118e+02
-3.994831624095372717e+02
6.281961023105194641e+01
4.964632660670432074e+01
1.961113512884472954e+01
-2.372894030895111882e+03
-4.556300186031231760e+02
-4.145168429729389459e+02
9.862353832733387549e+01
8.794746721294056613e+01
8.350109845088843485e+01
-5.265786362554261359e+03
-4.729829367168243266e+02
-4.085633909126557910e+02
7.701478295120533346e+01
7.364644161236446962e+01
3.708733947619641924e+01
-3.357262257942767974e+03
-4.211941323424952088e+02
-3.981999615880811803e+02
9.636201489942635590e+01
8.555171715379935904e+01
7.236141412328113631e+01
-5.056370147649763567e+03
-4.747969572202001700e+02
-4.470342267614406637e+02
1.132942270673871263e+02
9.883467217875546851e+01
8.577954028860220603e+01
-6.780155404563563025e+03
-5.227157760784429001e+02
-4.130300724898945077e+02
6.812846709178192839e+01
6.500405785628734634e+01
-1.219432986861014356e+01
-2.740131373838974469e+03
-4.449369234387101528e+02
-4.309021526594995066e+02
9.220210194281115434e+01
8.077562354761275287e+01
5.251288379952752905e+01
-4.613390255789772709e+03
-4.095131270506556120e+02
-3.762136664275900557e+02
6.235413143858394847e+01
3.887738324820837477e+01
1.477530423250551728e+01
-2.330631090140067954e+03
-5.168460655583888865e+02
-3.899566258232688369e+02
9.278937663791079160e+01
8.478157126144921563e+01
8.170687346679993368e+01
-4.682383670385755067e+03
-4.297509544473305141e+02
-3.876341017896369294e+02
1.457917778179333652e+02
1.403372678301321912e+02
1.352027900577526225e+02
-1.098191540580646506e+04
-4.623800899827961643e+02
-3.775885999884208672e+02
5.328217894722487102e+01
3.354664948728235885e+01
3.916803684543515374e+01
-1.790451968092238303e+03
-4.035946935221932108e+02
-3.773291792869910068e+02
1.215316809745569913e+02
1.178608946672616185e+02
1.073073201928359168e+02
-7.786514274229867624e+03
-4.532092895407062088e+02
-4.124637928559648685e+02
2.639916898725829952e+01
1.943092500447017912e+01
1.826614943767111088e+00
-7.306937630750910557e+02
-3.996934198100004778e+02
-3.856408680167857597e+02
9.908900366125506309e+01
9.290999584208863382e+01
9.706207133837666845e+01
-5.284834834992882861e+03
-6.350163732043238269e+02
-4.188893666474046427e+02
7.665038359607406449e+01
6.614409703620624725e+01
5.264382302547794268e+01
-3.358149440259753646e+03
-4.684445007762951718e+02
-4.366169844337728136e+02
1.044710667519631784e+02
1.010510900050028908e+02
3.087775747437815355e+01
-5.794766950029062173e+03
-3.574450334534925560e+02
-3.436809046966230312e+02
3.080753030407951698e+01
2.642740900237403778e+01
-1.304698538342209169e+01
-8.942379499515014913e+02
-4.632391453945458579e+02
-4.221312915507330672e+02
9.737593392623085720e+01
7.895087914931316675e+01
6.096404059955410304e+01
-5.138502058267049506e+03
-4.604486302408367351e+02
-4.038539636284957624e+02
1.225386249602023270e+02
1.192578254912706512e+02
1.042432524592988159e+02
-7.903731015025960914e+03
-4.281791513750197851e+02
-4.050545967518791599e+02
4.953348809556158727e+01
4.848853513193446219e+01
4.246834257295319759e+01
-1.597354418806287640e+03
-3.838406168617310072e+02
-3.773503790546761252e+02
9.416999450577915809e+01
9.121616455643986399e+01
8.663446454181342915e+01
-4.818835153141880255e+03
-4.611708421791458932e+02
-3.918184748852928578e+02
4.476651134569460311e+01
7.237288862696949820e+00
3.461093440962852696e+01
-1.361626494962848028e+03
-5.234149926065314276e+02
-3.677175962790543053e+02
3.392516619759779672e+01
2.960119805531519432e+01
-6.429545569502782776e+00
-9.472455399779518075e+02
-3.985155786183358941e+02
-3.761615432202755755e+02
4.322432976078781053e+01
2.978277973179658389e+01
2.430176691880435946e+00
-1.359371246663221882e+03
-5.607184562406785062e+02
-4.403379633957601982e+02
8.117529226144498011e+01
7.670302012294041560e+01
-1.823691665467685752e+01
-3.678832532886151512e+03
-4.495597910707953702e+02
-4.034579804626570763e+02
7.810606005101494986e+01
6.961737914353767565e+01
7.089488846761997820e+01
-3.439700391420237793e+03
-4.658229758627055048e+02
-4.102059538016496845e+02
7.628979349250782604e+01
6.337604520536412167e+01
3.989045498955584179e+01
-3.306189108101591046e+03
-4.806721030569838717e+02
-4.220657972954172692e+02
1.025402385024635663e+02
1.014290679917592968e+02
9.473243293660203790e+01
-5.668722568297804173e+03
-5.032713869832229534e+02
-4.908328422147301922e+02
3.243978127089658159e+01
-7.191426032452409522e+00
2.491141796540479803e+01
-9.047158109018033656e+02
-4.779535902012087831e+02
-3.936963679800604154e+02
1.208740520275558481e+02
1.181157065209097823e+02
9.825547718934410568e+01
-7.703117542595048690e+03
-4.477870026838543254e+02
-4.204850080650084010e+02
3.971586424926542236e+01
3.311316753019158199e+01
-8.617437916142140608e+00
-1.180144072216231052e+03
-4.373885288710164332e+02
-3.941312143858822310e+02
9.027693394333877563e+01
7.615944973218699943e+01
6.401857813264882680e+01
-4.461052756268944904e+03
-4.396962668429143264e+02
-3.877503824715740279e+02
1.649648185513022156e+02
1.614411841468379123e+02
1.567562751207092617e+02
-1.399189973789536998e+04
-5.375681330872620265e+02
-4.183089646719384405e+02
8.227202255598312775e+01
6.546788715939101166e+01
7.435887352556200369e+01
-3.774221616862874271e+03
-4.962562290911764649e+02
-4.081346084163042178e+02
1.371542721069181141e+02
1.301161833828707302e+02
1.296752849618704602e+02
-9.810284126643402487e+03
-6.709738095968135667e+02
-5.342939908715701449e+02
7.635853541164055969e+01
6.166250577063981808e+01
6.425326571290369770e+01
-3.315099086519204775e+03
-4.644639021913980059e+02
-4.048896790595081256e+02
5.228183977470182242e+01
4.253158099946802650e+01
3.833867291373483255e+01
-1.735624635949345475e+03
-4.006351642405199982e+02
-3.808131164476981780e+02
7.124057764390511238e+01
6.303900622472952620e+01
7.098201090484472786e+01
-2.915149878891572826e+03
-6.069779551628170111e+02
-3.809853719032728918e+02
8.297320800015761222e+01
6.742853246589368155e+01
4.034439836073590868e+01
-3.845578782898502595e+03
-5.019228956602914877e+02
-4.182609554634313440e+02
3.974903893793539567e+01
3.908405069845160540e+01
-3.056559423451813018e+01
-1.192704787497935513e+03
-4.084460583341736992e+02
-4.045438708125196854e+02
7.067040152507900075e+01
6.944241354625710017e+01
-3.782549373849103347e+01
-2.893048912306837337e+03
-4.076596282782829235e+02
-4.011381177731985304e+02
