1.132604868329839576e+02
-6.803415863316238756e+03
-4.246252566581945302e+02
-6.635923731699833752e+02
-4.225119462108394828e+02
-4.218783498861504313e+02
3.977591036414565746e-03
3.201280512204882138e-05
8.043217286914766326e-03
1.271708683473389383e-02
1.132604868329839576e+02
-6.803415863316238756e+03
-4.246252566581945302e+02
-6.635923731699833752e+02
-4.225119462108394828e+02
-4.218783498861504313e+02
3.977591036414565746e-03
3.201280512204882138e-05
8.043217286914766326e-03
1.271708683473389383e-02
1.000178364591889988e+02
-5.409333216362188978e+03
-5.044496561895727496e+02
-5.100818073876492349e+02
-5.013314700128990467e+02
-4.999939224614777231e+02
3.025210084033613366e-03
1.920768307322929147e-04
1.206882753101240491e-02
2.032813125250100203e-02
1.000178364591889988e+02
-5.409333216362188978e+03
-5.044496561895727496e+02
-5.100818073876492349e+02
-5.013314700128990467e+02
-4.999939224614777231e+02
3.025210084033613366e-03
1.920768307322929147e-04
1.206882753101240491e-02
2.032813125250100203e-02
1.083807598155219836e+02
-6.283508072803559116e+03
-4.249032834689623428e+02
-1.261542259154082785e+03
-4.212545172655715646e+02
-4.190941544029307124e+02
1.040416166466586644e-04
7.202881152460984980e-05
4.241696678671468511e-04
1.256502601040416275e-03
1.083807598155219836e+02
-6.283508072803559116e+03
-4.249032834689623428e+02
-1.261542259154082785e+03
-4.212545172655715646e+02
-4.190941544029307124e+02
1.040416166466586644e-04
7.202881152460984980e-05
4.241696678671468511e-04
1.256502601040416275e-03
1.175886401322617871e+02
-7.336911404103928362e+03
-4.277503908324644044e+02
-6.809604325837950682e+02
-4.279895559275848314e+02
-4.285683784009602846e+02
1.792717086834733943e-03
3.201280512204882138e-05
8.139255702280911997e-03
1.338135254101640616e-02
1.175886401322617871e+02
-7.336911404103928362e+03
-4.277503908324644044e+02
-6.809604325837950682e+02
-4.279895559275848314e+02
-4.285683784009602846e+02
1.792717086834733943e-03
3.201280512204882138e-05
8.139255702280911997e-03
1.338135254101640616e-02
1.273179223453622910e+02
-8.536303062172237333e+03
-4.544882494404120052e+02
-9.426255031099116195e+02
-4.533437808240914819e+02
-4.525597912578229511e+02
9.683873549419767671e-04
2.400960384153661434e-05
4.121648659463785121e-03
1.240496198479391736e-02
1.273179223453622910e+02
-8.536303062172237333e+03
-4.544882494404120052e+02
-9.426255031099116195e+02
-4.533437808240914819e+02
-4.525597912578229511e+02
9.683873549419767671e-04
2.400960384153661434e-05
4.121648659463785121e-03
1.240496198479391736e-02
1.085228747373214730e+02
-6.278733369754444539e+03
-6.102191260394126857e+02
-1.346944003774222892e+03
-6.066918914190971464e+02
-6.034774637481623358e+02
3.873549419767907068e-03
9.603841536614645736e-05
8.795518207282913489e-03
1.964785914365746455e-02
1.085228747373214730e+02
-6.278733369754444539e+03
-6.102191260394126857e+02
-1.346944003774222892e+03
-6.066918914190971464e+02
-6.034774637481623358e+02
3.873549419767907068e-03
9.603841536614645736e-05
8.795518207282913489e-03
1.964785914365746455e-02
1.292368567857877508e+02
-8.744114549662850550e+03
-4.318215707138037374e+02
-1.637750063440948679e+03
-4.311690432030660531e+02
-4.297498877355153013e+02
9.603841536614645736e-05
8.003201280512204328e-05
4.001600640256102706e-04
1.520608243297318822e-03
1.292368567857877508e+02
-8.744114549662850550e+03
-4.318215707138037374e+02
-1.637750063440948679e+03
-4.311690432030660531e+02
-4.297498877355153013e+02
9.603841536614645736e-05
8.003201280512204328e-05
4.001600640256102706e-04
1.520608243297318822e-03
9.179718210090844366e+01
-4.642455344025489467e+03
-4.461952051458201822e+02
-4.518704507701056627e+02
-4.438746828342412414e+02
-4.430212548571798834e+02
3.185274109643857453e-03
2.080832332933173288e-04
1.350140056022408955e-02
2.087234893957582924e-02
9.179718210090844366e+01
-4.642455344025489467e+03
-4.461952051458201822e+02
-4.518704507701056627e+02
-4.438746828342412414e+02
-4.430212548571798834e+02
3.185274109643857453e-03
2.080832332933173288e-04
1.350140056022408955e-02
2.087234893957582924e-02
1.094905929493700540e+02
-6.397690197084096326e+03
-4.294800447747830958e+02
-8.476127581184766768e+02
-4.297405574234670098e+02
-4.289731438460595427e+02
3.865546218487394929e-03
4.801920768307322868e-05
1.692677070828331465e-02
2.706682673069227621e-02
1.094905929493700540e+02
-6.397690197084096326e+03
-4.294800447747830958e+02
-8.476127581184766768e+02
-4.297405574234670098e+02
-4.289731438460595427e+02
3.865546218487394929e-03
4.801920768307322868e-05
1.692677070828331465e-02
2.706682673069227621e-02
1.099948715595158291e+02
-6.450124952127155666e+03
-4.174838361227467090e+02
-7.183215536575929718e+02
-4.131302009622213518e+02
-4.107012696108890850e+02
5.202080832332932813e-04
1.280512204881952855e-04
2.040816326530612429e-03
1.200480192076830779e-02
1.099948715595158291e+02
-6.450124952127155666e+03
-4.174838361227467090e+02
-7.183215536575929718e+02
-4.131302009622213518e+02
-4.107012696108890850e+02
5.202080832332932813e-04
1.280512204881952855e-04
2.040816326530612429e-03
1.200480192076830779e-02
7.997043212262838097e+01
-3.599457699841322665e+03
-4.148228433011763627e+02
-4.172305324788074472e+02
-4.120647279919841708e+02
-4.111056738380417528e+02
3.689475790316126564e-03
2.240896358543417429e-04
1.623849539815926460e-02
2.101640656262504861e-02
7.997043212262838097e+01
-3.599457699841322665e+03
-4.148228433011763627e+02
-4.172305324788074472e+02
-4.120647279919841708e+02
-4.111056738380417528e+02
3.689475790316126564e-03
2.240896358543417429e-04
1.623849539815926460e-02
2.101640656262504861e-02
1.214888314776507059e+02
-7.765108229620124803e+03
-4.097972724428858555e+02
-1.246878082677045541e+03
-4.099679540712166386e+02
-4.085686208644995077e+02
1.680672268907563072e-04
9.603841536614645736e-05
7.202881152460983896e-04
2.721088435374149472e-03
1.214888314776507059e+02
-7.765108229620124803e+03
-4.097972724428858555e+02
-1.246878082677045541e+03
-4.099679540712166386e+02
-4.085686208644995077e+02
1.680672268907563072e-04
9.603841536614645736e-05
7.202881152460983896e-04
2.721088435374149472e-03
9.032518090427174684e+01
-4.472203100738289322e+03
-4.085675609463555702e+02
-5.302408613740959709e+02
-4.053380430178960978e+02
-4.044122780845204943e+02
7.843137254901960459e-04
1.200480192076830785e-04
3.297318927571028270e-03
1.285314125650260063e-02
9.032518090427174684e+01
-4.472203100738289322e+03
-4.085675609463555702e+02
-5.302408613740959709e+02
-4.053380430178960978e+02
-4.044122780845204943e+02
7.843137254901960459e-04
1.200480192076830785e-04
3.297318927571028270e-03
1.285314125650260063e-02
1.297277403779688996e+02
-8.825047428157153263e+03
-4.250805906747535801e+02
-9.760094372827461484e+02
-4.228722224417001598e+02
-4.211059832429232870e+02
3.521408563425370013e-04
1.440576230492196996e-04
1.392557022809123727e-03
7.571028411364546205e-03
1.297277403779688996e+02
-8.825047428157153263e+03
-4.250805906747535801e+02
-9.760094372827461484e+02
-4.228722224417001598e+02
-4.211059832429232870e+02
3.521408563425370013e-04
1.440576230492196996e-04
1.392557022809123727e-03
7.571028411364546205e-03
9.268450314715137495e+01
-4.705999310174506718e+03
-4.455475881994927931e+02
-5.563093715690068848e+02
-4.456906199613928266e+02
-4.448413595472505904e+02
2.897158863545418270e-03
4.001600640256102164e-05
1.272509003601440640e-02
2.596238495398159318e-02
9.268450314715137495e+01
-4.705999310174506718e+03
-4.455475881994927931e+02
-5.563093715690068848e+02
-4.456906199613928266e+02
-4.448413595472505904e+02
2.897158863545418270e-03
4.001600640256102164e-05
1.272509003601440640e-02
2.596238495398159318e-02
9.302511680740965971e+01
-4.712264288369117821e+03
-3.978083611434169597e+02
-8.412766542855464422e+02
-3.965407900003623922e+02
-3.955002466322929990e+02
3.577430972388955747e-03
9.603841536614645736e-05
1.504601840736294500e-02
2.493797519007602895e-02
9.302511680740965971e+01
-4.712264288369117821e+03
-3.978083611434169597e+02
-8.412766542855464422e+02
-3.965407900003623922e+02
-3.955002466322929990e+02
3.577430972388955747e-03
9.603841536614645736e-05
1.504601840736294500e-02
2.493797519007602895e-02
1.106769548983611884e+02
-6.513417187514170109e+03
-4.134865192821754363e+02
-6.047520801772924415e+02
-4.126074602091742918e+02
-4.119462241983425201e+02
3.817527010804321660e-03
4.801920768307322868e-05
1.286914765906362577e-02
2.058423369347739049e-02
1.106769548983611884e+02
-6.513417187514170109e+03
-4.134865192821754363e+02
-6.047520801772924415e+02
-4.126074602091742918e+02
-4.119462241983425201e+02
3.817527010804321660e-03
4.801920768307322868e-05
1.286914765906362577e-02
2.058423369347739049e-02
1.227283188694675857e+02
-7.922540154835092835e+03
-4.027166010452453975e+02
-5.836492739959177243e+02
-4.020014503262301560e+02
-4.025197135053044803e+02
1.064425770308123197e-03
2.400960384153661434e-05
4.393757503001200458e-03
1.300520208083233258e-02
1.227283188694675857e+02
-7.922540154835092835e+03
-4.027166010452453975e+02
-5.836492739959177243e+02
-4.020014503262301560e+02
-4.025197135053044803e+02
1.064425770308123197e-03
2.400960384153661434e-05
4.393757503001200458e-03
1.300520208083233258e-02
1.132508787015952549e+02
-6.807596199330148920e+03
-4.179355831710842608e+02
-4.705601230205912771e+02
-4.182754557567852771e+02
-4.174407233440767868e+02
2.448979591836734568e-03
3.201280512204882138e-05
1.060424169667867171e-02
1.921568627450980296e-02
1.132508787015952549e+02
-6.807596199330148920e+03
-4.179355831710842608e+02
-4.705601230205912771e+02
-4.182754557567852771e+02
-4.174407233440767868e+02
2.448979591836734568e-03
3.201280512204882138e-05
1.060424169667867171e-02
1.921568627450980296e-02
9.304063959608102152e+01
-4.717638346430634556e+03
-3.954515712260467808e+02
-4.333122403199321298e+02
-3.945187552937023838e+02
-3.936713308548238501e+02
2.168867547018807525e-03
3.201280512204882138e-05
9.571828731492596637e-03
1.603041216486594811e-02
9.304063959608102152e+01
-4.717638346430634556e+03
-3.954515712260467808e+02
-4.333122403199321298e+02
-3.945187552937023838e+02
-3.936713308548238501e+02
2.168867547018807525e-03
3.201280512204882138e-05
9.571828731492596637e-03
1.603041216486594811e-02
1.241212168640578852e+02
-8.065240092723712223e+03
-3.851519927529830625e+02
-1.162422497892593810e+03
-3.837505866468279123e+02
-3.823270970353894995e+02
1.760704281712685006e-04
8.803521408563425032e-05
7.202881152460983896e-04
3.073229291716686636e-03
1.241212168640578852e+02
-8.065240092723712223e+03
-3.851519927529830625e+02
-1.162422497892593810e+03
-3.837505866468279123e+02
-3.823270970353894995e+02
1.760704281712685006e-04
8.803521408563425032e-05
7.202881152460983896e-04
3.073229291716686636e-03
1.233750060677354128e+02
-8.012835144621671134e+03
-4.479479297376248041e+02
-9.681019282289764760e+02
-4.467436661960127822e+02
-4.442852036599834378e+02
3.041216486594637862e-04
1.120448179271708714e-04
1.296518607442977188e-03
6.482593037214885723e-03
1.233750060677354128e+02
-8.012835144621671134e+03
-4.479479297376248041e+02
-9.681019282289764760e+02
-4.467436661960127822e+02
-4.442852036599834378e+02
3.041216486594637862e-04
1.120448179271708714e-04
1.296518607442977188e-03
6.482593037214885723e-03
1.095224192893666242e+02
-6.399041153752622449e+03
-5.176062962112125660e+02
-9.200880871658853266e+02
-5.183266017070775433e+02
-5.125441233759567012e+02
3.481392557022809208e-03
5.602240896358543572e-05
9.267707082833132742e-03
1.925570228091236583e-02
1.095224192893666242e+02
-6.399041153752622449e+03
-5.176062962112125660e+02
-9.200880871658853266e+02
-5.183266017070775433e+02
-5.125441233759567012e+02
3.481392557022809208e-03
5.602240896358543572e-05
9.267707082833132742e-03
1.925570228091236583e-02
1.267319177405259580e+02
-8.372384636018061428e+03
-3.929411358832699079e+02
-9.241016255475192338e+02
-3.929576555023900823e+02
-3.885417506923205337e+02
3.121248499399759796e-04
1.120448179271708714e-04
1.280512204881952693e-03
5.722288915566226854e-03
1.267319177405259580e+02
-8.372384636018061428e+03
-3.929411358832699079e+02
-9.241016255475192338e+02
-3.929576555023900823e+02
-3.885417506923205337e+02
3.121248499399759796e-04
1.120448179271708714e-04
1.280512204881952693e-03
5.722288915566226854e-03
9.938179970443241018e+01
-5.341061738398363559e+03
-4.159053307121031935e+02
-6.804887014689462603e+02
-4.147932390469752022e+02
-4.124643391980642377e+02
4.401760704281712923e-04
9.603841536614645736e-05
1.816726690676270578e-03
1.012404961984793988e-02
9.938179970443241018e+01
-5.341061738398363559e+03
-4.159053307121031935e+02
-6.804887014689462603e+02
-4.147932390469752022e+02
-4.124643391980642377e+02
4.401760704281712923e-04
9.603841536614645736e-05
1.816726690676270578e-03
1.012404961984793988e-02
1.031144019940000618e+02
-5.693255902199683987e+03
-3.972851155401777419e+02
-4.157835108473448713e+02
-3.962784338052543376e+02
-3.954336656592406030e+02
2.977190876350540097e-03
4.801920768307322868e-05
1.257302921168467445e-02
2.078431372549019440e-02
1.031144019940000618e+02
-5.693255902199683987e+03
-3.972851155401777419e+02
-4.157835108473448713e+02
-3.962784338052543376e+02
-3.954336656592406030e+02
2.977190876350540097e-03
4.801920768307322868e-05
1.257302921168467445e-02
2.078431372549019440e-02
1.186018273993276324e+02
-7.412118804723173525e+03
-4.139241856486224833e+02
-7.577413927843509782e+02
-4.145281732332165916e+02
-4.162916597718100320e+02
1.216486594637855145e-03
1.600640256102441069e-05
5.178071228491396179e-03
8.867547018807523176e-03
1.186018273993276324e+02
-7.412118804723173525e+03
-4.139241856486224833e+02
-7.577413927843509782e+02
-4.145281732332165916e+02
-4.162916597718100320e+02
1.216486594637855145e-03
1.600640256102441069e-05
5.178071228491396179e-03
8.867547018807523176e-03
1.056532654731926471e+02
-5.996173706273227253e+03
-4.811513054532427418e+02
-1.169168363102342937e+03
-4.814036224018721555e+02
-4.811118842933647102e+02
3.705482192877150843e-03
8.003201280512204328e-05
1.523809523809523808e-02
2.048819527811124308e-02
1.056532654731926471e+02
-5.996173706273227253e+03
-4.811513054532427418e+02
-1.169168363102342937e+03
-4.814036224018721555e+02
-4.811118842933647102e+02
3.705482192877150843e-03
8.003201280512204328e-05
1.523809523809523808e-02
2.048819527811124308e-02
1.078162729920007763e+02
-6.203045730372511571e+03
-4.306597948354935284e+02
-4.348620481830068343e+02
-4.303758104179566999e+02
-4.291259852850400875e+02
3.209283713485394304e-03
2.240896358543417429e-04
1.218087234893957573e-02
2.212885154061624768e-02
1.078162729920007763e+02
-6.203045730372511571e+03
-4.306597948354935284e+02
-4.348620481830068343e+02
-4.303758104179566999e+02
-4.291259852850400875e+02
3.209283713485394304e-03
2.240896358543417429e-04
1.218087234893957573e-02
2.212885154061624768e-02
9.002370943312165252e+01
-4.417387415828974554e+03
-3.739162129195520379e+02
-3.761299778325551983e+02
-3.725687817598929428e+02
-3.729171275649218842e+02
3.473389355742297069e-03
2.561024409763905710e-04
1.676670668267307013e-02
3.502200880352140944e-02
9.002370943312165252e+01
-4.417387415828974554e+03
-3.739162129195520379e+02
-3.761299778325551983e+02
-3.725687817598929428e+02
-3.729171275649218842e+02
3.473389355742297069e-03
2.561024409763905710e-04
1.676670668267307013e-02
3.502200880352140944e-02
1.203703508582739943e+02
-7.637859099350397628e+03
-4.228031599041208324e+02
-1.156776593182345323e+03
-4.201330772444246122e+02
-4.194514068432492309e+02
4.017607042817126876e-03
6.402561024409764276e-05
1.644657863145258109e-02
2.368147258903561397e-02
1.203703508582739943e+02
-7.637859099350397628e+03
-4.228031599041208324e+02
-1.156776593182345323e+03
-4.201330772444246122e+02
-4.194514068432492309e+02
4.017607042817126876e-03
6.402561024409764276e-05
1.644657863145258109e-02
2.368147258903561397e-02
1.035073211124403656e+02
-5.743735707720236860e+03
-4.207963634464057918e+02
-7.991061989507840053e+02
-4.191656377124096480e+02
-4.192122589500556842e+02
3.633453381352541155e-03
5.602240896358543572e-05
8.683473389355742672e-03
1.164465786314525762e-02
1.035073211124403656e+02
-5.743735707720236860e+03
-4.207963634464057918e+02
-7.991061989507840053e+02
-4.191656377124096480e+02
-4.192122589500556842e+02
3.633453381352541155e-03
5.602240896358543572e-05
8.683473389355742672e-03
1.164465786314525762e-02
1.024197258571204117e+02
-5.684362029302635165e+03
-4.477879278836419417e+02
-4.552090409475456454e+02
-4.465320597981965989e+02
-4.476466417358441277e+02
2.681072428971588775e-03
2.080832332933173288e-04
8.939575830332132864e-03
1.210084033613445346e-02
1.024197258571204117e+02
-5.684362029302635165e+03
-4.477879278836419417e+02
-4.552090409475456454e+02
-4.465320597981965989e+02
-4.476466417358441277e+02
2.681072428971588775e-03
2.080832332933173288e-04
8.939575830332132864e-03
1.210084033613445346e-02
1.171032451869330373e+02
-7.236687265072525406e+03
-3.905721988443124246e+02
-9.825729020391933091e+02
-3.880620304632346915e+02
-3.881599154269553651e+02
2.320928371348539364e-04
9.603841536614645736e-05
9.763905562224890148e-04
4.697879151660664353e-03
1.171032451869330373e+02
-7.236687265072525406e+03
-3.905721988443124246e+02
-9.825729020391933091e+02
-3.880620304632346915e+02
-3.881599154269553651e+02
2.320928371348539364e-04
9.603841536614645736e-05
9.763905562224890148e-04
4.697879151660664353e-03
8.816578456038890010e+01
-4.282484957584043514e+03
-4.252627131365501896e+02
-4.311252068633899626e+02
-4.242741611333332798e+02
-4.232955308300170714e+02
3.609443777511004304e-03
2.080832332933173288e-04
1.432573029211684640e-02
3.460584233693477646e-02
8.816578456038890010e+01
-4.282484957584043514e+03
-4.252627131365501896e+02
-4.311252068633899626e+02
-4.242741611333332798e+02
-4.232955308300170714e+02
3.609443777511004304e-03
2.080832332933173288e-04
1.432573029211684640e-02
3.460584233693477646e-02
1.048755247162119844e+02
-5.886218012474564603e+03
-3.976603602615916202e+02
-4.253474850721122493e+02
-3.953580080466923050e+02
-3.952931646577316087e+02
1.808723489395758222e-03
1.760704281712685006e-04
8.051220488195278899e-03
1.322128851540616164e-02
1.048755247162119844e+02
-5.886218012474564603e+03
-3.976603602615916202e+02
-4.253474850721122493e+02
-3.953580080466923050e+02
-3.952931646577316087e+02
1.808723489395758222e-03
1.760704281712685006e-04
8.051220488195278899e-03
1.322128851540616164e-02
1.344745155423370875e+02
-9.421008399609498156e+03
-3.942003277910860106e+02
-1.328090031483063967e+03
-3.923486412375881400e+02
-3.891063339398206153e+02
1.840736294517807212e-04
1.360544217687074790e-04
7.843137254901960459e-04
2.945178071228491540e-03
1.344745155423370875e+02
-9.421008399609498156e+03
-3.942003277910860106e+02
-1.328090031483063967e+03
-3.923486412375881400e+02
-3.891063339398206153e+02
1.840736294517807212e-04
1.360544217687074790e-04
7.843137254901960459e-04
2.945178071228491540e-03
1.048952189732300440e+02
-5.891530118814976049e+03
-4.430984499357049913e+02
-6.661253104494412582e+02
-4.417397929423185587e+02
-4.418850773490598272e+02
2.633053221288515506e-03
3.201280512204882138e-05
1.126850740296118404e-02
1.624649859943977717e-02
1.048952189732300440e+02
-5.891530118814976049e+03
-4.430984499357049913e+02
-6.661253104494412582e+02
-4.417397929423185587e+02
-4.418850773490598272e+02
2.633053221288515506e-03
3.201280512204882138e-05
1.126850740296118404e-02
1.624649859943977717e-02
1.236457346102607460e+02
-8.033404287194559402e+03
-3.984462309253154331e+02
-9.093066750791532513e+02
-4.000978146357389278e+02
-3.982105036854521813e+02
3.281312525010004208e-04
1.280512204881952855e-04
1.368547418967587092e-03
6.682673069227691373e-03
1.236457346102607460e+02
-8.033404287194559402e+03
-3.984462309253154331e+02
-9.093066750791532513e+02
-4.000978146357389278e+02
-3.982105036854521813e+02
3.281312525010004208e-04
1.280512204881952855e-04
1.368547418967587092e-03
6.682673069227691373e-03
1.167370748169716421e+02
-7.213180989465419771e+03
-4.092569294213824378e+02
-9.741695238049118188e+02
-4.083777539370840941e+02
-4.048498751809630676e+02
2.400960384153661570e-04
9.603841536614645736e-05
1.016406562625049928e-03
4.153661464585834545e-03
1.167370748169716421e+02
-7.213180989465419771e+03
-4.092569294213824378e+02
-9.741695238049118188e+02
-4.083777539370840941e+02
-4.048498751809630676e+02
2.400960384153661570e-04
9.603841536614645736e-05
1.016406562625049928e-03
4.153661464585834545e-03
