1.396568129112638879e+01
-4.609917379732005998e+02
-3.670171245413355905e+02
-3.660133703224458941e+02
-3.650280236052652754e+02
-3.653266954814127985e+02
1.280107563095266165e+01
-4.454053796652269739e+02
-3.667918267612831187e+02
-3.658019649342542721e+02
-3.648385834095836913e+02
-3.651222166931739253e+02
1.384767498872393787e+01
-4.861441831617352136e+02
-3.938757362261050616e+02
-3.952825086920549325e+02
-3.943748458040142850e+02
-3.941705177115430274e+02
2.262565750935116782e+01
-6.462253207303000409e+02
-3.948045863115593761e+02
-3.962682018149367309e+02
-3.950839049237072800e+02
-3.950334354760968836e+02
8.853639814829413979e+00
-4.219934482807542508e+02
-3.867101280035636819e+02
-3.859470691853314293e+02
-3.854750342835267247e+02
-3.854749892465840162e+02
9.747287788128080166e+00
-4.303047889076832462e+02
-3.869631231566299334e+02
-3.861413449728535170e+02
-3.856568832641729045e+02
-3.856837148927389194e+02
1.004461100414837382e+01
-4.290548042428471831e+02
-3.807838946823715673e+02
-3.797461215706295548e+02
-3.799987906330943019e+02
-3.797591762338887520e+02
6.268895885097417242e+00
-3.982572269396137585e+02
-3.804283567223626505e+02
-3.796180300396907228e+02
-3.799243633466288657e+02
-3.796827929816607821e+02
1.096197816803237224e+01
-4.654610817443457904e+02
-4.082164652513637861e+02
-4.083250169798444631e+02
-4.073964636572392806e+02
-4.081229527574442955e+02
1.874116979709091169e+01
-5.809943217478324868e+02
-4.094149900232072810e+02
-4.087698403089360113e+02
-4.077091176806806061e+02
-4.088364558868369727e+02
1.702587023740118610e+01
-5.558434610689872670e+02
-4.127492369381172921e+02
-4.115671805982541969e+02
-4.099150216107097435e+02
-4.104361687930742733e+02
1.937367139079811906e+01
-5.985729039778910874e+02
-4.130355006815245815e+02
-4.117690136600126039e+02
-4.100337786199770562e+02
-4.106409220984153876e+02
1.565667840455242477e+01
-5.124608247621032433e+02
-3.950133786161375156e+02
-3.937994551040994793e+02
-3.929559916195379401e+02
-3.937213630620289564e+02
1.984146489048582751e+01
-5.867368999305048192e+02
-3.954713876510442105e+02
-3.940383602378617525e+02
-3.932528497013387891e+02
-3.942965875804767961e+02
1.516757850797958085e+01
-5.072130089305795764e+02
-3.971696623011900442e+02
-3.955063441399203157e+02
-3.954153837431443321e+02
-3.953692813095123029e+02
7.020724042057780778e+00
-4.168305730700819822e+02
-3.953392063211850882e+02
-3.943195413066492279e+02
-3.942975006622483534e+02
-3.942139260319023606e+02
1.855948000366830897e+01
-5.687435382746087953e+02
-3.990627532484541007e+02
-3.974727152321688095e+02
-3.969540926217213723e+02
-3.969685669925347042e+02
1.980078528156350615e+01
-5.925519381546184832e+02
-3.992091079959439526e+02
-3.975985622488670401e+02
-3.970808235915042133e+02
-3.970902662768328923e+02
1.749943960288524636e+01
-5.244067387066947958e+02
-3.756454102079471227e+02
-3.744847369127728030e+02
-3.737860039054326649e+02
-3.738055319076649425e+02
1.479605354297093811e+01
-4.807531457224118867e+02
-3.751191168592291092e+02
-3.740164251416808838e+02
-3.734355174491872162e+02
-3.734374656278849329e+02
1.220275549940709148e+01
-4.784588074992031466e+02
-4.079954601136144561e+02
-4.075414151250749342e+02
-4.065800789207883668e+02
-4.068250691605330758e+02
8.435659777097873402e+00
-4.395853645475216354e+02
-4.072266203080087053e+02
-4.067848728571470929e+02
-4.058848216320278084e+02
-4.061459956418735260e+02
9.192461800838987784e+00
-4.360686015037241532e+02
-3.964179013819968986e+02
-3.949031626360348355e+02
-3.944314607965008008e+02
-3.946053032065690331e+02
1.810382672535177306e+01
-5.576921955745623336e+02
-3.972730933790352879e+02
-3.965007568481472617e+02
-3.953532911414511659e+02
-3.954275386136091583e+02
1.976000268807577953e+01
-5.712683810702657183e+02
-3.824549558285776811e+02
-3.807753965976805262e+02
-3.791466099374204646e+02
-3.791312375379802688e+02
1.787402870543369104e+01
-5.357799790352180480e+02
-3.817317762507391308e+02
-3.800355024048146220e+02
-3.785293573483030514e+02
-3.784973153427836792e+02
7.943697837242408077e+00
-4.093952145244057306e+02
-3.795315502897034889e+02
-3.793603112566964342e+02
-3.796442459386303199e+02
-3.790502714970083389e+02
1.929587907553506909e+01
-5.640095215085352720e+02
-3.811166315180977904e+02
-3.804922197374187931e+02
-3.803731160600585781e+02
-3.796825049359133004e+02
1.863094927227771080e+01
-5.862027587872648837e+02
-4.171481994003057139e+02
-4.154682441839588591e+02
-4.147284465049617097e+02
-4.148666916184822071e+02
1.505444401960280842e+01
-5.259647657638499822e+02
-4.167152748811066658e+02
-4.151563853817314111e+02
-4.145277458650667199e+02
-4.146770527434988480e+02
9.545246985329679745e+00
-4.563998608541159570e+02
-4.153072513647950359e+02
-4.143463406398005304e+02
-4.138416593833086381e+02
-4.140178979004253961e+02
1.798134242796798077e+01
-5.725083286045638715e+02
-4.174733706666784201e+02
-4.162141383784771165e+02
-4.154875559672956342e+02
-4.156077855712781002e+02
1.485173677025649219e+01
-4.602277756505146726e+02
-3.532636385956632239e+02
-3.540970739268989291e+02
-3.542658930860705482e+02
-3.541239121486395334e+02
1.588681545516865334e+01
-4.761361857573130578e+02
-3.533736676022225538e+02
-3.541556460457007347e+02
-3.543517608947702229e+02
-3.541857637806278944e+02
1.768177393747466297e+01
-5.204543752382720641e+02
-3.708755409310614937e+02
-3.694231991996160787e+02
-3.683935162803683170e+02
-3.694635915944026578e+02
1.709362194862406170e+01
-5.102277661115344927e+02
-3.707780974514850527e+02
-3.693512044336549707e+02
-3.683269550258099798e+02
-3.693698499106450868e+02
1.922398320909965719e+01
-5.840187217312630992e+02
-4.052505433223541900e+02
-4.035619457292015682e+02
-4.028440560167643980e+02
-4.032883584253136178e+02
8.791334124391205762e+00
-4.378817343627330274e+02
-4.016946036517003904e+02
-4.007071733914177685e+02
-4.002283695317056527e+02
-4.002960375959915496e+02
1.865432965591948289e+01
-5.316963910729855343e+02
-3.641901412389739789e+02
-3.628819512201991415e+02
-3.630683315598964214e+02
-3.628931829602306607e+02
1.768770369783955232e+01
-5.141318146684102430e+02
-3.639972938323242033e+02
-3.627730299715312867e+02
-3.629534008543175219e+02
-3.627764151043347169e+02
