1.017834435878949080e+02
-5.525142448958185923e+03
-3.526360620515787900e+02
-3.494582395001186796e+02
-3.471796917569115521e+02
-3.479818982252317028e+02
1.017834435878949080e+02
-5.525142448958185923e+03
-3.526360620515787900e+02
-3.494582395001186796e+02
-3.471796917569115521e+02
-3.479818982252317028e+02
9.252537149381957704e+01
-4.690226686797973343e+03
-4.400247741463166449e+02
-4.392457725115199878e+02
-4.370059518616994296e+02
-4.373193240241998296e+02
9.252537149381957704e+01
-4.690226686797973343e+03
-4.400247741463166449e+02
-4.392457725115199878e+02
-4.370059518616994296e+02
-4.373193240241998296e+02
9.076461879792238108e+01
-4.513307104548678581e+03
-4.045535143915942058e+02
-4.042222384160461957e+02
-4.011043860125126344e+02
-4.015318978645251491e+02
9.076461879792238108e+01
-4.513307104548678581e+03
-4.045535143915942058e+02
-4.042222384160461957e+02
-4.011043860125126344e+02
-4.015318978645251491e+02
1.116897675794114804e+02
-6.644188004726795043e+03
-4.242089892158036264e+02
-4.232383037642850923e+02
-4.210836546756729035e+02
-4.226862443758477070e+02
1.116897675794114804e+02
-6.644188004726795043e+03
-4.242089892158036264e+02
-4.232383037642850923e+02
-4.210836546756729035e+02
-4.226862443758477070e+02
1.123574386363721658e+02
-6.676407098072905683e+03
-3.851581784605750727e+02
-3.825380424743360095e+02
-3.816701032581490267e+02
-3.816193533595658778e+02
1.123574386363721658e+02
-6.676407098072905683e+03
-3.851581784605750727e+02
-3.825380424743360095e+02
-3.816701032581490267e+02
-3.816193533595658778e+02
1.161015444699492178e+02
-7.119230232455905025e+03
-3.982111353248537284e+02
-3.992374841394819214e+02
-3.952717510854723173e+02
-4.002880283187877239e+02
1.161015444699492178e+02
-7.119230232455905025e+03
-3.982111353248537284e+02
-3.992374841394819214e+02
-3.952717510854723173e+02
-4.002880283187877239e+02
1.273816946762247682e+02
-8.496105450007748004e+03
-5.106195113407663371e+02
-5.078946206093899036e+02
-5.040457416755832014e+02
-5.089232047160260777e+02
1.273816946762247682e+02
-8.496105450007748004e+03
-5.106195113407663371e+02
-5.078946206093899036e+02
-5.040457416755832014e+02
-5.089232047160260777e+02
1.117375938802243098e+02
-6.640344597079308187e+03
-4.266591878058299017e+02
-4.248130162796300624e+02
-4.221381129405673960e+02
-4.231143228837078709e+02
1.117375938802243098e+02
-6.640344597079308187e+03
-4.266591878058299017e+02
-4.248130162796300624e+02
-4.221381129405673960e+02
-4.231143228837078709e+02
9.774592187654843656e+01
-5.182261043440293179e+03
-4.195323238946124320e+02
-4.180205376605125593e+02
-4.164269074651564324e+02
-4.182291775451017770e+02
9.774592187654843656e+01
-5.182261043440293179e+03
-4.195323238946124320e+02
-4.180205376605125593e+02
-4.164269074651564324e+02
-4.182291775451017770e+02
1.160466413949089457e+02
-7.118270664543034400e+03
-4.146656439524558095e+02
-4.145893884722294160e+02
-4.142403799221960412e+02
-4.141169851433095346e+02
1.160466413949089457e+02
-7.118270664543034400e+03
-4.146656439524558095e+02
-4.145893884722294160e+02
-4.142403799221960412e+02
-4.141169851433095346e+02
1.111753946021506465e+02
-6.582921765728632636e+03
-4.387310494992956933e+02
-4.372966034882230701e+02
-4.363759205634759155e+02
-4.380369655829916837e+02
1.111753946021506465e+02
-6.582921765728632636e+03
-4.387310494992956933e+02
-4.372966034882230701e+02
-4.363759205634759155e+02
-4.380369655829916837e+02
1.153943753600336493e+02
-7.076251943028480127e+03
-4.527620499374667133e+02
-4.511223979622171214e+02
-4.492442278759086776e+02
-4.500819275518657605e+02
1.153943753600336493e+02
-7.076251943028480127e+03
-4.527620499374667133e+02
-4.511223979622171214e+02
-4.492442278759086776e+02
-4.500819275518657605e+02
1.088770184774498802e+02
-6.290791701691972776e+03
-3.704108911122050358e+02
-3.670169487981269185e+02
-3.662608698108510907e+02
-3.671871794483918165e+02
1.088770184774498802e+02
-6.290791701691972776e+03
-3.704108911122050358e+02
-3.670169487981269185e+02
-3.662608698108510907e+02
-3.671871794483918165e+02
1.260858959135987476e+02
-8.315527331695227986e+03
-5.276126122448429214e+02
-5.265325361502127635e+02
-5.243592777339089253e+02
-5.242362203107376217e+02
1.260858959135987476e+02
-8.315527331695227986e+03
-5.276126122448429214e+02
-5.265325361502127635e+02
-5.243592777339089253e+02
-5.242362203107376217e+02
1.305397873710688827e+02
-8.876627769336431811e+03
-3.900126235656700828e+02
-3.874859615800884285e+02
-3.874679906705832195e+02
-3.888367947659844504e+02
1.305397873710688827e+02
-8.876627769336431811e+03
-3.900126235656700828e+02
-3.874859615800884285e+02
-3.874679906705832195e+02
-3.888367947659844504e+02
1.223690356835670059e+02
-7.891559849250838852e+03
-4.369809988963838236e+02
-4.351301421096071635e+02
-4.341046235400341402e+02
-4.336616227730730770e+02
1.223690356835670059e+02
-7.891559849250838852e+03
-4.369809988963838236e+02
-4.351301421096071635e+02
-4.341046235400341402e+02
-4.336616227730730770e+02
1.264164333057107115e+02
-8.372644797112214292e+03
-4.308075566463076029e+02
-4.292289862292060434e+02
-4.284248404579884095e+02
-4.298985738385409832e+02
1.264164333057107115e+02
-8.372644797112214292e+03
-4.308075566463076029e+02
-4.292289862292060434e+02
-4.284248404579884095e+02
-4.298985738385409832e+02
1.089638977279990684e+02
-6.337321623918294790e+03
-4.267620677821234381e+02
-4.253049049331307856e+02
-4.224294761590130634e+02
-4.236154820418666418e+02
1.089638977279990684e+02
-6.337321623918294790e+03
-4.267620677821234381e+02
-4.253049049331307856e+02
-4.224294761590130634e+02
-4.236154820418666418e+02
1.135576660816136609e+02
-6.845390916095711873e+03
-4.053308323631725898e+02
-4.063507570273989131e+02
-4.051482490224114485e+02
-4.074141302660011092e+02
1.135576660816136609e+02
-6.845390916095711873e+03
-4.053308323631725898e+02
-4.063507570273989131e+02
-4.051482490224114485e+02
-4.074141302660011092e+02
1.281138430835008819e+02
-8.588682362245770491e+03
-4.193324168931202394e+02
-4.199730476180852747e+02
-4.183871288832096411e+02
-4.192715557796936423e+02
1.281138430835008819e+02
-8.588682362245770491e+03
-4.193324168931202394e+02
-4.199730476180852747e+02
-4.183871288832096411e+02
-4.192715557796936423e+02
1.001733283904478640e+02
-5.384877732608638325e+03
-3.945362458000534502e+02
-3.915463784932369435e+02
-3.922488467511415138e+02
-3.933562088973566802e+02
1.001733283904478640e+02
-5.384877732608638325e+03
-3.945362458000534502e+02
-3.915463784932369435e+02
-3.922488467511415138e+02
-3.933562088973566802e+02
1.228671246634583838e+02
-7.936753891274161106e+03
-3.995674937050408175e+02
-3.980002342579343235e+02
-3.974647998697008120e+02
-3.987026600761213331e+02
1.228671246634583838e+02
-7.936753891274161106e+03
-3.995674937050408175e+02
-3.980002342579343235e+02
-3.974647998697008120e+02
-3.987026600761213331e+02
1.109319167271600577e+02
-6.541606834359608911e+03
-4.054166972242321094e+02
-4.031971335280859989e+02
-4.008774793152014695e+02
-4.022878188852454855e+02
1.109319167271600577e+02
-6.541606834359608911e+03
-4.054166972242321094e+02
-4.031971335280859989e+02
-4.008774793152014695e+02
-4.022878188852454855e+02
9.513718869664886313e+01
-4.911274551841517678e+03
-4.056133236391860919e+02
-4.034425377124703118e+02
-4.038296560995852360e+02
-4.054570242024541358e+02
9.513718869664886313e+01
-4.911274551841517678e+03
-4.056133236391860919e+02
-4.034425377124703118e+02
-4.038296560995852360e+02
-4.054570242024541358e+02
1.051036356704057511e+02
-5.943626051845235452e+03
-4.616040447269621154e+02
-4.596990893400953837e+02
-4.598702993256595164e+02
-4.609132891982894762e+02
1.051036356704057511e+02
-5.943626051845235452e+03
-4.616040447269621154e+02
-4.596990893400953837e+02
-4.598702993256595164e+02
-4.609132891982894762e+02
1.046476715299484539e+02
-5.841563436304187235e+03
-3.987963273410315992e+02
-3.958369154725889985e+02
-3.964078375689287554e+02
-3.963393289727189313e+02
1.046476715299484539e+02
-5.841563436304187235e+03
-3.987963273410315992e+02
-3.958369154725889985e+02
-3.964078375689287554e+02
-3.963393289727189313e+02
9.584807588982602056e+01
-4.976485160217641351e+03
-3.988030581621425199e+02
-3.962625851517885280e+02
-3.939472569466832397e+02
-3.948542921970984594e+02
9.584807588982602056e+01
-4.976485160217641351e+03
-3.988030581621425199e+02
-3.962625851517885280e+02
-3.939472569466832397e+02
-3.948542921970984594e+02
