5.626382717326361416e+01
-1.978558550086233936e+03
-4.427471352524229928e+02
-5.062895128252673658e+02
-4.289176703271929227e+02
-4.023083922023512287e+02
5.957737173781957551e+01
-2.170670063038848184e+03
-5.119019546204874018e+02
-5.566269941790691291e+02
-4.514245275075122095e+02
-4.036907662122629290e+02
6.436026584231038328e+01
-2.466943744369918022e+03
-4.914980034984708936e+02
-5.064160042941097686e+02
-4.520663108635263256e+02
-4.068691515961255050e+02
6.767685722559656369e+01
-2.708847793551807172e+03
-7.880232999681453521e+02
-1.627704693265630794e+03
-5.103029469642116283e+02
-4.238032155446079514e+02
5.093936830952139871e+01
-1.716535322910991681e+03
-4.889297551306825085e+02
-8.255756495221273781e+02
-4.394928653948648503e+02
-4.224432271363403970e+02
5.852146577704473174e+01
-2.131193243952297053e+03
-7.484849152276992754e+02
-1.395702664459071002e+03
-4.951339075798570093e+02
-4.235984317722820265e+02
3.058972845418191611e+01
-8.398167665504107617e+02
-4.143386327025909850e+02
-4.244517680618116060e+02
-3.937190454744736030e+02
-3.846283372960442080e+02
3.747495467872310826e+01
-1.074886636070820032e+03
-3.940163781100962410e+02
-3.958340698427008988e+02
-3.857569560022087103e+02
-3.838618529580123209e+02
4.663176649285228592e+01
-1.459130608648965790e+03
-5.308980863611993755e+02
-5.367735735795785104e+02
-4.392011204832885483e+02
-3.993075269027490890e+02
2.832918076848525857e+01
-8.008852665148921233e+02
-4.999911287026370701e+02
-4.916466759345111086e+02
-4.272019690667437999e+02
-4.059793995480646345e+02
4.740054006230249684e+01
-1.523076928648280500e+03
-5.653168006389569200e+02
-5.202160944200251151e+02
-4.364640251160571438e+02
-4.121439555416576468e+02
5.026655732621855321e+01
-1.662988460008097036e+03
-7.728042294850636154e+02
-6.528037883308245455e+02
-4.716230815857614402e+02
-4.133199914060324431e+02
4.645155852165490984e+01
-1.446823040050249347e+03
-4.050180583924449138e+02
-4.052934168523398739e+02
-3.927730440180425830e+02
-3.754414845645462719e+02
7.164002400978853302e+01
-2.934483239522744498e+03
-5.329916889736973644e+02
-5.134987254169808466e+02
-4.462135095228493356e+02
-3.958617222510159195e+02
2.002937718242291609e+01
-5.689319341308788580e+02
-3.791743948726162898e+02
-3.808134322815968744e+02
-3.759827544565592348e+02
-3.743908542823754146e+02
1.522321682047187963e+01
-5.219911847679286439e+02
-4.090028725331531518e+02
-4.443030461464223322e+02
-4.069864640137408855e+02
-4.069145025756126870e+02
3.357994079508389262e+01
-9.698460048105906708e+02
-4.707879841600470741e+02
-4.708888934778515249e+02
-4.621863546168489734e+02
-4.110961545784188615e+02
5.583789211469505176e+01
-1.964958329896117220e+03
-5.447520823481352181e+02
-5.525676750973555045e+02
-4.846037159947377404e+02
-4.132389939483265948e+02
4.402815699268874283e+01
-1.367090344338825162e+03
-5.570975135034359482e+02
-6.270381841364330739e+02
-4.780746777511882328e+02
-4.041994894014017632e+02
1.680280649112273395e+01
-5.382399237317974894e+02
-4.331456134726406617e+02
-4.588317936264061814e+02
-4.103645380363383879e+02
-4.029264363177854307e+02
8.505249249001343514e+01
-4.014826814738590656e+03
-6.413659191864763898e+02
-7.550921458152290597e+02
-5.453407498066425205e+02
-4.067148285817042961e+02
5.634841421100455960e+01
-2.003653554240113408e+03
-5.130421694487229161e+02
-5.901345894627239659e+02
-4.568879516160167782e+02
-4.212127648669278415e+02
4.860681710072597639e+01
-1.597360560542401117e+03
-4.525873027418376182e+02
-5.253603613579189187e+02
-4.331970825002874221e+02
-4.213959635648986364e+02
1.112339505075010138e+01
-4.780337287412497744e+02
-4.407258111729669281e+02
-4.447596860339666023e+02
-4.223404385647032200e+02
-4.207675546974042504e+02
3.647746867212832456e+01
-1.022272759647943190e+03
-4.741926569697791365e+02
-6.004062779933143474e+02
-4.032648915170063333e+02
-3.626781658794031955e+02
4.138290448583221348e+01
-1.213284385406847605e+03
-7.120667068417110386e+02
-7.327404303328991091e+02
-4.617890186118050906e+02
-3.637793899946085503e+02
4.462951592492847652e+01
-1.352899883159537922e+03
-3.667479056682699365e+02
-4.601612931594193014e+02
-3.634028360785891891e+02
-3.600540098853062432e+02
5.575593431429360436e+01
-1.932817188286193868e+03
-4.430617410712777087e+02
-4.647185705298080620e+02
-4.192405759944772967e+02
-3.936440501277315889e+02
8.285282533456013709e+01
-3.810030805472278644e+03
-7.243322809694636817e+02
-7.045667101934209313e+02
-5.422451657584896338e+02
-4.016203244735820590e+02
8.115395061304519686e+01
-3.671088618091689113e+03
-8.067339606225102671e+02
-6.146423432005133236e+02
-5.251664344845449932e+02
-4.088819300095387348e+02
