3.638622802847015691e+01
-1.087753196155902288e+03
-4.538441864829146084e+02
-4.541566676375604175e+02
-4.466109277098613006e+02
2.417835647734685978e+01
-7.180708620588195572e+02
-4.408878427861439491e+02
-4.407693456708726671e+02
-4.357052566776641811e+02
2.173325269526875303e+01
-6.619415374441922495e+02
-4.388087416173053157e+02
-4.386391970242227671e+02
-4.339560889188211945e+02
2.500525393938207230e+01
-7.145028257771649578e+02
-4.114096013251132717e+02
-4.277860891178590919e+02
-4.100374492989308237e+02
5.450678143839332535e+01
-1.887366074877062374e+03
-4.261533387987051924e+02
-4.976933241056124757e+02
-4.189124850661374921e+02
2.908016841165028055e+01
-8.246995609156449518e+02
-4.129374946752604956e+02
-4.343697236066150822e+02
-4.110768190067738033e+02
1.390958039105655963e+01
-4.795648162251584949e+02
-3.873924079146606232e+02
-3.978521705943758775e+02
-3.864921763722646801e+02
3.167675434568252513e+00
-3.878436867269095956e+02
-3.845377881688115735e+02
-3.844660341229501910e+02
-3.842651428543128418e+02
7.953673814436233336e+00
-4.144570664707503624e+02
-3.859797607066049636e+02
-3.889149360520489722e+02
-3.853723947457836516e+02
3.163455834065039340e+01
-9.201533828981906709e+02
-4.359312872500414073e+02
-5.556696524047506500e+02
-4.233537985245609434e+02
1.167406174944655106e+01
-4.879226010591294767e+02
-4.237188939799568175e+02
-4.435128893834627775e+02
-4.212244837344056236e+02
3.058089643254925249e+01
-8.873763555033355033e+02
-4.350391413984658016e+02
-5.471996939378826710e+02
-4.232696618565765903e+02
4.381692040459253690e+01
-1.346128643810144467e+03
-4.105828876965707082e+02
-4.131335538403366172e+02
-4.097143655630213175e+02
4.305108460829031714e+01
-1.312865329914031463e+03
-4.098558032195967940e+02
-4.124028062437319022e+02
-4.090295593659615747e+02
2.453393223211489627e+01
-6.871243023239491095e+02
-3.961506320660955112e+02
-3.984697673709180208e+02
-3.960307967593482772e+02
1.717877713183002797e+01
-5.427459940676715178e+02
-3.969809983367086943e+02
-3.990329816120995474e+02
-3.954687463317434890e+02
3.263890895822863314e+01
-9.278399911868975778e+02
-3.994879750468307407e+02
-4.009727055190467695e+02
-3.974367679400827456e+02
2.679393100897796742e+01
-7.541481716520640930e+02
-3.984352388705529506e+02
-4.001313955753465734e+02
-3.966446105586825297e+02
2.063215539797393916e+01
-5.795550603944312797e+02
-3.743646206628467894e+02
-3.767307648356797358e+02
-3.717368088993344486e+02
5.361840995986488423e+01
-1.804179085523427830e+03
-3.900106375458126422e+02
-3.941512984356032803e+02
-3.834561419764872880e+02
4.362247419578727659e+01
-1.318172269692422560e+03
-3.842635414578680297e+02
-3.878793502581846155e+02
-3.791489480644384003e+02
4.064693398088054721e+01
-1.221768509367601155e+03
-4.101534970657173176e+02
-4.152715996010882122e+02
-4.026378275379144611e+02
3.670531475891421369e+00
-4.024182890023248547e+02
-3.975924549617562320e+02
-3.989207911095123222e+02
-3.973208217360018466e+02
2.111417621092417107e+01
-6.185861068775477634e+02
-4.026364304369270712e+02
-4.064908051480444442e+02
-3.999407321026672548e+02
1.596772189663725072e+01
-5.194348469777429500e+02
-3.961629903331467517e+02
-3.967868006259842559e+02
-3.936935633323800516e+02
5.194058565612048994e+01
-1.740862994843965225e+03
-4.067517669262152822e+02
-4.098104582376295753e+02
-3.996770078800153669e+02
2.558266407681546895e+00
-3.952231391999042103e+02
-3.924871143691012776e+02
-3.912628698217924352e+02
-3.914169834165511475e+02
1.963769653997904996e+01
-5.990800616731817172e+02
-4.205183696352812603e+02
-4.457376802026171276e+02
-4.151292095060417751e+02
1.391990634736028909e+01
-5.031423953346697999e+02
-4.162289884394244837e+02
-4.281826447959146549e+02
-4.140892116656013400e+02
1.757712078121826238e+01
-5.607380864537965408e+02
-4.188902130893278013e+02
-4.387129720100588202e+02
-4.148273116571759829e+02
