# Injected 220 mode
3.432777026863738001e+01
-9.833867359239727648e+02
-4.053326898367286049e+02
-4.040388202364322865e+02
3.589657538444241425e+01
-1.022408226137171482e+03
-3.897465521581785879e+02
-3.885097823777596773e+02
3.623512337802161909e+01
-1.032209006184666805e+03
-3.883033587842255088e+02
-3.862514472805902983e+02
3.596936209863923040e+01
-1.033522501068573320e+03
-3.960375864765627512e+02
-3.966209391010814329e+02
3.472744453195069525e+01
-9.748260042706389186e+02
-3.775619482257415598e+02
-3.753451059346627403e+02
3.636168278583473068e+01
-1.068707776036330870e+03
-4.169646253997753433e+02
-4.163628900537693767e+02
3.375821516051333049e+01
-9.418570880870076962e+02
-3.857747583700144105e+02
-3.829890974242715060e+02
3.600115377144671669e+01
-1.089984731674228897e+03
-4.524812734517033164e+02
-4.507472986664255927e+02
3.930892831259866682e+01
-1.143921339437664074e+03
-3.864104189274706869e+02
-3.863291634915074155e+02
3.589516097040299769e+01
-1.036331097282508608e+03
-3.990911008305658925e+02
-3.977760620186518850e+02
