# SNRtot, SNR220, SNR221, evidence220_221, evidence220, evidence221, nofilter
8.180588432647061836e+01 8.613026276944917470e+01 5.788212977458724318e+00 6.281755829553075543e+00 4.092103994543521139e+00 1.722030872242359623e+00 -3.334110954108890382e+03
1.747147478288779254e+00 1.840430760687183476e+00 1.186181329536145218e-01 1.160455770509324935e+01 1.121517258676500539e+01 1.128768841417760882e+01 1.046413895360924329e+01
9.597971150751509128e+01 1.123419617316336456e+02 3.002927313188787295e+01 6.146810434232830467e+00 -3.145812647638533832e+01 -5.953236426111728008e+01 -4.594062109423857692e+03
1.695673072629329852e+02 1.251182382562284374e+02 4.886571770972111750e+01 5.828102040218286817e+00 -1.791812655787437336e+02 -2.849982230845601094e+01 -1.436454544509190964e+04
1.121873030106929114e+01 9.028029085173903567e+00 2.539486225856370183e+00 1.046953237444063589e+01 7.774908081549337879e+00 6.223933697383741581e+00 -5.093955367501045828e+01
5.022969954012086902e+00 4.133645580791130314e+00 1.995678276359833747e+00 1.052573685197690168e+01 9.406909129233859801e+00 8.385199979801802428e+00 -6.247124703994284545e-01
2.576572772213461349e+02 2.885605090413054086e+02 5.749850699002661258e+01 2.823510706435879980e-01 -1.105833981668697987e+02 -1.136139350763317680e+03 -3.318164585144975717e+04
1.056337296859651076e+01 1.075036010605440850e+01 2.237872140229748563e-01 9.217664638349885919e+00 7.945707515134591503e+00 5.652435938495333545e+00 -4.380202312778305895e+01
1.041048472129385232e+02 9.115456077591227313e+01 2.353500487050508738e+01 4.799121157566714757e+00 -9.590910369043180950e+00 -1.195191253012141530e+01 -5.406919205505582795e+03
5.254178476336550574e+01 4.944921894392586381e+01 1.300757658061570154e+01 5.640508326692412311e+00 1.475202333265013266e-01 -2.874001248156481836e+00 -1.368329171950859063e+03
2.776438088921844383e+02 2.767314480325454156e+02 1.105750664676297568e+00 4.549005726418887896e+00 2.912152281118504771e+00 4.521278025756718666e-01 -3.853105190697086073e+04
2.721158368305671704e+00 2.814861394167584852e+00 6.875832065955811423e-01 1.136410880503251519e+01 1.078074936640526182e+01 1.074636473922641322e+01 8.288049676354670936e+00
8.506955593760594070e+00 6.851133015419578420e+00 1.822130628123127094e+00 1.050825061245597425e+01 8.881725363357238834e+00 7.438960469705589773e+00 -2.419374562805266038e+01
2.560652848245984270e+00 2.720783564287063250e+00 2.619821141857469615e-01 1.103226464712657595e+01 1.039772078927808785e+01 1.016494823339149711e+01 8.711929604439529129e+00
6.860183142045698901e+01 7.332710082814679708e+01 6.895979665844312656e+00 3.615177028173149232e+00 6.078539033610439457e-01 -1.174809568581340784e+02 -2.341115236011345132e+03
5.040356489379487357e+02 5.400599000277705954e+02 5.128942467773706682e+01 -4.687226596098714992e+01 -7.109499434786896188e+01 -1.028754769155660114e+02 -1.270139772990404890e+05
2.120262353844469487e+02 2.205725299794951297e+02 1.035425285870283751e+01 1.449408759758257892e+00 -3.018115897523828473e+00 -4.933922508560115716e+02 -2.246557184454139860e+04
1.848494808813974100e+00 2.034931669320886982e+00 2.406141987742176636e-01 1.161121465279223131e+01 1.122547552807111337e+01 1.136317661176056149e+01 1.028193457994855819e+01
3.681069355400541809e+00 3.096919797437542865e+00 6.733246761059432650e-01 1.128645135362714136e+01 1.030956441576248217e+01 1.049237982219775311e+01 5.215265309420184181e+00
4.821731273379044183e+02 4.521714003545715173e+02 5.301133329261633520e+01 -3.606696371054164985e+01 -7.717398885075590442e+01 -1.318673913832830067e+02 -1.162334719622984267e+05
1.559896183263164460e+02 1.330497171824011673e+02 5.035477033374620248e+01 4.154598948086910326e+00 -5.047212663926960374e+01 -5.228100818583161669e+01 -1.215439011168588695e+04
9.794582625244146357e+00 1.195883368196313334e+01 2.501508983362245697e+00 1.001202194992210259e+01 9.147979193804113507e+00 1.115023330197966622e+00 -3.597652329231258506e+01
3.832028000555516911e+01 3.661527001695257866e+01 2.984402786426031184e+00 7.611347865052466410e+00 5.877073179126463209e+00 -1.826490217677495753e+00 -7.222315287430208173e+02
6.128320304698305243e+00 5.341914542122627729e+00 9.029519444183311538e-01 1.088080098430655696e+01 9.478173394379172834e+00 9.076011094695076054e+00 -6.787753769434099027e+00
5.151910451018498094e+00 6.453356542342131519e+00 1.604399494229736822e+00 1.025193133081572583e+01 9.366959362654679211e+00 7.755897661634179485e+00 -1.280689538602146627e+00
5.360650444486800836e+01 4.732424761160074667e+01 9.908300645718266964e+00 7.810107547635253056e+00 -1.850143417451834082e+00 -7.561037380103624628e+01 -1.424838258289772284e+03
3.862814468828926806e+02 4.372326080380433382e+02 5.912631378724168485e+01 -2.949048156677561483e+00 -1.000866293517353114e+02 -1.007356829064398056e+02 -7.459468770186146139e+04
4.031294307628045459e+01 4.097354575703721480e+01 1.397615904717008251e+00 8.199715638204139623e+00 6.765887269081760635e+00 3.836263213501557079e+00 -8.005762886266594478e+02
1.505473720574367462e+02 1.414230091550015800e+02 5.320746057956888819e+01 -3.712678176367408156e+00 -4.859835133774407012e+01 -5.122321113371919665e+01 -1.132026521559108733e+04
7.019560882543824221e+01 6.296967524866651189e+01 1.292288041868070714e+01 7.376170659541458896e+00 -1.363621056264838316e+00 -1.474057225557635604e+02 -2.451721348077916446e+03
1.670281644561014289e+01 1.894263600849509999e+01 3.615697068912535173e+00 9.299856956808376651e+00 7.647272536687875544e+00 2.447664208179309853e-01 -1.275016374988176437e+02
6.053940461705499843e+01 5.963576828244585215e+01 6.011372257431130350e+00 6.345143872785156347e+00 3.836597233512185845e+00 -4.073667056757541616e+01 -1.820519354584695520e+03
3.915805875667659564e+01 4.024880201913583733e+01 7.280863015332132981e+00 7.652070460497045090e+00 5.085277263575828322e+00 2.827625150285281830e+00 -7.546863816866136858e+02
4.385060094238891679e+02 4.304931862609208224e+02 9.313692693449981519e+00 -5.666156182582580136e-01 -2.065864173627845801e+00 -3.405348481098256741e+01 -9.613176974932292069e+04
4.484593584387879872e+01 4.399575981889370979e+01 1.558262396911724856e+00 7.739752014061673790e+00 6.136132775078378288e+00 4.162564312629651653e+00 -9.935885797475920072e+02
1.955187612088675166e+02 2.714657491210167564e+02 1.033932642674793527e+02 2.561016299139588170e+00 -4.280661980348266411e+02 -5.873637808800199309e+02 -1.910180259121602285e+04
1.791156335237239716e+01 1.569388608246355332e+01 3.112537234581532974e+00 6.742714319510219489e+00 5.032873720236614723e+00 -7.888881645565510858e-01 -1.484216497539702857e+02
2.853214235309338846e+02 2.603418809284758595e+02 1.194832156933219949e+02 1.538700816267854599e+00 -3.434085002491052023e+02 -3.442448994428752371e+02 -4.069216696175021934e+04
4.873135932055889441e+01 5.270641869668455826e+01 1.921317915165089829e+01 6.747839306126229175e+00 -1.169836966407879508e+01 -1.402989994311130140e+01 -1.175382289505656672e+03
3.441532928011783810e+01 3.386347632561948728e+01 6.997154025783189901e-01 7.791301272132297839e+00 6.258869240995449168e+00 3.936040358661832883e+00 -5.802170436204133921e+02
1.041386373205391358e+01 7.798845623629785173e+00 2.971827695232091671e+00 1.067011777377575577e+01 7.982808137758681255e+00 8.024587109800467744e+00 -4.223387780583926343e+01
1.627430144971801269e+02 1.332779475472852937e+02 5.510423884103162351e+01 2.064421596142623549e+00 -5.149398421426020889e+01 -5.464811751362746861e+01 -1.323065398270563674e+04
2.262723652836891919e+00 2.824177965367424381e+00 6.880877106187158754e-01 1.153021386434952866e+01 1.107813564224453629e+01 1.117420837320548088e+01 9.430441944500900675e+00
6.254254067036105980e+00 5.852779960136036408e+00 1.106404608421356128e+00 9.786340755078157372e+00 8.846311543944791467e+00 6.510115289256576787e+00 -7.567445858464170172e+00
4.011130959977184318e+01 4.030157034662256876e+01 2.504628752552546245e-01 8.104244310250706462e+00 6.825937505349247481e+00 -8.562556331057903591e+00 -7.924681777953196615e+02
2.622754631191724073e+01 2.667374334461060315e+01 5.059846965576484390e-01 7.044563297733350105e+00 5.535025999269351793e+00 3.163474156759448874e+00 -3.319516916628271019e+02
4.300876645007753751e+01 3.961677090898400877e+01 4.562540232685265984e+00 8.325460033924022341e+00 5.136814163106570241e+00 -5.283058415885000869e+01 -9.128865946696028004e+02
2.908193697047748572e+01 3.191884555276226720e+01 5.099298489429687997e+00 5.970283682862387309e+00 3.571811492477393379e+00 -9.671262851900226387e-01 -4.108891278683578889e+02
1.412158696177788642e+01 1.324119078619180989e+01 1.148139503867755762e+00 9.115258522462612589e+00 7.750682627982343753e+00 5.496019374639105060e+00 -8.771920805047294323e+01
7.765550295589338070e+00 7.513060409641155957e+00 3.547256117596527258e-01 7.670329944488885943e+00 6.459531655165060116e+00 2.738389573318875669e+00 -1.816148458760916640e+01
8.989885999741369815e+00 7.504684503203415957e+00 1.655010349150937810e+00 1.048935969705545723e+01 8.531641191667192814e+00 7.869115336237562985e+00 -2.841862403511827750e+01
3.734646587254090822e+00 3.647273508522048679e+00 7.029314383904862185e-01 1.117061181724311147e+01 1.017157038653379253e+01 9.957118600857318924e+00 5.016608543210351101e+00
9.700437815855094925e+01 8.834689248325274491e+01 2.011443423610652204e+01 6.089366363235929391e+00 -5.832537120055476976e+00 -7.977057093217485573e+00 -4.692934289854522831e+03
9.697061988081019379e+00 8.769879650073287181e+00 1.678215602891391711e+00 1.032118760638883792e+01 8.586591525691682492e+00 7.219785855475159053e+00 -3.502610449128823689e+01
3.301655473304432320e+00 3.299180300334547677e+00 1.339932685484124079e-02 1.118580235893864838e+01 1.041052725631289988e+01 1.004206962780838275e+01 6.539936676854106068e+00
2.325166351568111054e+02 2.225035861469742429e+02 1.637350411973104158e+01 4.532514894754034351e+00 -5.836569950024994569e+00 -1.087764680761304135e+03 -2.702000241121375075e+04
1.971191308980362678e+01 1.975684004833572871e+01 9.001957456817473446e-02 8.516160688833622316e+00 7.005238149800303127e+00 4.697813395426869931e+00 -1.822893577209310934e+02
4.898127747556367808e+02 4.647944800096614131e+02 4.086375488516885923e+01 -2.608346252314662550e+00 -4.995481446583399077e+01 -5.693672294734588490e+01 -1.199462867557990394e+05
3.794806007772656926e+02 3.451360447518313777e+02 3.890378084052051122e+01 -1.103783704642397545e+01 -1.043310972194658461e+02 -2.527043019752406039e+01 -7.199077278202820162e+04
2.916967174510437530e+02 2.909102184427177349e+02 1.233766774977481662e+00 -2.164680191542701859e+00 -2.354353894493999899e+00 -9.827247310770222839e+02 -4.253149708474797808e+04
2.792271141065267859e+00 2.742552613027278152e+00 6.604370131305080382e-02 1.125281128818560283e+01 1.052551467633770521e+01 1.047642591182165006e+01 8.092012046441698914e+00
6.307018772453289124e+00 6.534385142129473856e+00 6.832937984316640456e-01 1.068572629291304921e+01 9.665415265503630948e+00 8.147635283403220186e+00 -7.898841788984432455e+00
4.701447356662081134e+00 4.143144300731437468e+00 8.971616874040997391e-01 9.858288724492959787e+00 8.977831459788397694e+00 7.650743452438588221e+00 9.385974853222283087e-01
3.714819376229347103e+00 4.149496362681320605e+00 2.079313853368923493e+00 1.079104916251931101e+01 9.762447982777581856e+00 9.248338795828447090e+00 5.090459610050166006e+00
8.326889494655492285e+01 7.806589001717225074e+01 6.968239958825330760e+00 6.075411476626149110e+00 8.899710360709915946e-01 1.528791867476406052e+00 -3.454864031701144995e+03
4.637114335195690273e+00 4.606945790086424353e+00 5.318376691806676604e-01 1.105883648698807598e+01 1.026568674925530189e+01 9.573441808418222010e+00 1.238986430215978984e+00
3.321477647269397693e+01 3.135251621899730168e+01 2.121899068630034524e+00 7.851657417012374296e+00 6.137755606178727064e+00 3.801964790470661715e+00 -5.396202869564580169e+02
5.989731164191649668e+02 5.900311295125151219e+02 4.190262558158984518e+01 1.918199564461346318e+00 -5.337692394158948161e+01 -4.760128625408872722e+03 -1.793724066953342408e+05
1.405763696816018751e+02 1.411494134711493018e+02 5.730592468134539708e+00 4.613051907255644402e+00 2.309795812962786243e+00 -4.580752101270610055e+00 -9.868867455320141744e+03
5.331825235150895281e+01 5.102248272453117295e+01 2.828584798685468638e+00 7.016098842759186383e+00 5.328006698720677115e+00 3.050880952777172972e+00 -1.409427615800540480e+03
3.960752771083348733e+01 4.004515616185106808e+01 1.257510735488793552e+00 7.363315697682665473e+00 5.803399527652028489e+00 3.475898506033844981e+00 -7.723877245731665653e+02
1.963329545243898266e+01 1.971529015109815219e+01 3.121324425213072851e-01 9.291123714604612616e+00 7.922591201359498569e+00 -9.843142807168129949e+00 -1.807427440523259463e+02
2.829408855376132692e+02 2.845159918194578381e+02 3.224881073811909005e+01 3.592731716892698657e+00 -3.275640709176712306e+01 -1.114228138794598863e+03 -4.001578195329532900e+04
4.612351535577325876e+02 4.500777460786857773e+02 6.793107826395792870e+01 2.013626816299628253e+00 -7.904002350679789402e+01 -7.971201581036594064e+01 -1.063569430376035161e+05
5.816949510714118787e+01 5.513469004059738410e+01 5.609187142592348962e+00 7.655334620332265416e+00 4.528068232834105089e+00 3.534291343541365649e+00 -1.679854679400806617e+03
3.394311802929290138e+02 3.343313733642613670e+02 7.618477179216660566e+00 2.889885850096381326e+00 1.122760069674871630e+00 -4.339887812297417440e+03 -5.759477267641638900e+04
1.171743491852847718e+01 1.340421917300431254e+01 3.524441941323167793e+00 9.331620917276445937e+00 7.839094570100434645e+00 5.828820384875650795e+00 -5.665873942592056522e+01
5.800283434925066928e+01 5.567151945303922389e+01 5.160580173937232118e+00 7.556554885807956978e+00 5.161045706592075177e+00 2.840315789589632267e+00 -1.670173995164251892e+03
1.599621606220976844e+01 2.129460250280040512e+01 8.058337482083699044e+00 8.757753951715532281e+00 5.736043593004177765e+00 -4.818379026345572136e+00 -1.159490630453942401e+02
5.931649933247220474e+01 6.117829334866988233e+01 2.098535787268113850e+00 7.305530685963219639e+00 5.766990516275249057e+00 -1.351062388291053935e+02 -1.747233145420532992e+03
7.548053095913783928e+00 7.644174578426702560e+00 1.917174990413808566e-01 9.486099787059204758e+00 8.448833673630952390e+00 6.291471311853890747e+00 -1.649615166031216518e+01
1.057484363312898523e+02 9.142598558494809424e+01 2.652717618418912338e+01 5.429883543180968886e+00 -1.164081001650169256e+01 -1.478405262859346792e+01 -5.579375492147377372e+03
3.752608794741584486e+00 3.722878998583213583e+00 6.081163532327313881e-01 1.092051409147298457e+01 1.006453277949552039e+01 9.595848737461126987e+00 4.949364725868720782e+00
4.593375492700159839e+02 4.053310712313085560e+02 7.775247975908932574e+01 3.492494854698831919e+00 -1.179379985131028121e+02 -1.085489069343017690e+02 -1.054835016835831193e+05
1.102692162593911540e+01 1.081276274837523665e+01 2.768654489711595557e-01 1.002381343272857883e+01 8.919979946716040331e+00 5.883895870525865490e+00 -4.880609916324720388e+01
1.143921507091618883e+00 1.405721961467363945e+00 3.524877665961055895e-01 1.177661218283485667e+01 1.162144609407869389e+01 1.162629708156575958e+01 1.133612290186128391e+01
6.348912387914190703e+01 5.620048487248727298e+01 8.085371491825355861e+00 7.409463312552054148e+00 4.674308699496154240e+00 -5.413666956330271063e+01 -2.003444024361459014e+03
9.838820074151351847e+00 9.517372883252377846e+00 1.773750717463091320e+00 9.984929251433300124e+00 8.887377737452300863e+00 2.923571116900150368e+00 -3.641078911670714291e+01
5.190068040510173830e+01 4.279232952688479941e+01 1.112771351354390603e+01 8.389706085648098721e+00 -4.686916124119240301e+00 -1.106329737264942459e+01 -1.334849912147201167e+03
1.696770216687332322e+01 1.655857918309195753e+01 1.384950177527603854e+00 8.323854613176317585e+00 6.783007867389152956e+00 4.492456380950107686e+00 -1.319610573028041927e+02
7.985404796363756219e+00 6.240720570475180473e+00 2.324482831086480683e+00 9.363129115027195581e+00 8.312922168278561230e+00 6.287077092869759021e+00 -1.989294377183998108e+01
1.620710941406152683e+00 1.895365817882824322e+00 4.424239467255517977e-01 1.146848040168713467e+01 1.121076416179544211e+01 1.117128490718123857e+01 1.067704913125785460e+01
4.060067089110848570e+01 4.030800777675507618e+01 1.384856581954635457e+00 8.097186868555061423e+00 6.734822559011466758e+00 -8.280853947181866204e+01 -8.122168372949971626e+02
6.495668925839590990e+00 6.364885901284181635e+00 6.130504716850770919e-01 8.864454955018530313e+00 7.781301350383696303e+00 5.236367461681263435e+00 -9.106456288004368460e+00
9.693585124608934223e+01 9.658711016472834388e+01 6.380635731062096916e+00 5.554042838795642645e+00 3.332739245655521820e+00 6.539223842035459811e-01 -4.686289227292925716e+03
2.145440926717720487e+01 2.263471254780460384e+01 1.967502032141021484e+00 8.744582798131633083e+00 7.312048246334338586e+00 5.059799265142443936e+00 -2.181554373927149015e+02
3.627317545373474950e+00 3.711694585214562192e+00 1.624692894120841835e+00 1.071581232308789744e+01 9.782061638204831766e+00 9.577601287355900439e+00 5.411684821567538606e+00
2.722553336017863401e+01 2.525848681981680599e+01 2.349931492592728155e+00 7.182750457339412975e+00 5.416557970379630937e+00 3.055442590929242641e+00 -3.586244322640451401e+02
7.173800212574148816e+01 5.539408762388030993e+01 1.921091159784581848e+01 8.022660878640357041e+00 -4.286047434588958538e+01 -3.354852337305439391e+01 -2.561180073387390166e+03
1.354294627322959910e+00 1.507073737452208517e+00 1.805553655761128196e-01 1.154381562833967578e+01 1.136974489233099206e+01 1.137050889011560884e+01 1.107334414025674718e+01
2.792071449696022682e+02 2.068462264466000988e+02 8.215481195891764798e+01 4.706685059990090458e+00 -3.734778821243372704e+02 -1.049238920586419823e+02 -3.896632449992919283e+04
2.468764397297125512e+01 2.750195354629645195e+01 5.152872918814560776e+00 6.767696262065554080e+00 4.297922463910841984e+00 2.155487024930287987e+00 -2.927494813590372473e+02
4.127812707529996317e+01 4.509971012596152917e+01 5.336216270977317322e+00 8.053168617892453085e+00 6.081723078194455567e+00 -6.487150530971260309e+01 -8.399514863132511664e+02
2.088805770612093227e+01 2.145880716120801068e+01 9.675838673958573333e-01 8.860682174037371794e+00 7.360610354352261631e+00 5.050393155789273614e+00 -2.061650762580643743e+02
1.389264356328618355e+01 1.393119287684714358e+01 3.402004667806106664e-01 9.752938505015830373e+00 8.245922227481569777e+00 5.574888557903866726e+00 -8.451237147920386406e+01
2.413222060974332894e+00 2.657863451216097683e+00 3.043724875756546600e-01 1.125764789271498678e+01 1.077127903720064772e+01 1.068076853690475048e+01 9.078580751268059856e+00
1.784708874355737995e+00 1.867558418654567065e+00 1.416601907514117575e-01 1.160506592968465611e+01 1.120941208117399057e+01 1.128618997627746978e+01 1.039780822595260190e+01
2.820396544316461700e+02 2.748124281179539707e+02 5.175619003892504821e+01 4.651258533286876329e+00 -7.367167506655354714e+01 -4.030917083226453087e+03 -3.976119293485213711e+04
7.552692286402626110e+01 6.725932001762159018e+01 1.732490750971055604e+01 3.476587941496817713e+00 -5.369199911972367900e+00 -1.271941887311055979e+02 -2.840167637545231173e+03
2.296168258750815649e+00 2.302842971585695508e+00 4.988172120951341743e-02 1.160024371752967731e+01 1.108826574336505288e+01 1.129115354535166915e+01 9.354206772807287962e+00
1.645299161124646048e+01 1.513499300159111627e+01 2.021722793946735930e+00 8.907897751889525040e+00 7.357695107721602845e+00 5.054959708290089893e+00 -1.233600653708185177e+02
3.337913533062607598e+02 2.897752519780445368e+02 7.339213607568500208e+01 3.748953819647886654e+00 -9.251072325887562897e+01 -1.023039111269098726e+03 -5.569634336990343581e+04
3.784550262219521528e+02 3.156166918399306951e+02 7.667668300381110669e+01 4.046161486749730862e-01 -6.433645980258800137e+02 -1.178214538918634389e+03 -7.160211303522020171e+04
1.504297602049920890e+01 1.354467213211463239e+01 2.090925218019458409e+00 9.728878408905606179e+00 7.973694013344444720e+00 6.377680760412816952e+00 -1.011551626676024398e+02
1.035372268442679911e+01 1.032776305778424586e+01 3.189722582577764753e-01 9.370141391230982109e+00 8.083734082081099004e+00 5.871095105522053714e+00 -4.160938560395238284e+01
8.152674769746305117e+01 8.614835276646810769e+01 5.336681983926031769e+00 5.451832041582516553e+00 3.758089019337247372e+00 6.334811199189065434e-01 -3.311314893953844148e+03
4.049422424140211092e+02 4.601199638950768644e+02 1.411346146224344977e+02 -8.564676362239787011e-02 -6.649966784332010548e+02 -7.119934048764699810e+02 -8.197711944453885371e+04
1.692697149326077408e+02 1.683722513393010161e+02 1.187357315493666121e+01 4.972813507214417506e-01 -8.472277508057755036e-01 -9.056714697912353174e+00 -1.431412779557408794e+04
3.179269011308167237e+01 3.038849988634744648e+01 1.851443710371173168e+00 8.542283631777126018e+00 6.884327059036364993e+00 4.564095676562786252e+00 -4.933971712041658293e+02
5.615583065768811366e+01 6.308565223979760361e+01 1.568895308219126861e+01 7.147828040646933445e+00 1.737211185218745513e-01 -2.136832611044620300e+00 -1.564748257318417473e+03
4.285297104354620501e+01 4.820219257147584102e+01 8.498994321246129857e+00 7.884936816433327778e+00 4.999381937628303518e+00 -1.039244876914212199e+02 -9.061981625204501825e+02
7.143312290937635112e+01 8.118712862561503130e+01 1.328617796802191897e+01 4.876661545737899672e+00 -3.278805673423494493e+00 -5.089134519241894417e+00 -2.539355123183979686e+03
1.660961199917367281e+01 1.469890276514201233e+01 2.178849955812507844e+00 7.822372161249096401e+00 6.280360088661616658e+00 4.007043050618622537e+00 -1.259492042724923806e+02
1.783065511253882960e+02 1.678236283137802616e+02 2.182418498723390243e+01 4.993214553565858083e+00 -1.256971980671452904e+01 -1.400869743886559959e+01 -1.588462268600630159e+04
5.368670511924325695e+01 6.922973417790542783e+01 1.916168726040321602e+01 6.281146489830544688e+00 -2.719763823368992917e+00 -5.006243226024505333e+00 -1.429140752171235363e+03
3.048855971671499354e+00 3.139183016286628547e+00 1.134559973528403015e-01 1.051169916380453273e+01 9.764977308195613048e+00 9.599412931495406198e+00 7.342639741056183667e+00
7.181468108656369864e+00 7.419995708344504948e+00 2.757699560148980100e-01 8.492405454518694441e+00 7.300172503337042151e+00 4.630644489579930578e+00 -1.379634098876958781e+01
2.288894180800271183e+00 2.057370515013841938e+00 4.098755053777247137e-01 1.153471657026210195e+01 1.108175601623259432e+01 1.116485546669044204e+01 9.370882823603992051e+00
8.042123015199436509e+01 8.416824221408765538e+01 4.309852486443326747e+00 6.611348526779878831e+00 4.646232023616496676e+00 -5.717030189913355542e+01 -3.221796728470968901e+03
2.568243341962495485e+00 2.024117056351297350e+00 5.892003469336598576e-01 1.147910857218148450e+01 1.089585829532567907e+01 1.108821223015612745e+01 8.692464177287320126e+00
7.993842072722753755e+01 7.727592738737716616e+01 3.112742997900534103e+00 6.819317327433361164e+00 4.556423548323125239e+00 3.134688439213012323e+00 -3.183085153072566300e+03
1.707049682654897182e+01 1.831945279608798316e+01 1.663559984663249169e+00 9.567712920892022410e+00 8.474829938467861368e+00 -2.916536234228914282e+00 -1.337105298435546104e+02
1.261721461535079243e+02 1.242317580858390187e+02 1.371275489117896207e+01 3.465558907326736104e+00 -4.062551759405028662e+00 -1.463548911423540133e+01 -7.947714831382028024e+03
1.745891644050970015e+01 1.616617123481952234e+01 7.983527198162301275e+00 8.011292136223145732e+00 5.262478100380330481e+00 2.956709302223128333e+00 -1.404164805292952849e+02
3.963813925416607731e+02 3.980103183661006483e+02 4.313234665323627581e+01 3.849366452191087973e+00 -5.646724322006151198e+01 -4.859736474815478687e+03 -7.854711377552403428e+04
4.574461710022736938e+00 3.839993899641034325e+00 8.271405955381317954e-01 1.114189129742025841e+01 1.021348854849991028e+01 9.956318276797631484e+00 1.527551140822593467e+00
7.171531929715344234e+01 7.170936450394842154e+01 2.175449338284128231e+00 4.556022817617359166e+00 4.267591099530415377e+00 2.123805879802624474e+00 -2.559553109837279408e+03
5.348750560688142031e+00 4.793887937565052937e+00 9.457072745410769476e-01 1.085835783277213729e+01 9.739474079777874493e+00 9.435970971364426418e+00 -2.314165171176194136e+00
3.184749233046699501e+01 2.412048895804328197e+01 8.866257788401052053e+00 9.393874378748472864e+00 6.432635867693976550e-01 -1.529618354597806018e+01 -4.951409827605223199e+02
3.113160854474659800e+01 2.872817433762941519e+01 6.242273464490441626e+00 7.686809846830202630e+00 5.286558939596167406e+00 2.959426213561162200e+00 -4.725981241826150381e+02
3.616405356497872248e+01 3.591924711699295614e+01 3.425131672896752910e-01 8.417083580552347399e+00 7.090489751861060341e+00 -5.269068524125752617e+01 -6.419289840162705332e+02
2.114824226381689698e+02 1.854415540984519453e+02 4.907382916443918219e+01 3.398105346105078972e+00 -4.431683693374245792e+01 -4.547891472941979885e+01 -2.235041714134550421e+04
5.496542244138602484e+01 5.431098219297378904e+01 9.507372183381056496e-01 7.563270462782684334e+00 6.007640185598983606e+00 3.697131464752702268e+00 -1.498608430970956761e+03
1.590247235242516979e+02 1.289668961326107990e+02 5.301130967884261480e+01 -9.626049136381471527e-01 -5.588217525406173536e+01 -1.936953034555821489e+02 -1.263244094487329130e+04
6.370906288305342713e+01 6.198262190047014286e+01 2.297138958803557784e+00 6.011972465773828489e+00 4.563657779791374658e+00 2.541753844256252837e+00 -2.017431945609373315e+03
1.310275273106241123e+01 1.271758623964831969e+01 5.448650055872018561e-01 7.980602546986822254e+00 6.579983623413477645e+00 4.273944881676704277e+00 -7.385066345662707477e+01
1.394169632109624217e+02 1.311614238122776328e+02 1.274201485459472494e+01 3.381381284280000621e+00 -1.093753869024335579e+00 -5.039721016669199471e+00 -9.706554414374370026e+03
5.138014748940570797e+01 5.251188231364811543e+01 1.713584208747188420e+00 6.774354397167820174e+00 5.225327806867696268e+00 -3.368314816188025418e+01 -1.307969376907487231e+03
2.959577005022803746e+02 2.941690329777583770e+02 2.939367414184757621e+01 -4.360909373014514312e-01 -2.460615984021255187e+01 -1.084716150323778493e+03 -4.378348984218969417e+04
1.166891169356495084e+01 9.813397276009428793e+00 2.432248525435680708e+00 1.010974932153170869e+01 7.946007797914589332e+00 7.183320551639200247e+00 -5.609134894705376695e+01
