# SNRtot, SNR220, SNR221, evidence220_221, evidence220, evidence221, nofilter
7.557965216183171719e+01 7.243525775091296737e+01 3.673562508799586457e+00 7.182118689549056967e+00 4.978358290544517395e+00 -5.706148851463152027e+01 -2.844151509342682402e+03
2.058916549933050888e+01 1.983189398078030763e+01 1.335730203959641482e+00 9.565687344900810629e+00 7.755355690507969690e+00 -1.003004218906680123e-01 -1.999664668703561858e+02
1.559196480709811539e+01 1.580399985050994438e+01 6.674692120430682607e+00 9.510894417833057446e+00 7.169566596641939960e+00 1.906634255432430258e+00 -1.095642821638384277e+02
5.450335351040674681e+01 4.888167104562811716e+01 6.646776020842645849e+00 7.940560006787352521e+00 2.982544387782506412e+00 -3.098061461293435315e+01 -1.473317370831129210e+03
4.941715185575819902e+00 4.972306467033566157e+00 7.842417853513214965e-01 1.101384736742390125e+01 1.003956572920120571e+01 9.307034764215408984e+00 -2.198733786206670260e-01
1.678610674219689969e+01 1.384453330579838592e+01 3.772323183888968146e+00 1.005581714918933400e+01 6.953208311128431518e+00 4.025923674523403051e+00 -1.288962886711594535e+02
1.316488962540575187e+02 9.987058069274924321e+01 3.504193887274578145e+01 6.993750406195214708e+00 -9.626330330561839332e+01 -6.071513553298844101e+01 -8.653725541346746468e+03
1.363247516135244730e+01 1.587106557487328828e+01 2.604950072918252424e+00 9.644643644188768405e+00 8.637679660408162263e+00 2.106733696748168683e-01 -8.093178840339106728e+01
5.638758438531635164e+00 4.764349451531870727e+00 1.435637893922323771e+00 1.094194960538508177e+01 9.541545619212541851e+00 9.087756683089777354e+00 -3.907397255001198388e+00
1.781297241565953371e+01 1.884744463189585773e+01 1.159806990165923590e+00 9.539222461926756935e+00 8.358456294849743173e+00 -5.001480497669330560e-02 -1.466605920314690650e+02
9.067618777044246769e+01 9.868250284376311754e+01 1.225472790365136433e+01 6.382740069523721971e+00 3.791150863055721132e-01 -2.885900853232500936e+02 -4.099095113181215311e+03
3.955211744235347737e+01 4.035183129688271464e+01 1.151471639250542411e+00 8.085299025304649945e+00 6.774904937304283337e+00 -2.139736091618502201e+01 -7.701945959778063298e+02
4.680597907076356989e+01 5.241298367077927622e+01 7.990090067513225591e+00 7.700523428536568460e+00 4.540123535992792725e+00 -3.627253028428535941e+01 -1.083409437277324059e+03
1.563466357703130711e+02 1.524838553546030369e+02 5.075558345533821125e+00 5.853373795179064309e+00 3.772501888143477533e+00 -4.509342340029905927e+02 -1.221014485723841608e+04
9.259265209597671742e+00 8.017820516112816875e+00 1.564771989992371104e+00 1.050843811813999906e+01 8.649041481496992034e+00 6.957536185672267948e+00 -3.087659500177824157e+01
2.635664044506896886e+01 2.448085529654585457e+01 2.355797469329981908e+00 9.300019245960289282e+00 6.858418238262621536e+00 -2.639085487492258686e+00 -3.353458466662680166e+02
1.013113532998428923e+02 1.143203920514462197e+02 3.049348711444259763e+01 6.279145146210943551e+00 -2.379260387405229693e+01 -1.502108284716748017e+02 -5.120004752613738674e+03
4.148419944590560959e+01 4.237136503506044960e+01 2.393514760791203955e+00 8.163483049351230036e+00 6.715417871128063432e+00 -1.850619766663629306e+01 -8.484790007247830772e+02
9.377218821797224990e+00 9.476633204325121795e+00 8.187344907881860534e-01 1.035447648164462997e+01 9.142146723504495753e+00 5.872719886464094152e+00 -3.197571530687940822e+01
9.996680450085310099e+01 9.258195949054061202e+01 2.063340027076740668e+01 6.532240967164189449e+00 -3.140191873578877413e+00 -1.287815965895289594e+02 -4.984690599946837210e+03
6.277421676989284549e+00 6.483879939750070598e+00 1.119363241037484524e+00 1.070159723308917066e+01 9.488114216117278232e+00 7.756461804893549861e+00 -7.712610346312816390e+00
6.928979937299742708e+00 5.967433912315050826e+00 1.065612646498561578e+00 1.080060254960814525e+01 9.174660509976753531e+00 8.236897804200360440e+00 -1.201498037669651175e+01
8.563672809410493869e+01 8.598492549181618472e+01 4.152060053698041209e-01 6.579927997542858620e+00 5.272539640653261195e+00 -1.590118268500854697e+02 -3.654834198222775740e+03
2.536442959320890012e+01 2.686230617384806507e+01 1.035433226510481397e+01 8.331885592250328543e+00 3.754511195294963244e+00 -2.238799825507822661e+01 -3.096867431853710286e+02
4.641737385758329282e+01 4.634122896746778508e+01 9.190985041396003419e-02 7.960639759939033056e+00 6.648665476817178899e+00 -3.734924724200765667e+01 -1.065295896808273937e+03
3.735388369568306111e+00 4.287841387719667274e+00 6.982446525628989153e-01 1.096858964154821869e+01 1.025580404068495888e+01 9.322303678977711172e+00 5.013837973301580320e+00
7.109100356060945103e+01 7.304882744538697636e+01 2.351406527945747893e+00 7.186668611765822945e+00 5.874017710961075167e+00 -7.007126851140945689e+01 -2.514974992518238196e+03
5.165249057509414321e+00 5.564864425958972127e+00 1.856251130683335360e+00 1.072874540769736562e+01 9.755108489684607420e+00 8.286215354135142874e+00 -1.349497803996284162e+00
8.103209840132522856e+01 9.289164482775674969e+01 1.752893197242725876e+01 6.616101571833126194e+00 -3.007901335518011976e+00 -1.253100614752152637e+02 -3.271110084551972250e+03
2.817290541367744794e+01 3.274038621798400328e+01 8.041797289137134541e+00 8.099815193094475063e+00 4.838808093625248219e+00 -3.611616324391509636e+01 -3.848658986149533803e+02
3.923479756028863363e+01 4.192860826714987610e+01 7.609189968739002552e+00 8.119324521957667073e+00 5.510253566097358835e+00 -3.748905208852247739e+01 -7.576942686893606833e+02
3.595237497730312271e+01 3.703720619851832652e+01 1.304239408996825222e+00 8.409294717342026715e+00 7.227752443306172836e+00 -1.880031575200182203e+01 -6.342962321452512242e+02
8.954865936210883604e+01 8.969635468328637273e+01 3.492644922345748082e+00 6.779270459074672850e+00 5.074412724424390397e+00 -1.137829100431081883e+02 -3.997490795666446502e+03
3.558548631226886272e+01 3.573627782300946620e+01 2.765547565721261591e+00 8.509888495234941175e+00 6.810628245503585809e+00 -1.748659774764074371e+01 -6.211730169312826320e+02
4.711492485404193786e+01 4.881866127660589427e+01 2.447032346796295332e+00 7.909589713725913462e+00 6.691658112597894892e+00 -3.945667080259906356e+01 -1.097917670891954685e+03
4.435095642563217666e+01 4.852683851420510308e+01 4.696151514011428496e+00 7.627460196478694776e+00 6.098245937314056064e+00 -4.113982417232973177e+01 -9.715132668251072801e+02
2.451341062724208708e+00 2.772270731386139886e+00 9.444157166350550803e-01 1.137994825958483602e+01 1.088893158608894574e+01 1.070020024472102982e+01 8.985864606155738343e+00
3.844504166884677687e+01 3.992291510986780168e+01 1.751225906358951923e+00 7.993392576227715374e+00 6.756064053861233987e+00 -3.710922764893247461e+01 -7.270202133506277278e+02
3.978906014680310221e+01 4.341278370311891166e+01 7.011368597245754231e+00 8.053226915549009490e+00 6.077931310007251398e+00 -4.227506379330449704e+01 -7.795942525739027360e+02
6.536922073993024185e+01 6.193718392222788793e+01 3.829543371955635322e+00 7.579636508345466872e+00 5.087372554292792337e+00 -4.182248980596240528e+01 -2.124577108963808314e+03
1.646704924118393976e+01 1.819938680859204183e+01 2.717597607124123904e+00 9.520740633442622780e+00 8.249050568100541270e+00 7.892289037017610198e-01 -1.235914542467336048e+02
1.635375653918414685e+01 1.574932514752017099e+01 6.672207485683334660e-01 9.878243969302692662e+00 8.219509057257820217e+00 2.957017311115813563e+00 -1.217322753623994629e+02
3.148945450196913143e+01 3.200530724038308961e+01 3.270557829659226368e+00 8.318243408151699825e+00 6.847926136412681331e+00 -1.775710421749336021e+01 -4.838024713067372886e+02
4.961322008719527332e+01 4.669799112371163119e+01 5.816678346113892673e+00 7.966116884684110389e+00 3.179873373954741123e+00 -3.667897542641613029e+01 -1.218745402601183741e+03
5.682886948306665431e+01 4.954656976498374377e+01 8.428923413143895260e+00 8.132710074520744570e+00 -2.671326451741879993e-01 -2.302419389791446491e+01 -1.602769802252657655e+03
3.503096596742525293e+01 2.769709556149530627e+01 1.137191331602679512e+01 9.007243044049873859e+00 1.702193545653217122e+00 -1.689474113595995419e+00 -6.015938871963984411e+02
1.644343834267507134e+02 1.501794703166094962e+02 1.720973426226321124e+01 5.948787498847911692e+00 -8.511066390596925046e+00 -2.529767548672698751e+02 -1.350734282535878083e+04
2.178963050254272460e+01 2.237049833629093598e+01 2.460897660940980280e+00 9.221254167463156293e+00 7.635472808498977138e+00 -6.196725680788071067e+00 -2.254035976096155025e+02
9.457022228433994826e+01 9.531550352309969298e+01 3.957091632090993460e+00 6.540553710914627672e+00 4.884761771207517533e+00 -2.030786668333167313e+02 -4.459773070345679116e+03
1.651198904536801493e+01 1.641256355920035048e+01 1.258953145756722125e-01 9.561434066152187938e+00 8.072458931772967361e+00 -3.805142246582766674e-01 -1.243324900081220221e+02
3.760554698801817608e+01 3.887446166463990238e+01 6.006790357678435832e+00 8.228276709738997496e+00 5.770781960003610322e+00 -2.659621584520409598e+01 -6.950981810249668342e+02
3.842432315986317803e+01 3.642051921943988191e+01 2.291527474711823054e+00 8.232522284886330866e+00 5.877063935704740061e+00 -1.924738107733183767e+01 -7.262239040377443189e+02
4.619876280709821970e+01 5.259216348421544041e+01 7.624681138951229897e+00 7.701168124410552984e+00 4.909816303968213447e+00 -4.488994591425583280e+01 -1.055172441344206391e+03
2.101093955357687548e+01 1.987047843731629726e+01 1.344656511801663790e+00 9.584242846105935243e+00 7.642369466448958093e+00 5.459195337788029789e-01 -2.087393893529759623e+02
6.981290035606750166e+01 6.186258433221910735e+01 9.153678889331141377e+00 7.488868843059004909e+00 -1.555657959339030505e+00 -5.206498341127866780e+01 -2.424930126954050593e+03
6.310158031604416351e+01 6.252490031004567328e+01 1.165792214593961651e+00 7.479218473622239571e+00 6.007510046861601616e+00 -6.820817635095122000e+01 -1.978914318082031741e+03
7.087852870575827069e+01 7.065419490254282664e+01 1.473960077028095617e+00 7.211625751229869152e+00 5.813870983930274683e+00 -5.941867385738527929e+01 -2.499892514637444947e+03
4.444435835926727307e+00 5.657953701996169649e+00 1.435962487725904735e+00 1.086633544873784452e+01 1.033211683971435058e+01 8.885462803863187986e+00 2.113896159219811111e+00
1.313126391733202354e+02 1.231173198017478256e+02 1.252299391224657121e+01 6.336632976552879271e+00 -1.057092538025873107e+00 -1.305839757774365921e+02 -8.609514202222242602e+03
9.777907831107789605e+01 8.777551126872793930e+01 1.162965584345787029e+01 6.953313794562710370e+00 -6.944756589229240440e+00 -1.096787144580880664e+02 -4.768383676572896547e+03
3.096490293085744838e+01 2.840020527433192754e+01 3.392457557257086087e+00 8.842480080314132351e+00 5.655436101870462196e+00 -7.096282491419093397e+00 -4.674222056496573714e+02
1.131791875894814048e+01 1.120237007555750175e+01 2.286060639390632865e+00 1.020381618183031769e+01 8.691708797541888742e+00 4.643234615432467294e+00 -5.205724140802043820e+01
5.287279507801152079e+01 4.675043015087317855e+01 7.907315340718479746e+00 8.199043996169152138e+00 4.509961466269567509e-01 -2.310051426704609767e+01 -1.385775828571645206e+03
3.336559564473686379e+01 3.488935453664093700e+01 1.937034258074318727e+00 8.091662331083002258e+00 6.811543042702362882e+00 -2.654759718907531862e+01 -5.446410852549871606e+02
6.269845953100478653e+01 6.193250140554987127e+01 6.961162147072398554e+00 7.219387696434652391e+00 4.272793350054595152e+00 -6.879967029446932258e+01 -1.953558012671468077e+03
3.792072759443989582e+01 3.608340166056072462e+01 2.464192670186589940e+00 8.357194806584134383e+00 6.289306847766022557e+00 -1.565198950304410275e+01 -7.070003895368029134e+02
5.532947003899022320e+01 5.353482389894713833e+01 2.034299703817108451e+00 7.517179882256075807e+00 5.702394491735881310e+00 -4.163806839550302641e+01 -1.518684726288703814e+03
4.462312929281779361e+01 4.682556124309564893e+01 7.373979431261799000e+00 7.927142267894129901e+00 4.693818515871457819e+00 -2.339227653366724269e+01 -9.836214328327120029e+02
9.665495882819270079e+00 9.944444354972121758e+00 4.294091206662234428e-01 1.018952438352611978e+01 9.015662378363836993e+00 4.855054831752109834e+00 -3.472050422134346803e+01
1.083209843083703561e+02 9.987266410637435854e+01 1.965777372275811175e+01 6.511894931795056074e+00 -1.466000472661213472e+00 -1.436564668297953915e+02 -5.854727419658052895e+03
2.830872105320975152e+01 2.169199066025239730e+01 8.233835834515632612e+00 9.556673860477701510e+00 2.532936411611410588e+00 1.688802731576255489e+00 -3.887014427251658617e+02
3.698541968516502720e+01 3.669711701434933815e+01 5.087242778901557294e-01 8.486331551715714738e+00 7.037033317901739693e+00 -1.438231037605325113e+01 -6.719702335348415545e+02
8.139926725648946615e+01 7.173198162961789137e+01 1.757958499290629462e+01 7.097844582604534658e+00 -1.030760089690181225e+01 -4.754853091273572829e+01 -3.300929953837644462e+03
4.093937455495855460e+01 3.871992873394898282e+01 2.789753683344137425e+00 8.460319174076524007e+00 5.986293804746782854e+00 -1.620384322445002567e+01 -8.260257933665393466e+02
1.558998597249583895e+01 1.650942191445168206e+01 1.250929327697393623e+00 9.479909393665835182e+00 8.169030531695435471e+00 -4.550352506348342985e-01 -1.095334302022538537e+02
3.854097790510314070e+01 3.997471703607819649e+01 1.950204411178485753e+00 7.960590395011394982e+00 6.685688071620335293e+00 -2.734871576568155405e+01 -7.307130878317695988e+02
2.497471326881003506e+01 2.607793377919943723e+01 1.474577072395957256e+00 8.689060422530175742e+00 7.389721722206032517e+00 -1.074443685323053010e+01 -2.998777503205833455e+02
1.954631323610110272e+01 2.353148170224748625e+01 8.263923652329276948e+00 8.659096786585429584e+00 5.799136846825353686e+00 -1.755052678523689735e+01 -1.790387794528359393e+02
1.291351398740643504e+02 1.221289304787821663e+02 7.952701823810623516e+00 6.349372198765452779e+00 2.648037847146587964e+00 -1.540953493222684756e+02 -8.325951774038026997e+03
1.994492129307788275e+01 1.830861428644810474e+01 3.029524106351434654e+00 9.526523267142495754e+00 7.583430663491809831e+00 4.136963302451999169e-01 -1.869095415844811043e+02
7.772437146429014732e+00 7.693185389643909744e+00 2.526670714001987839e-01 1.063739868853389048e+01 9.552985039551515456e+00 7.510807342893416561e+00 -1.821498848854013630e+01
6.199979142861673864e+01 5.211114762893610930e+01 1.122001134528515465e+01 8.070321606289304839e+00 -2.603906279259377676e+00 -1.978093431101750710e+01 -1.909996667486934030e+03
7.505701234302666336e+00 8.712138184889592907e+00 1.466268734828992004e+00 1.021948874431378229e+01 9.306570582426402893e+00 5.085033720255403011e+00 -1.617737440025161533e+01
4.587095930900961349e+01 4.573467088137105918e+01 7.558741805671463920e-01 8.051130784242271687e+00 6.671584719506950201e+00 -3.124952619763369555e+01 -1.040082052855353368e+03
7.286425824418877539e+01 6.765742272850197025e+01 5.770178083531279256e+00 7.239352212475300696e+00 3.494723000530827406e+00 -5.107320758338111943e+01 -2.642609663628860744e+03
4.615967216999311518e+01 4.587023129582142644e+01 3.940888211012064879e+00 8.024021896044366997e+00 6.327834894949658562e+00 -2.333902781256814407e+01 -1.053367266311563753e+03
2.798006136716606562e+01 3.134102691289763598e+01 5.805614186583193614e+00 8.565528197248726272e+00 6.841054149535185758e+00 -1.889571804940811361e+01 -3.794515159461347480e+02
2.278537707119743771e+01 2.274937778005567779e+01 4.123487542560987790e-02 9.297723965710558147e+00 7.883049100423045630e+00 -2.636571299705483540e+00 -2.475963030292702740e+02
9.183140916098141204e+00 1.005322762549872628e+01 1.525194083050966487e+00 1.030395076619735129e+01 9.345660954603244974e+00 5.292315529987483558e+00 -3.017463743340324100e+01
9.551691071783452003e+01 9.818267281637275801e+01 3.206863442259959118e+00 6.411673359566277597e+00 4.714531080155339282e+00 -2.351924533704007274e+02 -4.549749715430330070e+03
1.283948571421948515e+01 1.122456194108327487e+01 3.363116943073674925e+00 1.014284412992727624e+01 7.783045176437282109e+00 5.076275785303948851e+00 -7.043579559376846078e+01
1.351374164417462680e+02 1.194600050475109754e+02 1.770340583461025830e+01 6.476309436841779288e+00 -1.681778914833899563e+01 -1.727001465955209483e+02 -9.119070260165921354e+03
3.993609684442065344e+01 3.877061462378605938e+01 1.493585643008103814e+00 8.092780811966958865e+00 6.334349587993819419e+00 -2.714345668271069201e+01 -7.854555144744180097e+02
3.967207061428299397e+01 3.918676812987382618e+01 8.795112391936955598e-01 8.032205483869025997e+00 6.475613321034123793e+00 -3.007216468192674697e+01 -7.749461923032735058e+02
1.406311194898358075e+01 1.367404955455717186e+01 6.292823181232745089e-01 9.997167001740429271e+00 8.316823661592232853e+00 3.808114883498877390e+00 -8.689515773576772517e+01
1.279871411025059729e+02 1.282203611449996856e+02 5.631227821728556293e+00 6.105724019533488089e+00 4.012400002431784074e+00 -3.450720166628419747e+02 -8.178363742687331978e+03
7.503709286711250925e+00 7.587554361433929806e+00 9.541980008067380004e-02 1.060797340171273184e+01 9.631367860350124488e+00 7.467312472186764083e+00 -1.616242542068366816e+01
3.861610559450653568e+01 3.924423178279443647e+01 1.148314762666333477e+00 8.278463152469248243e+00 6.943780228940760857e+00 -1.660916935556956986e+01 -7.336114045339846825e+02
8.371209886118309385e+01 7.203798541615400097e+01 1.279835788446101930e+01 7.426260226358986749e+00 -5.118755242502006197e+00 -3.903497326759705288e+01 -3.491867346763190653e+03
2.595223059085173745e+01 2.560163751304502355e+01 1.091858806638710933e+00 8.868522513367492976e+00 7.384422173961675995e+00 -9.532090553545199185e+00 -3.247687352113156862e+02
1.269161475802402208e+02 1.171699187810551877e+02 1.089558345547027862e+01 6.170679471084792311e+00 -1.828364370876223610e+00 -1.842440306501446798e+02 -8.041863857195603487e+03
1.768350060064303619e+01 1.588970770583089553e+01 2.025811599528581475e+00 9.752151921503443788e+00 7.138429344803651766e+00 2.018862036483603628e+00 -1.443626956374166355e+02
2.742682956083266177e+01 2.605612187943419755e+01 4.338668423355704462e+00 8.995928506533342528e+00 6.418412376460035595e+00 -6.973369124631878080e+00 -3.641250887704275101e+02
9.581044733653691026e+01 1.051136061822628847e+02 1.916784467849392115e+01 6.410553881871089210e+00 -1.925478367975050453e+00 -3.247783833911943816e+02 -4.577830508304601608e+03
1.518536718618688610e+02 1.491962783131826598e+02 4.097650277965724008e+00 5.690087693959357651e+00 3.714571580859541644e+00 -4.566982155592351660e+02 -1.151777842785701796e+04
3.395876459424070504e+01 3.339225941402994380e+01 9.252016213099874875e+00 8.419801584670375760e+00 4.191827349505386380e+00 -8.338873907524236628e+00 -5.646084452744732971e+02
5.213229193256395178e+01 5.299278390952566298e+01 1.935791883704453431e+00 7.414769368713545639e+00 6.136383143622631486e+00 -6.189300588901768663e+01 -1.346897529961981718e+03
7.639158985007136948e+01 6.737688193552470750e+01 1.057487967886601510e+01 7.303577129305247162e+00 -5.835259936783733892e+00 -6.274595997457451091e+01 -2.905847098801708853e+03
3.658644314663418839e+01 4.059873151618408116e+01 5.013960372530406495e+00 8.112774356806815135e+00 6.435571872167909824e+00 -2.184085454885434530e+01 -6.572935099518932702e+02
3.323360976581138715e+01 4.183830964284925358e+01 9.935190347421846369e+00 8.008392800078611984e+00 4.298321636997998851e+00 -3.715364088854975222e+01 -5.402460079240623827e+02
2.301930234910830464e+01 2.856163500966567170e+01 1.242134600758058127e+01 8.495361526810190966e+00 3.087940400325472012e+00 -7.884345937225385015e+00 -2.529537392107768881e+02
1.077255942255866117e+01 8.514413048361266334e+00 3.359841963473110038e+00 1.054232763053735944e+01 7.972383150468215440e+00 6.938688464708706150e+00 -4.603361714722402809e+01
3.759187412697085051e+01 3.389918747235503105e+01 4.225361170572803360e+00 8.701005585365134465e+00 5.256856556031911154e+00 -1.114213427648831001e+01 -6.945840990799556494e+02
1.286966539384242658e+01 1.480436098694779723e+01 3.444385592964244402e+00 9.585642327159613174e+00 8.256330240366519746e+00 9.736582209349364803e-01 -7.082374256567801751e+01
7.759764318728582744e+00 1.098264735950349547e+01 3.871375916314327092e+00 1.006357553419235806e+01 8.973144142021581615e+00 3.809653110868386872e+00 -1.811657003205196759e+01
6.802767561244270667e+01 6.576447424265701613e+01 6.126928777295485240e+00 7.230168482187268708e+00 5.239129719831631782e+00 -7.885048148454912109e+01 -2.301891923506811509e+03
3.838219548180580176e+01 3.054041983467718069e+01 8.645075249309130072e+00 9.198265089121829163e+00 -4.123547549464250395e-01 -2.765129331908553922e+00 -7.246060638927220907e+02
2.654128016939364443e+01 2.773621090750128459e+01 1.883389031731488972e+00 8.917853371864865153e+00 7.682456414360513186e+00 -8.590034007475459532e+00 -3.402293754060694937e+02
3.539496136743637322e+01 4.379292905841219863e+01 1.024339136635899905e+01 7.943801670467400378e+00 3.121128976566242219e+00 -3.788763876950237375e+01 -6.144112439921019586e+02
3.743702867863351003e+01 4.016274172054644254e+01 3.238299002659627224e+00 8.079267287352607241e+00 6.724453547775900653e+00 -3.759259460566820366e+01 -6.887751570333592781e+02
6.782391374776964632e+00 8.329716680627324621e+00 2.429741363481043415e+00 1.046818008661124288e+01 9.407436968525745513e+00 6.649290277661295434e+00 -1.101001527126981649e+01
9.793682120612933772e+01 1.142524906168482488e+02 2.117504641603354187e+01 6.131634271127797575e+00 -1.253423411667354515e+01 -4.609417373873353654e+02 -4.783820072871618322e+03
2.131850374097132672e+01 2.177302210097471047e+01 8.272072431787542701e-01 9.319255914042695821e+00 7.953447948111084465e+00 -2.225677730824865641e+00 -2.152488997678495650e+02
2.178054123549466325e+01 2.288652181103901029e+01 8.732333507565412489e+00 8.806649854452841097e+00 6.094143862462111372e+00 -4.717941100431325196e+00 -2.252055871464870052e+02
2.841419705967665621e+01 2.499168512359769423e+01 4.817768532824311833e+00 9.222060171524196548e+00 4.040467359394157576e+00 -4.267724387409888465e+00 -3.916928961640140869e+02
3.940124454723789427e+01 3.694774555965904028e+01 3.351409466847831364e+00 8.330600398610521040e+00 6.047223981587528385e+00 -2.005431467684192626e+01 -7.642386348265671359e+02
9.517991782827742497e+01 1.020384441461941378e+02 1.541845471431719083e+01 6.187432457527120455e+00 1.898253284904711791e-01 -2.327258615033686908e+02 -4.517617977789765973e+03
2.282707872085645207e+01 2.038098711258573559e+01 3.176650040545442089e+00 9.405314766703298801e+00 6.362392923151617197e+00 -1.042270454680194192e+00 -2.485473603550340442e+02
1.094211317133578660e+02 1.063412371300715051e+02 1.009098910490591550e+01 6.302222513478545451e+00 1.123319132536293896e+00 -1.540551256883035478e+02 -5.974501631606950468e+03
1.643331511252850774e+01 1.660686308083762697e+01 1.980373995313009228e-01 9.762902308772323678e+00 8.430256595349318260e+00 1.931705329278958327e+00 -1.230365216847742715e+02
9.476359736491168917e+00 1.276891545272806106e+01 3.979164305460799245e+00 9.829584207308728949e+00 8.731469284715942081e+00 1.004341587378593026e+00 -3.291029581864082587e+01
5.440960256705475473e+01 5.225073849992297426e+01 4.354220373403422606e+00 7.536755731175365902e+00 5.434441206394311052e+00 -4.887345645577627096e+01 -1.468212024643371251e+03
7.422068616734637914e+00 6.910151802354342898e+00 1.811230134361843547e+00 1.059284983709488870e+01 9.053977274452108759e+00 7.346306518573589628e+00 -1.555315016670394535e+01
5.195868766637303082e+01 5.390654695218375281e+01 2.462034695808764440e+00 7.722256950804039732e+00 6.496921848821206602e+00 -5.164947761860496200e+01 -1.337862210896797706e+03
1.920656194318866028e+01 1.923940594631600831e+01 1.992530099044875214e-01 9.569754876147266387e+00 8.130680286572072646e+00 5.318354078081712899e-01 -1.724556097297168265e+02
2.508844027853648129e+01 2.524690083228050241e+01 1.424904034095792804e+00 9.041311446074272951e+00 7.503767315640216040e+00 -8.379214575613307403e+00 -3.027245166957911806e+02
1.285237794134926901e+02 1.346064227176906627e+02 8.560876630509724805e+00 6.096710766086850697e+00 1.732930124756317802e+00 -3.694253444610629344e+02 -8.247190536255009647e+03
1.762811826833891189e+02 1.800027359607608162e+02 4.801863079918586408e+00 5.565929321830482834e+00 3.633980442051715887e+00 -4.280499490352536327e+02 -1.552553728301814954e+04
1.598054540330715767e+01 1.887976718328730996e+01 6.757444970169689924e+00 9.317176656042340355e+00 6.871473310534945256e+00 7.049158629869181070e-01 -1.156985145845260945e+02
1.606848800172464280e+02 1.586936329716797616e+02 2.520751567867400400e+00 5.786448309104345711e+00 4.095523073000705949e+00 -5.140302313735593316e+02 -1.289782493196938412e+04
5.578624519725058661e+01 6.058566021513829014e+01 6.127694344562423900e+00 7.471583438660330145e+00 5.603431819850738016e+00 -8.277499868083411627e+01 -1.544062175494827670e+03
1.221214435441729478e+02 1.217142558235895535e+02 4.844703023605361203e-01 6.341845015292134846e+00 4.982035200997242619e+00 -2.658606960839301792e+02 -7.444833085547255905e+03
2.225539706560789810e+01 2.037217639722513596e+01 4.695790312738580496e+00 9.479167474687601569e+00 6.027088200263635898e+00 1.478192874311265115e+00 -2.356609481648796702e+02
4.856423873205449659e+00 4.216457191301358876e+00 1.306793782170048379e+00 1.104329316957147000e+01 9.711340565231173727e+00 9.436541983354343799e+00 1.979746909347515071e-01
1.002345398666341652e+02 9.785255929727364332e+01 9.599435885725462470e+00 6.392404258824176289e+00 2.559137436158888779e+00 -1.759718468280572665e+02 -5.011491090028881445e+03
1.105611090693982845e+01 1.352820650529616486e+01 3.118821772593556751e+00 9.662190273244824823e+00 8.528958729233869107e+00 7.509986481380392931e-01 -4.912839308422226026e+01
6.736396361049168391e+00 6.307172976375681195e+00 5.228474137339729211e-01 1.080065197822442968e+01 9.699407981057177608e+00 8.524766585614059977e+00 -1.069911685752357222e+01
4.519700237629295003e+01 5.244225181570416083e+01 8.722643715451505741e+00 7.569760776108068967e+00 3.796488215113555498e+00 -8.317687502561116730e+01 -1.009394110792260676e+03
6.197852128726102450e+01 6.265036736125492922e+01 7.986219785932623383e-01 7.392737482406139371e+00 6.147418851050356459e+00 -8.028634152789550171e+01 -1.908678149368679215e+03
1.175003092342997348e+02 1.156868031751801453e+02 2.019851871178671487e+00 6.194565928628594342e+00 4.703604150271361917e+00 -1.932599415990975444e+02 -6.891170933968976897e+03
1.376263762780994604e+01 1.364234035807808176e+01 2.762688049746858887e+00 9.761692000364700306e+00 8.420889457631524522e+00 2.310738031421376348e+00 -8.271469612815042183e+01
3.219274369577215111e+01 2.826507935004960004e+01 8.011193383156070880e+00 8.956952210414169002e+00 2.919090117565579678e+00 -2.201611226239358565e+00 -5.061959722217841318e+02
1.135856534339175994e+01 1.140403583023008061e+01 1.287319051106996792e-01 1.002035552379550865e+01 8.659956927181006847e+00 3.688419854031993239e+00 -5.251810222099552306e+01
6.986659295137154402e+01 6.828449904109660906e+01 2.132948150702587586e+00 7.354413696685348611e+00 5.764413524042585557e+00 -5.161999144032573383e+01 -2.428680004207265483e+03
5.165018960130589143e+00 4.352308685155061418e+00 1.365964085490340096e+00 1.107413009189226472e+01 9.945379798201306798e+00 9.650936837340466923e+00 -1.348309320199570394e+00
6.280183207012227342e+01 6.343723695909447713e+01 9.529308916689077646e-01 7.280813360207525342e+00 6.018078589946981083e+00 -5.548454829063829408e+01 -1.960044654572864829e+03
5.301999263955981689e+01 5.447861751714808065e+01 1.873755191673136755e+00 7.418918701246499658e+00 6.119561971102690734e+00 -7.073846415944159105e+01 -1.393569408640433949e+03
1.552576843920621741e+02 1.514078340281166675e+02 5.379152926666919576e+00 6.016792678192594224e+00 3.289042145757302471e+00 -3.516475497133620252e+02 -1.204048388028354020e+04
2.095008931840808586e+01 1.788019901569930781e+01 3.474853272331821508e+00 9.745557554328470928e+00 6.294995227819300432e+00 1.879862321956129456e+00 -2.074627201155836076e+02
3.363663287738808805e+01 3.386782735588757021e+01 3.624427949840189345e-01 8.604392726339318287e+00 7.289741942633085614e+00 -1.337208755757565370e+01 -5.537211345550380202e+02
1.558052031030166162e+01 1.544053873748799965e+01 4.193600503063122709e+00 9.505802092142724646e+00 7.640801065806382297e+00 -5.075004264578550917e-01 -1.093859054608066401e+02
2.225370469212504432e+01 1.995151944920497300e+01 8.685971238324919241e+00 9.000233284423446278e+00 5.111308564256386688e+00 -5.659259335724049045e+00 -2.356232851530994310e+02
2.062174714454240032e+01 2.062258338452664219e+01 1.623281303795110486e-01 9.232756558061440799e+00 7.805208949930674933e+00 -4.485105003560157400e+00 -2.006378265376666548e+02
3.498761542355338605e+01 3.658182329865677218e+01 2.271659307719324783e+00 8.348528589015142387e+00 7.024298417182829546e+00 -1.499888934798522122e+01 -6.000762154041807435e+02
6.081287045705149552e+01 6.078935558769097725e+01 5.231040576443612977e-01 7.170998321521675045e+00 5.854597873026591515e+00 -6.994257742763929286e+01 -1.837112205504008898e+03
1.443668314737840888e+02 1.568027247712921053e+02 1.593312501258233738e+01 5.806026821108216218e+00 -1.688159287519646945e+00 -6.318561703728403245e+02 -1.040890061378093378e+04
1.240047955852810802e+01 9.816794942609780250e+00 3.889073883377032192e+00 1.033503864455784083e+01 7.819936347594213188e+00 6.429851990280385010e+00 -6.489554553168207462e+01
2.815678646039209099e+01 2.897556044098179839e+01 1.139153526721530696e+00 8.473319038184037311e+00 7.164428462920477081e+00 -1.566456318194825847e+01 -3.844119107790049839e+02
2.109759031863415046e+01 2.354775033243474525e+01 3.328587465422784497e+00 8.993883502816904851e+00 7.806143200381030489e+00 -1.078661737462809356e+01 -2.105637575174080780e+02
7.631695919900309377e+01 6.386210866803880748e+01 1.510517324910518866e+01 7.669966308798304766e+00 -1.510255200452968438e+01 -3.994521096532552917e+01 -2.900148729582097076e+03
1.297043175037047646e+01 1.507697259841217097e+01 2.531945031641432475e+00 9.450812477514432430e+00 8.264729171514963113e+00 -1.164688670072212773e+00 -7.212564878645461874e+01
1.459029150650586359e+01 1.510675553701225660e+01 8.752357438278897117e-01 9.715792703880985925e+00 8.382720801738466676e+00 1.455109055080030522e+00 -9.444790201335391089e+01
6.662910509487749877e+00 7.030907106887068103e+00 8.576341145039471092e-01 1.071334752545101665e+01 9.738837606944946046e+00 7.947837309388575910e+00 -1.020678711966648855e+01
3.826331935937450357e+00 3.075873132555990708e+00 1.331435655348863323e+00 1.127352650949154089e+01 1.037169976144233097e+01 1.045643582231768676e+01 4.669993067067245818e+00
2.498672852926733512e+01 2.347398071841006839e+01 3.038581543730041190e+00 9.210239694515703235e+00 6.987539899947393884e+00 -3.598898072536417025e+00 -3.001779001885964249e+02
3.220422530468112399e+01 3.218878272142033836e+01 1.860274612298998959e-02 8.703719355926406109e+00 7.334605676056209056e+00 -1.110615075537639029e+01 -5.065656626282774369e+02
5.288322072934673912e+01 5.308394997851658559e+01 1.072187511323883236e+00 7.794039879621262656e+00 6.495377272554450521e+00 -3.316177520809635837e+01 -1.386327116245349771e+03
2.395033851548086901e+01 2.672865646552774876e+01 7.179726399854008179e+00 8.461134317599901422e+00 6.329312733020978854e+00 -1.322824884096564801e+01 -2.748189563940084668e+02
1.407530272276436563e+02 1.408871833653873296e+02 8.549704494779716057e+00 5.994560207771292504e+00 1.913968199922691404e+00 -2.254544356894043631e+02 -9.893716935763844958e+03
9.239695689487115615e+00 8.998877578523041265e+00 2.681289229478762137e-01 1.046681690381743479e+01 9.088275373312391991e+00 6.453690450999032713e+00 -3.069558710810872526e+01
6.331856479224530432e+01 5.572354512520766434e+01 8.547710229899282197e+00 7.875563969788476726e+00 -3.932115020700539532e-01 -3.167014005309464864e+01 -1.992629922565828565e+03
3.639408446378303097e+01 4.161883303307919135e+01 9.797137494723541451e+00 7.703707716162829122e+00 3.382734207325480913e+00 -5.886319280517966490e+01 -6.502742908694319794e+02
3.726745144901752127e+01 3.364175959130879079e+01 8.725634684905955396e+00 8.591355257461865236e+00 2.577108508771536854e+00 -6.030098524624341927e+00 -6.824410676433842582e+02
3.919341507581833639e+01 3.566439235188592249e+01 4.327061753195655669e+00 8.439483423554127839e+00 4.584199501965199985e+00 -1.316030085744174016e+01 -7.560714915436373076e+02
3.319505784400688242e+01 3.520288570515295135e+01 2.620838715456406121e+00 8.429009055256921457e+00 7.251479360303830113e+00 -2.219875631667417792e+01 -5.389655315244266376e+02
1.687810606427598970e+01 2.124135340598495603e+01 7.878644632417080906e+00 9.092019678519058346e+00 6.121066602981944271e+00 -1.569619788770582502e+00 -1.304448310494202872e+02
2.803051999156722474e+01 3.198779316807989304e+01 5.285826216578019654e+00 8.555565424255105356e+00 7.118073117719157850e+00 -1.952520839495977967e+01 -3.808646243897701993e+02
7.060352299156549272e+00 7.058323842482304045e+00 2.357200829929852193e-02 1.067974550762765773e+01 9.506389900242469437e+00 7.594940654174332728e+00 -1.293388618504792298e+01
6.294751358984497358e+01 6.165230467672105874e+01 1.893317715800319601e+00 7.485682694748883925e+00 5.880169724087060956e+00 -4.194253804041423450e+01 -1.969204332462804132e+03
2.782802093013885525e+01 2.739240601504367945e+01 2.778830919162051938e+00 8.682759917129374116e+00 7.099865577530049876e+00 -1.121735094479760875e+01 -3.752089733350684355e+02
5.428665415301109931e+01 5.423130545692398385e+01 2.342580953463624382e-01 7.378580003831129552e+00 6.041821788789509817e+00 -6.082561127557080027e+01 -1.461530008455263896e+03
6.680294022659228226e+00 6.789254120905742873e+00 1.268906015542563548e-01 1.074633936922873723e+01 9.716973170650822667e+00 8.000383899612971916e+00 -1.032276300553363946e+01
6.118224999173475709e+01 6.292488681143274931e+01 2.734231487422570606e+00 7.307420885766953589e+00 5.842104786661233895e+00 -8.842268983164584029e+01 -1.859643455916509311e+03
4.465653263758435543e+01 4.385456445133798553e+01 2.674888453231732299e+00 7.793318189474197411e+00 6.060349760259917673e+00 -3.256492634217892856e+01 -9.851125524967636693e+02
1.768807393463679389e+01 1.710539608507387754e+01 7.294207137166252020e-01 9.730075131347893702e+00 8.091616792165019945e+00 1.335540773688915550e+00 -1.444435786495340892e+02
5.063405492405581043e+01 4.715591313019081099e+01 6.332505307217330071e+00 8.085929109564595763e+00 2.481682682391466166e+00 -3.213623069647972841e+01 -1.269913357917095482e+03
3.279103736871493169e+01 3.488773542354632440e+01 4.979837020556774796e+00 8.084793653363663068e+00 6.046960292601774256e+00 -2.642674924059199171e+01 -5.256356647491749072e+02
3.048908047889798922e+01 3.492708969061408197e+01 5.214311386294964379e+00 7.971986238324649143e+00 5.973590635951369521e+00 -3.123521594204640905e+01 -4.528016131153045762e+02
8.370382462797506662e+01 8.880214587800681159e+01 1.491877505332229248e+01 6.588926774981899825e+00 -2.623446693267048602e-01 -1.116788558223936576e+02 -3.491174727566348338e+03
4.228973813228877532e+01 4.307752565678086398e+01 4.745027734011562082e+00 8.069896942646238358e+00 6.041730382788420783e+00 -2.945306558207262171e+01 -8.822205745397249075e+02
1.251012891303349477e+02 9.723613549783021881e+01 3.388447504012101774e+01 6.882688938114476684e+00 -5.432730746295167990e+01 -5.541497672138186914e+01 -7.813175869926774794e+03
3.211413031103796811e+01 3.042935312263514547e+01 2.184384301958256724e+00 8.816737472074937187e+00 6.710712462333653150e+00 -7.900185203865634165e+00 -5.036682817081091343e+02
4.456017290781527151e+01 4.680390894912444111e+01 4.753373582313503931e+00 7.699619843085015347e+00 6.077695019109936148e+00 -5.582939217963804879e+01 -9.808141036781424873e+02
2.394987771256680631e+01 2.522345268093430448e+01 2.098698992967472865e+00 8.779012131451377599e+00 7.496067966954491624e+00 -1.269529850891192879e+01 -2.748079201143974615e+02
8.871287898734919963e+00 7.997391861690697823e+00 1.075550566810985265e+00 1.049529665071425022e+01 8.875416809998201373e+00 6.882336176638315983e+00 -2.735947338206565149e+01
1.827973249299080649e+01 2.208378281020517875e+01 5.171595087784047529e+00 8.891486619664235036e+00 6.725070564022468389e+00 -1.035887287661021716e+01 -1.550839088985973149e+02
1.063335864935521613e+01 1.054976395054381122e+01 7.760683744967951103e-01 1.021628605658412603e+01 8.671031143633928906e+00 5.086052806870289267e+00 -4.454375697385402333e+01
1.474307170986265589e+02 1.464109684193740577e+02 1.595822947023415317e+00 5.777992215295516765e+00 4.271942964249943131e+00 -4.686533244938366920e+02 -1.085591777099857427e+04
2.987627460456017658e+01 2.340093256270389688e+01 7.041741852175543492e+00 9.604885223194045807e+00 2.637849814123793379e+00 1.474302041586490475e+00 -4.343054910144890073e+02
4.396189206552939055e+01 4.355989488653055020e+01 4.926060795545660342e-01 7.778800046475968344e+00 6.316398125249293116e+00 -3.568787798499138120e+01 -9.543335758815734380e+02
3.224394397647484567e+01 3.113561496380735250e+01 2.082829819400031202e+00 8.557093110725775276e+00 6.715351723278296880e+00 -1.236671256440075339e+01 -5.078455604699696551e+02
1.090317073822400573e+02 1.024001631569943527e+02 7.560429767389041267e+00 6.707300232490253755e+00 1.559319549887116185e+00 -1.507014408780119084e+02 -5.931966206234155834e+03
1.525783758589268935e+01 1.281827615336816351e+01 2.698501376499668591e+00 1.019583841305726679e+01 7.419181989735118776e+00 5.175208785425924773e+00 -1.044104027896851790e+02
1.418476373800775114e+01 1.645351130866376366e+01 2.844329941401544382e+00 9.351790320704932213e+00 8.128100576864987659e+00 -3.581806814095324754e+00 -8.861336004249514531e+01
2.118450972697784707e+01 1.957565238502769489e+01 2.312624106859119788e+00 9.540171624245438409e+00 6.957598398066988210e+00 8.737178399930383144e-01 -2.124013250771548371e+02
2.202725062580882565e+01 1.840275884055234101e+01 4.149175830585013713e+00 9.806022582327074133e+00 5.880096811656018829e+00 3.296524884849595161e+00 -2.306094839570430111e+02
8.144236838086504804e+01 6.712535879988018905e+01 1.636864178707620709e+01 7.475744988164206184e+00 -1.769584843448795652e+01 -4.489157159095860550e+01 -3.304439282633208677e+03
1.181023658455641936e+02 1.148005469234811642e+02 1.235932034771371946e+01 6.192289483288579532e+00 2.194152383029044806e+00 -2.552307486561044243e+02 -6.962094008050689808e+03
2.654881612423040593e+01 2.820472159687676239e+01 1.919762622561557164e+00 8.766171200446352785e+00 7.621465236256348419e+00 -1.273583145247804715e+01 -3.404294176900434650e+02
9.711868297560297947e+01 8.594288450831390946e+01 2.715685290857594936e+01 6.594306437227559492e+00 -1.740202783868638647e+01 -1.499031521525595849e+02 -4.704028890348782625e+03
2.236226901614087481e+01 1.913034353514857600e+01 8.595846941637676153e+00 9.435864966863451997e+00 4.680924831141446418e+00 1.956135185702327917e+00 -2.380451366660724091e+02
7.016332265537906210e+01 7.020322080490210226e+01 6.650875659652775995e-02 7.187495174786060481e+00 5.916853117550435748e+00 -6.332670635883821575e+01 -2.449455521912359472e+03
3.193665312279805946e+01 3.235258115971160464e+01 1.768437384646870170e+00 8.471732891104954533e+00 7.216503465999126732e+00 -1.828937827549453488e+01 -4.979845052339088625e+02
2.290832060375650059e+01 2.364521521887894906e+01 1.173508526624567061e+00 8.994823458926003212e+00 7.643858646028336423e+00 -5.868597718673498775e+00 -2.504051753331926022e+02
4.065930077913393603e+01 4.000803496675025173e+01 7.430684779064095080e-01 8.124842080966585556e+00 6.534796380109899161e+00 -2.023519887353435820e+01 -8.145989688149860513e+02
6.965529229412193502e+01 6.239308452195328414e+01 1.118993568422685492e+01 7.353868552832454775e+00 1.165322496706526767e+00 -5.311631822310104667e+01 -2.413939471180726741e+03
3.400772491039210621e+01 3.485134779269406380e+01 2.899796738059773560e+00 8.347125852130595547e+00 6.855268803365992980e+00 -1.795859088558591310e+01 -5.662722756813972182e+02
4.472315895096695471e+01 4.028405853482303201e+01 8.557148680993782008e+00 8.279585288921783359e+00 1.724570642462529779e+00 -2.117342872635208195e+01 -9.880900721676730427e+02
3.129331239602975856e+01 2.695230249687007529e+01 8.236984048829318894e+00 8.929477838456126193e+00 4.600527298762918882e+00 -4.098196939577926301e+00 -4.776452992487002120e+02
5.038336291208612749e+01 5.235496075904577395e+01 7.709184409237257007e+00 7.467233599878052352e+00 4.740951578287175394e+00 -6.193377354752708897e+01 -1.257251228056433547e+03
3.103810467697494602e+01 2.735591081071714470e+01 4.307515511729436142e+00 9.149214342845180425e+00 5.767833207867537837e+00 -2.937727733606252833e+00 -4.696915698603723399e+02
3.686976502435056346e+01 3.354760544675144729e+01 4.349682385327752421e+00 8.463230853756583016e+00 4.938388990977236048e+00 -1.446199141517492492e+01 -6.676993853663574328e+02
2.119849531560052824e+01 1.910228742743460018e+01 2.859948698084072927e+00 9.607919659386238820e+00 6.631513894135983911e+00 1.533134060477029603e+00 -2.126977007137141129e+02
4.197990500424437244e+01 4.303786829600340269e+01 6.277174439014931551e+00 7.776531160039651169e+00 5.713644904218909915e+00 -4.497163528784032138e+01 -8.691658109736362121e+02
3.875775954509276744e+01 4.268484476667984495e+01 6.097035227328714058e+00 8.080802004907916114e+00 6.389828206497292662e+00 -3.713013351083284164e+01 -7.390915613685600647e+02
7.990887938838993954e+00 8.921168993808706205e+00 2.313345821752420761e+00 1.023768631451872935e+01 9.113940246319572225e+00 5.373107538320517129e+00 -1.993674391648659139e+01
4.075081079467110357e+01 4.121847278319019381e+01 1.058789440140037730e+00 8.142569166576052453e+00 6.839385995552972553e+00 -2.148357465897055718e+01 -8.183238891024866462e+02
3.098330097274480366e+01 3.795916166190386321e+01 1.118182314035122715e+01 8.023481508886249003e+00 3.692634661635904259e+00 -2.128321883909105949e+01 -4.679920684747898463e+02
1.765397475429672980e+01 1.834114282862839573e+01 1.136763979015144921e+00 9.538466437063888748e+00 8.244766801762125397e+00 -2.105537610414742744e-01 -1.438410112036185069e+02
1.219148143802981110e+02 1.268406523028008053e+02 1.576812310303452769e+01 5.945442198200682427e+00 -7.926655084477207680e-01 -4.257593543597556618e+02 -7.419620581582215891e+03
5.857507007403693677e+01 5.867818666170150266e+01 1.158047257231187566e-01 7.620586429585685551e+00 6.363780073854211849e+00 -4.376589308607385931e+01 -1.703529015980114309e+03
4.311975690538115202e+01 4.338916785640648044e+01 3.185450705315820308e+00 7.854046139561449813e+00 6.260572411922389335e+00 -3.160269878215518347e+01 -9.176663166805279843e+02
1.585580807035577493e+02 1.569083224504683471e+02 1.920820030817106616e+00 5.906666560820690748e+00 4.417793392840215994e+00 -4.222451601757609865e+02 -1.255834207708890972e+04
4.192426878292897641e+01 4.053896404715185042e+01 2.984428230436691365e+00 8.282954418847424449e+00 5.814893743875047427e+00 -2.567959307138706748e+01 -8.668317553825819459e+02
3.696575596226951177e+01 3.562398216956187724e+01 5.588960318777198566e+00 8.214605381179609367e+00 5.890723404957871168e+00 -1.819502050515957592e+01 -6.712431558219773251e+02
4.641619393239783165e+01 4.271882138550373753e+01 4.085216401454399460e+00 8.149226596134759859e+00 5.032399200543993700e+00 -1.868744022594296084e+01 -1.065241128475928008e+03
4.963689829537224085e+01 4.147261456271003510e+01 1.056366319993908398e+01 8.460997085694074826e+00 9.246006411745311127e-01 -6.234223101864080796e+00 -1.219920435083509119e+03
7.325733003334337923e+01 8.540454564203407983e+01 1.671576736827896070e+01 6.865854507336996981e+00 -4.154534086991987785e+00 -1.122558142467151754e+02 -2.671327800698041756e+03
5.153812486734071285e+01 4.988175341917301608e+01 5.177337481066335734e+00 7.540691937763472019e+00 5.366099713600267940e+00 -4.644150834040775067e+01 -1.316098756311747138e+03
4.262965175394720774e+01 4.242887114379187352e+01 4.872520408359383381e+00 7.998570438363788782e+00 6.295607222877489306e+00 -2.915347017904846538e+01 -8.966532032223525448e+02
1.008638179120685550e+02 8.778590607933540468e+01 1.529928807370339072e+01 6.994914965108052662e+00 -1.770930246257679741e+01 -9.870855036694347007e+01 -5.074764480790406196e+03
4.402148973478455929e+01 4.498380610753157072e+01 1.986667115835479835e+00 7.820541458211202723e+00 6.506569148368591016e+00 -4.608265063981652787e+01 -9.569553781258165372e+02
7.205037824170382521e+01 6.937698864101939478e+01 3.538372460541219233e+00 7.351495353527196741e+00 5.508301806808604262e+00 -6.471774563146659887e+01 -2.583638101277239002e+03
4.034510499201154943e+01 4.016128907263180281e+01 2.262687442251857473e+00 8.253343425430639257e+00 6.675582526238325265e+00 -2.043999135451834093e+01 -8.018733472991630151e+02
7.227631716174583687e+01 6.040653019305204197e+01 1.551834512516262699e+01 7.745730066601650421e+00 -1.729982607630869751e+01 -3.898130263571387388e+01 -2.599942610123583108e+03
1.602792504588877520e+01 1.601901558079352483e+01 3.438527592563313945e-02 9.555271894536218724e+00 8.028273612641886103e+00 -3.686069805765068708e-02 -1.164567895292596802e+02
1.130569829054818953e+01 1.333925181279646388e+01 2.523711754975494603e+00 9.598307556638728144e+00 8.446445768062766035e+00 -2.698415524981578884e-01 -5.191900580939746135e+01
5.009575075505937747e+01 4.380314620289158256e+01 7.416363489130297637e+00 8.250934312988601249e+00 -8.777790528964324324e-03 -2.274194015383483958e+01 -1.242801720747461559e+03
2.618572572273443910e+01 2.656850989814863695e+01 5.574942822470475567e-01 8.973921786738863204e+00 7.538736572699226812e+00 -5.407924997801235811e+00 -3.308557147040833115e+02
9.718584156516799055e+01 9.436365063681520837e+01 5.595580560998142161e+00 6.539339485343163894e+00 4.375305185190695667e+00 -1.754988811886973394e+02 -4.710553499255912357e+03
5.504826716752060811e+00 6.938054684953823603e+00 1.670888287854281673e+00 1.065573516552439415e+01 1.006325275205501057e+01 7.749127253059308273e+00 -3.161157481678973369e+00
1.479610887273122977e+01 1.440560813309658705e+01 4.557994115902298526e-01 9.938433962449728654e+00 8.327510424876507500e+00 3.285473730185833663e+00 -9.747201777780324505e+01
2.569052743489835322e+01 2.665389794832454129e+01 1.275435019266638381e+00 8.919864381617381710e+00 7.568685142492046936e+00 -6.034116734688894645e+00 -3.180111988325777475e+02
9.608887906656212508e+00 9.497938981089131261e+00 4.909922821601444554e-01 1.038267532783720171e+01 9.238426428958346648e+00 6.236169504577236289e+00 -3.417496229228733995e+01
5.508034749184089662e+01 5.392869309400970934e+01 1.374277282217582385e+00 7.739501871427067137e+00 6.222715682852057562e+00 -4.587682182776462980e+01 -1.504931938801917340e+03
1.053287669988134212e+02 9.356049647233160727e+01 1.350438153373836059e+01 6.787648964782377448e+00 -5.811632924964436953e+00 -7.206566359494071605e+01 -5.535084177636108507e+03
2.287312057951628574e+01 2.315695066314525619e+01 4.337790582487984770e-01 9.167246301149548415e+00 7.886263626732872289e+00 -5.056868741078851315e+00 -2.495994214134910578e+02
5.913149612595288040e+00 5.565728221417153954e+00 9.667122146598546850e-01 1.079459714236316437e+01 9.678439997598761835e+00 8.488486217244977539e+00 -5.492268061413236424e+00
6.416507238404263092e+01 7.171305419044159635e+01 9.039682107865461447e+00 6.758734623799292685e+00 1.990819476263800514e+00 -1.534013670530636091e+02 -2.046587855915660612e+03
5.195846552679412866e+01 5.356687053689920219e+01 2.978484774925835410e+00 7.754662000454137782e+00 6.435812732684348170e+00 -4.875662142371648855e+01 -1.337850668840472281e+03
4.383731383274710680e+01 4.239577060079279391e+01 2.870491337854489622e+00 8.215244020994573404e+00 6.534449182939025214e+00 -1.856884607306978197e+01 -9.488646409263255919e+02
4.699401103242728084e+00 6.646913123790922029e+00 2.643229471719577006e+00 1.054535217062172769e+01 9.856637058001863849e+00 7.392190708473325600e+00 9.482157444751777575e-01
1.823747003785094734e+01 1.811492192727908801e+01 1.616446466188388831e+00 9.353874649285980780e+00 7.704565051477528570e+00 -2.271870212794169674e+00 -1.543122555817008390e+02
2.357844739420849223e+01 2.107801521127053590e+01 4.793503020625475841e+00 9.376024515061393672e+00 5.813371263946640610e+00 -1.691286546512946742e-01 -2.659811896516739012e+02
5.610113114569486470e+01 4.333257541189212247e+01 1.407283663803604234e+01 8.662229401600779255e+00 -1.116558557679360320e+01 -9.044910845940247412e+00 -1.561678056804172684e+03
3.134325965631700583e+01 3.134797086900650598e+01 5.403147089768854314e-03 8.665757878599656294e+00 7.312933343252728591e+00 -1.400410971147742245e+01 -4.792095618325998885e+02
1.438067971831697989e+01 1.375798453118306597e+01 7.336219020344684205e-01 9.830685181946325457e+00 8.054118029667481693e+00 2.375526699155481314e+00 -9.141157347135199984e+01
1.302898272520564262e+02 1.197882812212040449e+02 1.374472666120471587e+01 6.425764184846781468e+00 -6.132609723045360006e+00 -1.714567611788282306e+02 -8.475729141576297479e+03
2.367754873482489586e+01 2.206466636159020211e+01 1.835050976050059512e+00 9.209452050079683261e+00 6.790682701324390003e+00 -3.156859291508163246e+00 -2.683227559359493171e+02
2.868463941666356831e+01 2.767583925663469202e+01 1.286478241937770495e+00 8.794598887091879647e+00 6.911914075317717732e+00 -8.297654140423336599e+00 -3.994138681229499070e+02
2.913176180705683649e+01 2.734414124828048642e+01 2.126268107956656106e+00 8.822975032601055645e+00 6.453399282287847427e+00 -8.084423811807329940e+00 -4.123393718824929692e+02
4.813779730877566010e+01 4.339838909750953633e+01 7.955369071918230617e+00 8.254396241971665660e+00 -4.725322201653305854e-01 -2.559589218631498397e+01 -1.146633363761329974e+03
8.188913186548656142e+01 7.567119615520439879e+01 1.414906908810887565e+01 7.042161806469323437e+00 -4.314285138803134245e+00 -4.931699230241119380e+01 -3.340924557732468202e+03
9.388013840806193855e+01 9.142636662448302332e+01 6.483983175727423998e+00 6.558184275827965592e+00 4.064548844930692795e+00 -1.376909042884366272e+02 -4.394749792649378833e+03
1.750824703218395584e+01 1.993134544928074448e+01 3.514258819681374657e+00 9.360649537501208428e+00 8.217958158311288841e+00 -3.862751574835921353e+00 -1.412789559609344963e+02
6.633249420745789848e+01 6.530755863695276275e+01 1.442119793729650157e+00 7.428546906365125935e+00 5.977412784476492824e+00 -4.871026934364227401e+01 -2.188009492782163306e+03
8.086518176691507165e+01 7.893147968400032255e+01 2.460597291898259709e+00 6.944587573681420878e+00 5.249406017375013001e+00 -1.238892919709593627e+02 -3.257598409989052016e+03
5.550476730569451789e+00 5.308635820008090533e+00 4.144193031864368271e-01 1.092650227139914243e+01 9.944261182273008259e+00 9.215710069807323990e+00 -3.413494859241810175e+00
2.517778220008953483e+01 2.097018220620926954e+01 5.022399523828974921e+00 9.508146336521271280e+00 4.307985239104375808e+00 5.488645171856356697e-01 -3.049699571485180059e+02
3.538602884129049642e+01 5.038733758556935527e+01 1.794107392697304348e+01 7.625178668116038061e+00 -4.674664283407096832e+00 -7.889093504439745175e+01 -6.140951174692667109e+02
1.953476939656539813e+01 1.869287239724407002e+01 5.510792563309964365e+00 9.414422549876988455e+00 6.765714536921159983e+00 6.908425310946126885e-01 -1.788132065794393668e+02
2.642760582712848461e+01 2.511761522563714166e+01 6.644780924772775599e+00 9.019826579707178382e+00 5.430631209925878444e+00 -2.000172750325397431e+00 -3.372187737679830661e+02
3.488825039875433021e+01 3.868540106309768589e+01 4.584221007014685156e+00 8.245207951452178108e+00 6.845631049036220439e+00 -2.866827352297777054e+01 -5.966046068340360762e+02
1.628821743071736989e+02 1.650958631418691596e+02 2.642277937797651521e+00 5.804653729112525973e+00 4.257732757079606856e+00 -4.969632969157608500e+02 -1.325331095240720242e+04
3.643859002852092299e+00 3.719435721791043647e+00 1.436703427920257736e+00 1.108705994497878855e+01 1.035611393786730083e+01 9.835368340489141659e+00 5.351546892721541937e+00
6.937771260958662367e+00 6.073710611314919738e+00 1.104784618443421129e+00 1.076121058643593820e+01 9.145868691931571703e+00 8.308746418135479317e+00 -1.207593392563730994e+01
3.728244659682343354e+01 3.116456914658782296e+01 6.687837737744806610e+00 9.037172702395462665e+00 2.844881258009878788e+00 -3.451418456594847584e+00 -6.830000110134408260e+02
5.053285328515420360e+01 5.231511683892620823e+01 3.463469082503787710e+00 7.610049407356489937e+00 6.205624946955842880e+00 -6.516488456877952729e+01 -1.264794229460405404e+03
3.997320314416076315e+01 4.226456640271250365e+01 4.833997805122444369e+00 8.114666790336212188e+00 6.160633246402136720e+00 -1.825577756833636656e+01 -7.869380836931173917e+02
1.573392758884524483e+02 1.538684400753645605e+02 3.972127672286552613e+00 5.955676566815528261e+00 4.010099194656500110e+00 -3.921164223470053685e+02 -1.236583346744222217e+04
