# SNRtot, SNR221_res, SNR221, evidence220_221, evidence220, evidence221, nofilter
1.560049074943188252e+01 2.352537852997807377e+00 4.621962410750124484e+00 9.504149711491708175e+00 7.703828254474409221e+00 1.804770911099016661e+00 -1.096972547025002029e+02
9.098658831064123831e+01 6.917673330618335115e+00 1.616879788969438536e+01 6.791312221931763204e+00 9.904614174003016913e-01 -1.056545965669774318e+02 -4.127289225096003065e+03
8.385537427413508738e+01 1.088570699934274977e+01 2.427454427538681969e+01 7.272606664582777825e+00 -2.242515143458889071e+01 -5.451293343220702781e+01 -3.503871496218583161e+03
8.148502016103240919e+01 8.038650451053371171e+00 1.559699744926677845e+01 6.801051745388142500e+00 -4.002230993793122416e+00 -1.179128337235910493e+02 -3.307913854212874867e+03
7.094866289621907640e+01 1.167883352918727624e+01 2.657466974715496733e+01 7.102813613406284254e+00 -1.190210633112752880e+01 -8.764089954446788511e+01 -2.504865982271612211e+03
1.309066284983888693e+02 6.129196966784910217e+00 1.158632084927345396e+01 6.259651252386182030e+00 -5.728233521190341015e+00 -2.462609742995287831e+02 -8.556282291298544806e+03
1.714484185337776978e+01 1.084687562857610921e+00 2.464338391119706984e+00 9.772314062753663322e+00 7.141136102225341453e+00 2.047603494678336578e+00 -1.349823999796123815e+02
7.616063400545644413e+01 8.579307486330000287e+00 2.010784671568056936e+01 6.781670615852523731e+00 -2.025330806116516058e+00 -1.010481850014390375e+02 -2.888230684947489863e+03
9.398907725873138475e+01 4.132587090015072739e+00 9.371609680244914031e+00 6.610025336053622524e+00 3.496270292420655235e+00 -1.791433323624125080e+02 -4.404982920864833432e+03
1.443112752027587078e+02 2.899397131710246711e+00 5.675276051998737081e+00 6.101917094200189240e+00 3.135980871577849882e+00 -3.415885826573099280e+02 -1.040088167421412436e+04
6.283427614516887161e+01 7.013308941377431438e+00 1.643159171215738112e+01 7.245141762127840224e+00 2.245917400796626495e-01 -9.409944921248924743e+01 -1.962082728234614251e+03
9.112296723471453674e+01 9.026065295522071041e-01 2.089526453571313613e+00 6.867177451759002516e+00 5.467033401471796061e+00 -1.318030919469870241e+02 -4.139707177720374602e+03
1.424669058639113359e+02 8.931435896481598746e+00 1.869110372373334172e+01 6.418620087608895020e+00 -2.000165597506065751e+01 -1.660353487729567803e+02 -1.013641923210923233e+04
1.100505054442967463e+02 4.709226481154757948e+00 9.093507084608232205e+00 6.497855865131993980e+00 2.068416765412190550e+00 -1.664797860357894024e+02 -6.043566473163538831e+03
8.270687445179686392e+01 6.131732268631402860e+00 1.313701891369528774e+01 7.101422106355205877e+00 -7.547311748121359187e-01 -7.300363746338062754e+01 -3.408223139683589125e+03
1.373685126582716265e+01 6.755459046002324497e-01 1.461154345654952058e+00 1.015298717473351964e+01 8.301798708169570773e+00 5.106370329093479654e+00 -8.236014024067401351e+01
3.320821945306550305e+01 3.687321247506587962e+00 8.612070246910146665e+00 8.524225297737253015e+00 3.703053903516812628e+00 -1.496277621605672259e+01 -5.394025185124243080e+02
1.055122229681077926e+02 1.257500794297654956e+01 2.446516032052979739e+01 7.195571501105833434e+00 -5.195541598316324894e+01 -6.054137405245148784e+01 -5.554424196726792616e+03
2.720683484696470344e+01 1.596347149578045466e+00 3.586218774395951936e+00 8.930703296138341685e+00 6.890829764037251337e+00 -6.873228632723829001e+00 -3.581155300859517183e+02
1.322258717090748235e+02 3.333610940247799803e+00 6.417061088228605215e+00 6.112195197873520058e+00 3.159792115928564460e+00 -1.936128162924765377e+02 -8.729850173503302358e+03
6.160849929332574249e+01 6.081054560775476681e+00 1.423239768972095476e+01 7.180040343177148898e+00 2.259136764294109145e+00 -1.402670821963881735e+02 -1.885813191478804811e+03
2.235225594186602294e+01 3.167011927690107864e+00 6.246867032492023242e+00 8.855465385559575964e+00 6.440514910347070021e+00 -4.817486069626506939e+00 -2.378212717362877981e+02
8.539849617450686026e+01 4.213628291485451705e+00 9.178486360486026285e+00 6.990757296662493125e+00 1.864281787436899318e+00 -7.798826885656197305e+01 -3.634461173324576066e+03
2.900477513344785052e+01 1.935730457967260953e+00 4.259654221132118224e+00 8.878162414609377606e+00 5.441325853023434966e+00 -8.763978266508662074e+00 -4.086480891618826945e+02
7.697483851749068151e+01 1.165100708664601248e+00 2.540728540899371612e+00 6.774230638452185538e+00 5.310770505500600258e+00 -1.172520478462734985e+02 -2.950572481287828850e+03
6.113543983019030748e+01 8.221074957565361885e+00 1.925553497421364568e+01 7.197446329074558058e+00 -1.797484891387943762e-01 -1.270004284733461901e+02 -1.856780600506355313e+03
3.700530250925834963e+01 6.796106094784357676e-01 1.361712611290629260e+00 8.177439692774507662e+00 6.526738221440808729e+00 -2.319783095012708074e+01 -6.727058057918064833e+02
6.895884316105001410e+00 1.117334496036143765e+00 2.394598918847538727e+00 1.041473475797270432e+01 9.291048980554924341e+00 6.496099556919663343e+00 -1.178620914149681020e+01
1.210462257883863089e+02 6.283927780254797923e+00 1.368418815271737543e+01 6.563692068800735413e+00 -2.945953103323958988e+00 -1.560362241237944261e+02 -7.314103987697444609e+03
1.608556165099368798e+02 8.219045133223213284e+00 1.889815852017337150e+01 6.159971591070770636e+00 -1.245840717246985818e+01 -1.880436785187193323e+02 -1.292527428028688519e+04
1.842798703285829731e+01 2.517941751154991969e+00 5.655997020387506957e+00 9.013724216513830712e+00 7.202323810619846611e+00 -4.131315092293993629e+00 -1.578049519325421386e+02
1.284465515431242864e+02 6.949703032172609873e+00 1.343245996740646042e+01 5.986210863556466144e+00 -2.476890607007583789e+00 -4.674326094393595099e+02 -8.237267900551185448e+03
1.009214813171617777e+02 3.023418989508504517e-01 6.255528058896763222e-01 6.333049612084361790e+00 4.972473252450262393e+00 -2.163400100101723353e+02 -5.080582294516061665e+03
7.942398744815785960e+01 2.393721801529760551e+00 4.537408260143490857e+00 7.063336913968981889e+00 5.024350370791127673e+00 -7.303122968608221299e+01 -3.142094489973514101e+03
8.892062337678697759e+01 1.625774163080796919e+00 3.636030019755271070e+00 6.532410323906651328e+00 4.996059192138949889e+00 -1.351264993348857502e+02 -3.941448229749142229e+03
9.728646224932217024e+01 3.189363724353611929e+00 6.554939849026260035e+00 6.303400505397418918e+00 3.828815376398854831e+00 -2.301016482148652642e+02 -4.720337467385339551e+03
8.665203741366639179e+01 8.531526920709824324e+00 1.994630369760783495e+01 6.576790567496302309e+00 -2.666808769338749663e+00 -2.708468310158291956e+02 -3.742297392860665695e+03
9.565120974159398770e+01 4.474770456412560549e+00 9.112127749954790801e+00 7.006036374136348499e+00 -7.033242755973483362e-01 -9.844723495244727474e+01 -4.562586561406147666e+03
3.818505377363033659e+01 7.599784652010416863e+00 1.647618446066759645e+01 7.606322700637796252e+00 -2.564980240967165592e+00 -5.028572474593533315e+01 -7.170587647384654701e+02
1.046227068257648227e+02 2.856875174601009704e+00 5.832529937961155930e+00 6.511358808252288632e+00 4.207657729026147209e+00 -1.586746532128264846e+02 -5.460964990665914229e+03
4.163000127342491652e+01 1.315436925790805178e+00 2.511189731775383294e+00 8.116148161321174115e+00 5.816433227874444611e+00 -2.605041025146338995e+01 -8.545381019036254884e+02
3.086272917776138058e+01 2.413797941025004334e-01 4.667949739574120405e-01 8.528978499643498523e+00 6.973049676948627429e+00 -1.636864307293042486e+01 -4.642636250408671685e+02
5.558412618916293013e+01 2.339227570723230176e+00 5.481012695564590587e+00 7.371790836278163894e+00 5.691958595654536879e+00 -5.865789751209625535e+01 -1.532807140997339729e+03
5.408339124767529427e+01 9.256931044476370829e+00 1.831852530010277746e+01 7.264173382175201255e+00 -5.396950940838806332e+00 -7.955461098861042046e+01 -1.450516203315505891e+03
5.758291898016011601e+01 1.311068770543102602e+01 2.895654804104784219e+01 6.847423733622981956e+00 -2.154095756078463708e+01 -2.606214675249747756e+02 -1.645905878028787356e+03
1.284740408513006571e+02 6.533308808511803178e+00 1.235164466567491459e+01 6.113755807714119861e+00 -1.279472117193993341e+00 -2.683558220266446597e+02 -8.240799185221780135e+03
1.547813132408149706e+01 8.256864029623027790e-01 1.788809002957253202e+00 9.792068903891829379e+00 7.683670342159541811e+00 1.898917406308519240e+00 -1.077958735337017515e+02
5.832657767269828497e+01 2.720524063220902011e+00 5.659829170661270226e+00 7.765393813952822910e+00 3.948903672893754990e+00 -4.003392365808319653e+01 -1.689004430395598547e+03
1.064958689107704686e+02 9.039001669330817279e+00 1.767225076160408292e+01 6.367518334021320392e+00 -4.966629255944662980e+00 -1.291177615439348187e+02 -5.658694646420949539e+03
1.384622961408188857e+01 4.034520969022351577e-01 7.935147575866033920e-01 9.684454040445638512e+00 8.299038703682546370e+00 1.072974797336794239e+00 -8.386863615388448068e+01
