# SNRtot, SNR220, SNR221, evidence220_221, evidence220, evidence221, nofilter
4.749123536111595456e+01 4.922927014310149474e+01 2.825199786418608028e+00 7.345023968414365889e+00 5.605262245022814227e+00 -2.031667838726704645e+01 -1.115718316953400745e+03
6.030898310189162892e+00 5.574423746777050326e+00 6.043955566410429414e-01 1.081879781256874651e+01 9.839451904551795636e+00 8.732297258256339845e+00 -6.195466104866587997e+00
8.391204236862191124e+01 8.460243820608832266e+01 8.227958843759262120e-01 6.353399999181212898e+00 4.867007698177930664e+00 -6.243078205886654786e+01 -3.508625026127645015e+03
2.602797901985099216e+01 2.612397405514818516e+01 4.047446776706284055e+00 8.720212506280105913e+00 6.712956347585746109e+00 9.851671899295024737e-01 -3.267374448198470418e+02
3.110397415381895314e+01 3.665574497575293123e+01 7.288053779160041046e+00 7.902382624103961639e+00 5.116003031825320235e+00 -1.048847619888250016e+01 -4.717382029716640091e+02
4.166331857605030109e+01 5.711402506865373141e+01 1.955835909822263119e+01 7.149175925522899711e+00 -6.928203838872825315e+00 -8.547518527485033246e+01 -8.559256562756742142e+02
3.388204108688232452e+01 3.508664274068647870e+01 5.058855916393534713e+00 8.252001364198152444e+00 5.893405801281528689e+00 -1.699153337316518630e+00 -5.620059529975362693e+02
1.522074106973366092e+01 1.556319663275244736e+01 8.101773798805816940e-01 9.598667258632348265e+00 8.360561740374906847e+00 3.409863462145863888e+00 -1.038450782468838440e+02
6.686561152742078207e+01 6.690833983053907730e+01 3.265681416541543758e-01 7.022886733910356227e+00 5.540872277938757584e+00 -2.131198695214647643e+01 -2.223514601358918299e+03
7.808804450531598107e+00 7.443126357040001473e+00 9.944827039660745216e-01 1.039437481579443201e+01 9.149207715777816219e+00 6.836900439372339378e+00 -1.849831236426638270e+01
1.196160089659660741e+01 1.313488034222733702e+01 1.441881571170593679e+00 9.622744744393857630e+00 8.373008185924993185e+00 3.597873663680787537e+00 -5.954954689567571080e+01
7.616859193086934710e+00 7.205025526090527599e+00 4.939856699524822758e-01 1.043546854808801427e+01 9.158207196964870178e+00 7.052336600839339553e+00 -1.701787087460181169e+01
2.344453860725228012e+01 2.839544719207398771e+01 9.231671025083659998e+00 8.305076672987343755e+00 4.549977935689797803e+00 -3.853903848657545428e+00 -2.628327941444166527e+02
1.179619259109631031e+02 1.203012798244008366e+02 1.245937372627545692e+01 5.563336011387524316e+00 5.926537030198213429e-01 -1.186386825114412886e+02 -6.945517581202719157e+03
1.998497909001197570e+01 2.069844252992669809e+01 1.598296400686324281e+00 9.254186724321272095e+00 7.958136832029599539e+00 6.598984066563691187e-01 -1.877092935050532958e+02
2.148371000260702601e+01 2.171592682105783467e+01 2.657154291683256342e-01 8.985272706481309157e+00 7.562825853546370602e+00 7.932111440428055715e-01 -2.187844966290039395e+02
6.651040140482626839e+01 6.502986951180392339e+01 1.775153697909402695e+00 7.199839152823189536e+00 5.666972278485196135e+00 -1.869838261719144867e+01 -2.199826346406503035e+03
9.899370478491018588e+00 9.179565667451267785e+00 2.169982757449913091e+00 1.026291301801213507e+01 8.695482287023519774e+00 6.445621162980302188e+00 -3.700836682615507556e+01
3.176940962055635964e+01 3.367082282090598966e+01 6.965181712148798887e+00 8.324227766056436550e+00 5.066927256378066957e+00 -1.977813392104178281e+00 -4.926572927102947688e+02
4.566206096170564877e+01 3.674198649437572328e+01 9.929067686068362875e+00 8.681373970058075429e+00 3.877975820290519682e+00 7.770383841508357037e-01 -1.030521504526207082e+03
2.496635589760565921e+01 2.858226975973941109e+01 6.283141201199348380e+00 8.557587444544505928e+00 5.471849394953487433e+00 -2.963107420777227219e+00 -2.996690622938997421e+02
1.325239091464248808e+01 1.100356259066269438e+01 2.596813745387138717e+00 1.008649499905615521e+01 8.016358494685922764e+00 6.070928238958880563e+00 -7.582253136819473127e+01
1.544992919859219072e+01 1.597788039913635139e+01 9.107459789876042322e-01 9.434247877642913949e+00 8.145028757492946525e+00 2.435153407594121244e+00 -1.073597550117011110e+02
4.479949989830761758e+00 6.256357686429123710e+00 2.266872501642411386e+00 1.056029174273592552e+01 9.797817549162553874e+00 7.728145307565391420e+00 1.955425153362345014e+00
3.093758892275195294e+01 3.109429430148707851e+01 4.151653475283069383e+00 8.452068247292217507e+00 6.528888921759007147e+00 -5.748752404391887616e+00 -4.665768030675375257e+02
7.191073580873672100e+00 7.621004616734201598e+00 6.584277465044071631e-01 1.040058022090678769e+01 9.466271518171968324e+00 6.928286999517951017e+00 -1.386536851371498535e+01
6.061489852779593690e+01 5.493300490222909360e+01 7.288724556479879269e+00 7.594543415584182000e+00 4.432174764676515721e+00 -1.173508796898717499e+01 -1.825092560658444654e+03
7.624212294825324143e+00 7.104751229331394136e+00 8.695189789439441430e-01 1.044928698563363767e+01 9.129046971768019603e+00 7.178692084414567631e+00 -1.707390544922814968e+01
4.278506416482915853e+01 4.313908190103787632e+01 2.153826035903269265e+00 7.695982717136173434e+00 6.055008863739614888e+00 -8.590376327412476698e+00 -9.032904566852192829e+02
1.884367932402185986e+01 1.612534542948437988e+01 3.929667512123032669e+00 9.581029909730455429e+00 7.331899490082457227e+00 4.550305573112316537e+00 -1.655517241242297928e+02
1.670706994415155222e+01 1.931485993111170174e+01 3.337956295396964368e+00 9.112224899311357262e+00 7.518409205150416774e+00 -2.195523072441806001e+00 -1.275726919503314036e+02
6.240530698135261645e+01 5.471743457428651425e+01 8.995833745422254779e+00 7.719363690223449481e+00 4.804950986749050301e+00 -3.658582180076825896e+00 -1.935220768609374090e+03
3.682206741749758372e+00 4.610320962304040648e+00 1.179755507864526320e+00 1.084393285516874528e+01 1.012083127960508833e+01 8.972577401668074160e+00 5.211077864560978767e+00
8.843566648645355599e+01 1.069428854523294916e+02 2.505561111772149374e+01 5.713437264102242175e+00 -2.112737246175898065e+01 -2.658427836003048128e+02 -3.898443152342566918e+03
1.073900926576881254e+01 8.639881521755443217e+00 2.429649841104274177e+00 1.039928164530861032e+01 8.437819111327026889e+00 7.197528666551833432e+00 -4.567275889607953587e+01
3.038943421501805986e+01 2.800611594804495752e+01 7.517090078080841842e+00 8.691873641225983604e+00 5.870505920283608070e+00 -2.056813847813671270e+00 -4.497684548454004698e+02
1.733415947807849022e+01 1.754744482290426788e+01 6.926464259170662885e+00 9.208086285812536076e+00 6.678711262469149368e+00 3.392188389170842200e+00 -1.382461412966744945e+02
7.844773192496246850e+01 8.069649940406470989e+01 1.323058821836383636e+01 6.690769080885627496e+00 4.541140177871749728e-01 -7.014225629236032944e+01 -3.065032920976333571e+03
6.840969670885625931e+01 6.421574828703460014e+01 5.839627632134278379e+00 7.137298547628688539e+00 4.913926149736199456e+00 -1.859213420259593974e+01 -2.327952900789794512e+03
2.516207051022042407e+01 2.728223816378286415e+01 3.049556995659980174e+00 8.747054171306292147e+00 7.244535173757221891e+00 -4.552516621240403794e+00 -3.045744950715974255e+02
1.555722431850973351e+02 1.563790003475393746e+02 6.744479624399644102e+00 5.266437498913235871e+00 2.884278520552287617e+00 -2.113370627298586157e+02 -1.208937102371247602e+04
2.396936553146045057e+01 3.081939603531704464e+01 9.307114483864069143e+00 8.074997130321108330e+00 2.666287813675269902e+00 -2.525887465845130819e+01 -2.752748408813274636e+02
3.361059574850774112e+01 3.177142099164617406e+01 9.846801432429680645e+00 8.210176258276936423e+00 4.764716400426763698e+00 -8.770543860698993832e-01 -5.528456721757486321e+02
2.786286205093934498e+01 2.977548866584983145e+01 2.204575049869111236e+00 8.576073910876978346e+00 7.050953047981931121e+00 -2.755470989185679009e+00 -3.761791397257832159e+02
4.273697089244772762e+00 3.608201235375517513e+00 8.926807804011864800e-01 1.114574362338903590e+01 1.017085818147000076e+01 1.001070685800566373e+01 2.858157703745041189e+00
5.962949577617619923e+01 5.945363191265183644e+01 2.651084092010778659e-01 7.255506578718526889e+00 5.779002951436905455e+00 -1.664363313162872515e+01 -1.765847982151452925e+03
1.391303216266372260e+02 1.198216632286142413e+02 2.202253811621134716e+01 6.071021609082580817e+00 -3.682120526706191832e+00 -2.668305250736601408e+01 -9.666632796856705681e+03
2.969190266094383190e+01 2.471749799971641792e+01 5.586357290026250588e+00 9.249707948264411783e+00 6.595954207453398332e+00 2.924055434168049139e+00 -4.288141407044270181e+02
2.404646562844394353e+01 3.109773170055480307e+01 8.254184238809804341e+00 8.033028452592583690e+00 4.423555911680111308e+00 -1.499610893181478311e+01 -2.771258535009133084e+02
7.699652249702876539e+00 8.509770440149097226e+00 1.416866427253006488e+00 1.022121099147289591e+01 9.217692530734364453e+00 5.989221855204325706e+00 -1.765192127412262124e+01
1.818063568259736655e+02 1.801497326657822100e+02 2.295308281503539050e+00 5.055458570645591898e+00 3.521745862294770824e+00 -2.018709087859360238e+02 -1.651478529005757446e+04
1.484862481427019532e+02 1.565244741670169049e+02 1.040860940930333456e+01 5.261463564950362937e+00 1.175361634515060150e+00 -2.504253348650444480e+02 -1.101209254263897674e+04
2.078387172847025965e+01 2.013052116361199495e+01 1.982629971225978505e+00 9.353271126323400964e+00 7.868584818512211143e+00 1.739910752768169644e+00 -2.039942609036980059e+02
2.509265858506124047e+01 2.348280761873551370e+01 3.829027602551289711e+00 8.841455327343853199e+00 7.115416127769472077e+00 -4.862375514414467581e-01 -3.028303563241690881e+02
5.170934404035497067e+01 5.176930514434174313e+01 1.114373238515553727e-01 7.632302765184565629e+00 6.165229883067585348e+00 -1.330114705067651215e+01 -1.324937729432842616e+03
2.029426616632618874e+01 2.205834954489791144e+01 6.209176125593297790e+00 8.839592709080269728e+00 6.850918310290619928e+00 -4.387401303421899712e+00 -1.939382185057912409e+02
3.911633099232096811e+01 3.721394339967596210e+01 2.435973918504626301e+00 8.360417028104349058e+00 6.727161898666753181e+00 -3.918454667314817286e+00 -7.530532740413501642e+02
7.947742166315667589e+01 7.752927834684470554e+01 2.263068302308064439e+00 6.844811935224282884e+00 5.257457243369224820e+00 -2.825611263450634425e+01 -3.146339876002548408e+03
5.448637585194720856e+01 5.323496253078960194e+01 3.070393170571418473e+00 7.246597358901397001e+00 5.431385397398962311e+00 -1.434230028877766649e+01 -1.472392175630773409e+03
2.782896360034730776e+01 2.477733224715839455e+01 3.421907868638480288e+00 9.018070069284581436e+00 6.978970185165631612e+00 2.290726351297495356e+00 -3.752352064256730273e+02
1.568586037603784575e+02 1.565402577288598422e+02 5.854530292773951761e-01 5.283361849902881602e+00 3.823346575765218525e+00 -1.265709258997259781e+02 -1.229032038571865451e+04
4.190899503775828094e+01 3.813875561049453466e+01 6.248650052864842763e+00 8.005258666507328869e+00 5.850618944255548293e+00 -6.245064299305742139e+00 -8.661915314283695579e+02
2.075328540229648766e+01 2.152686697083303358e+01 4.455040648526626512e+00 9.054763061899178567e+00 7.017505221873053145e+00 2.565852972172911528e+00 -2.033590263855315641e+02
7.713895921206879791e+01 7.563356532524913689e+01 6.676528040009519493e+00 6.553547512519799945e+00 4.306674041118695229e+00 -4.812295482588018558e+01 -2.963219113051551631e+03
2.724002770953584474e+01 3.081628400235843301e+01 4.420377688143001471e+00 8.177035689794850626e+00 5.913473211013296371e+00 -1.190764423271198069e+01 -3.590191536990856775e+02
2.962084439549197157e+01 3.092559440079589450e+01 3.093574648717662967e+00 8.417737840266092064e+00 6.656414036100103182e+00 -1.798425339747099283e+00 -4.267068102419193565e+02
3.350480215477197277e+01 3.672892509145087558e+01 3.692132013614485953e+00 8.190166497381806465e+00 6.449918465777461307e+00 -9.101268748114971885e+00 -5.492954826061517224e+02
2.894534571080006913e+01 2.931053618412582651e+01 5.935163514307231214e-01 8.660161485516624680e+00 7.210727979638476448e+00 -1.039695344757752604e+00 -4.069261180498112935e+02
2.219832572534207671e+01 1.992442308222368297e+01 3.443752911167725195e+00 9.249603158826584348e+00 7.191876088827386049e+00 3.201557037129423300e+00 -2.343924313951372653e+02
4.004348692064444037e+01 3.874936611251363416e+01 1.726872403047020610e+00 7.909734149038101236e+00 6.343300869876201453e+00 -7.168663682239454715e+00 -7.897500212728565430e+02
3.140349112645019503e+01 4.136244303180478710e+01 1.188625314902915875e+01 7.824108011691283338e+00 1.101956375021267753e+00 -2.787846779650534046e+01 -4.810992263554634292e+02
2.553009958364425103e+01 2.725292325307607655e+01 2.447346620788003690e+00 8.403205082552013039e+00 6.797493332965588664e+00 -5.427365338901090297e+00 -3.139025912663414601e+02
4.614241420982898489e+01 4.453204523688226857e+01 3.537163351940921796e+00 7.975904701926674001e+00 6.128444978655963382e+00 -1.003598158072473723e+01 -1.052570793446659309e+03
2.805482662723799692e+01 2.412685920892521807e+01 4.545094458936553394e+00 9.172189213232707417e+00 6.827236254794041947e+00 2.770875593243976809e+00 -3.815462474331363296e+02
4.881775635970872607e+00 5.322198916411077008e+00 5.275240137979346766e-01 1.080778705131853101e+01 1.009743305117301659e+01 8.834744165975234154e+00 7.453442907525520411e-02
4.403448077909923342e+01 4.489502806086348130e+01 7.340101767582784653e+00 7.572179303326219468e+00 4.129991149003156892e+00 -2.132273075102519044e+01 -9.575273476333751432e+02
1.142924184972219166e+02 1.151167425989402773e+02 9.623941634089714370e-01 5.835937607792357262e+00 4.350466763903205525e+00 -1.094508206596627673e+02 -6.519388061863001894e+03
7.200060127510135999e+01 6.986588930252027296e+01 2.380182093705919044e+00 7.027844088887722052e+00 5.446210744740834109e+00 -1.970066796491460082e+01 -2.580052890879009283e+03
3.261264816820832380e+01 3.414896960088209710e+01 3.609981731322547738e+00 7.980843175451838967e+00 6.144959639917189520e+00 -1.172214171781988767e+01 -5.198020091626161729e+02
4.401391091070321693e+01 3.744561204657176745e+01 9.841078703728680210e+00 8.181634446055809917e+00 4.741616963577137689e+00 -4.984007298099426109e+00 -9.566217757186051358e+02
4.741609768764210031e+01 4.794196746520326968e+01 6.369819859889061853e+00 7.506429424192989863e+00 5.362851348248174332e+00 -2.269994067981939168e+01 -1.112152758852954548e+03
4.757511570036888315e+01 4.768770650476785278e+01 1.614938452702277871e+00 7.523352619669758212e+00 5.993401792386308991e+00 -1.629306121777831962e+01 -1.119705415842688353e+03
5.255060673218272171e+01 5.231578657593288284e+01 2.629658752904271868e+00 7.483494062876003383e+00 5.716378464829014128e+00 -9.749916637286105470e+00 -1.368792732851209394e+03
5.912050153107939110e+01 5.871271764117658876e+01 4.582056271554602489e+00 7.072405421132899050e+00 4.925303489943960500e+00 -1.570879405726200773e+01 -1.735626449534125868e+03
4.488690139548015878e+01 4.613453034640039618e+01 1.569005832872338857e+00 7.563794163513319013e+00 6.032597354429793945e+00 -1.367908731737799854e+01 -9.954265573347247482e+02
6.545538240879976399e+01 6.711957860259177266e+01 1.027055950779377369e+01 6.847601581473757193e+00 3.498203219240296757e+00 -5.141122479517817112e+01 -2.130213142032051564e+03
3.057405791861609856e+01 3.162454435580893630e+01 1.257447257320122302e+00 8.494273714870962166e+00 7.020060688644291780e+00 -2.647483307439548295e+00 -4.553961076963911410e+02
3.953889956884332690e+01 3.626791224194298024e+01 9.877118369951068289e+00 7.960118991102219432e+00 4.388277920480590844e+00 -1.114632660429674971e+01 -7.696718884484847649e+02
6.392235895604375173e+01 5.189606919762478299e+01 1.343139943260213442e+01 7.985111828083390151e+00 1.744964107534711761e+00 -3.177997070190499151e+00 -2.031043586143598759e+03
6.704696125232728399e+00 7.393615827606044633e+00 8.101197605746305319e-01 1.043223081761610693e+01 9.597602150841421320e+00 7.056822241038631205e+00 -1.048607395680071797e+01
1.903527799214710470e+01 1.882107573236135778e+01 1.126259700200091141e+00 9.161812481688533794e+00 7.736689181396573467e+00 1.391129735747198559e+00 -1.691805030101052978e+02
8.444897541048405287e+01 9.406289446776011687e+01 2.268360224793379132e+01 6.042353903670396598e+00 -8.821865190208718843e+00 -5.627113163265395457e+01 -3.553824322831214886e+03
2.081605172150119643e+01 2.179825885165226396e+01 7.409982868782988952e+00 8.698317925834997411e+00 6.070895049996805071e+00 -5.369145040694786708e+00 -2.046636035270517766e+02
1.878347401041663289e+01 1.554297850426469374e+01 3.589442572262151909e+00 9.833892256580613278e+00 7.728295627990954486e+00 5.256773267263065819e+00 -1.644190468409438779e+02
2.709566781623196974e+01 2.354201050550348384e+01 5.852598354555572868e+00 9.124716205026565774e+00 6.476520563877450343e+00 9.228752164383853263e-01 -3.550972060947397608e+02
1.945716359552818631e+01 1.942756563342529574e+01 4.128023323917655141e+00 9.035615976636023561e+00 7.278920030545783959e+00 -5.549172682861032158e-01 -1.773002064825190303e+02
6.888728450610566156e+00 7.222518764485460707e+00 6.046478884289031575e-01 1.044783371756190427e+01 9.486841061696274835e+00 7.163393540002950033e+00 -1.173688872407105954e+01
3.967616871747027574e+01 3.209040918389073482e+01 9.661723611899990516e+00 8.583446441403976834e+00 4.614890017808641609e+00 -4.516139549148823207e-02 -7.751087809395286286e+02
3.644559868661598756e+01 2.838791811371586249e+01 9.296674408585513305e+00 9.091181859093891759e+00 4.899229043122890204e+00 3.200734463687219478e+00 -6.521504307038777597e+02
3.975449932456019297e+01 3.520734985254096472e+01 6.710416738769999334e+00 8.271598613304695036e+00 5.634192653057807476e+00 -3.143655731232716022e+00 -7.782197071641736557e+02
1.735217488599018409e+01 1.417708071431454364e+01 3.620358824081614024e+00 9.865329209599861926e+00 7.325947796204847151e+00 5.320869659524116280e+00 -1.385585855279395560e+02
4.503675126740079548e+01 4.922589146039596386e+01 5.024102024538614764e+00 7.637294123247825084e+00 5.589015161824353761e+00 -2.284512414924844137e+01 -1.002164081251808852e+03
4.970862727654680668e+01 5.726355836655456244e+01 1.006506919487227947e+01 7.142667377878778368e+00 2.876466074597241906e+00 -4.239514629152306924e+01 -1.223483411750272126e+03
3.327115564758646116e+01 3.433007230948280153e+01 2.724541898348473712e+00 8.167128469236635269e+00 6.483246644630506594e+00 -7.533933215119814619e+00 -5.414944979539076257e+02
2.442916502792163769e+01 2.358212201918852458e+01 9.612903399644950886e-01 9.123256409746977269e+00 7.703957659481447173e+00 1.289487204692411737e+00 -2.864016508716600811e+02
1.062759373090745498e+02 9.929319533753023563e+01 3.161689497501576795e+01 5.918488975135155705e+00 -1.492167435937648889e+01 -1.182963059487217379e+02 -5.635297024352117660e+03
3.508282387597679630e+00 3.504112831444592846e+00 1.075667829089821392e+00 1.116073102082517821e+01 1.043680711408947559e+01 1.008136732324003226e+01 5.836378453490626228e+00
6.055580000949575492e+00 5.913821191124897680e+00 3.968772991185100518e-01 1.075034032177263299e+01 9.866169054960799656e+00 8.487351729712777626e+00 -6.344623464895567722e+00
7.946534327143359633e+01 9.101406494851259765e+01 1.404819032209496221e+01 5.979720153497836144e+00 -7.940908815919973662e-01 -9.896700263660449082e+01 -3.145379989514333829e+03
9.204501595490869548e+00 8.679796815066794125e+00 1.083314003770666778e+00 1.034862977124445216e+01 9.244844840954984377e+00 6.906717183004861482e+00 -3.037102370164230791e+01
4.572306497142600534e+01 3.906111630510029897e+01 7.880073415022446959e+00 8.249761128794157017e+00 4.595719184836122295e+00 -1.055826498882026065e+00 -1.033308934081567259e+03
1.218689524466539353e+02 1.173337795027182153e+02 1.759461244480155884e+01 5.631526331556037768e+00 -2.949314868533218004e+00 -6.543662362621147111e+01 -7.414030384113343644e+03
4.827584443868527586e+01 3.780938917090832518e+01 1.540402700661721447e+01 8.130071224112697337e+00 1.540024059113614285e+00 -5.604348243092819537e+00 -1.153288177025015329e+03
3.408715319175771441e+01 3.797119733257526519e+01 9.820690850764894009e+00 8.070602604310053607e+00 2.872479433138401372e+00 -4.727346282057705906e+00 -5.689766052501242939e+02
2.405117387750385660e+01 2.583115431198799428e+01 2.129410486078287423e+00 8.498270893365683420e+00 6.938476061603545908e+00 -4.909445073199064424e+00 -2.772390813339072793e+02
4.884202610123553256e+01 4.774542394373624887e+01 1.367721997032365522e+00 7.586005669423154352e+00 6.059370739502781156e+00 -1.057643338654907694e+01 -1.180781355727832079e+03
1.755251837230374079e+01 2.148541068233003770e+01 4.837604611287769529e+00 9.035899315609867699e+00 7.215980102861275114e+00 -3.388044241884620611e+00 -1.420550494959755099e+02
3.462643893215667390e+01 3.389368919416671133e+01 1.388294971112308485e+00 8.290345376857059634e+00 6.772447476693436386e+00 -3.851186051895509443e+00 -5.875047354521329908e+02
5.302691359403922888e+01 5.425870425637473460e+01 3.371693688615589490e+00 7.120089782863475492e+00 5.405558539875714885e+00 -2.140291712402416735e+01 -1.393936381545796621e+03
1.120330196832108172e+01 1.227264228397304535e+01 3.050463163842498826e+00 9.770394178529066664e+00 8.300573641322914753e+00 4.779840230217203612e+00 -5.076658638763884568e+01
1.042026393458176443e+02 1.009680073745141158e+02 2.709820164160807821e+01 5.955532943980176519e+00 -7.981676663911071223e+00 -1.145962902370706047e+02 -5.417104622208216824e+03
6.872433849719185162e+01 7.947643875743571584e+01 1.232304230122207578e+01 6.606016633314814257e+00 1.194833145646321704e+00 -6.184282746875777548e+01 -2.349526949829248224e+03
2.900466305129283029e+01 2.665494826483790902e+01 3.013828306982644367e+00 8.945795140294242387e+00 7.237977376257555662e+00 7.684093558321087869e-01 -4.086448382504610208e+02
1.348760218263233135e+01 1.603509112914863621e+01 3.018207587222681010e+00 9.442795386988803941e+00 8.019926985814088027e+00 2.374325455032014975e+00 -7.896730520941954978e+01
8.083166633841779003e+01 8.422445289523020051e+01 4.860771514394291337e+00 6.601101104733223757e+00 4.263218887392538292e+00 -4.482959870460333462e+01 -3.254888740413596679e+03
2.093931592306963552e+01 1.698283865073057797e+01 4.723693738907402739e+00 9.722243096974716892e+00 6.663592369789641978e+00 4.673275623540077639e+00 -2.072370745540041241e+02
1.496691644454146441e+01 1.756269368017224153e+01 3.222863718674660483e+00 9.243916651472767754e+00 7.561228978357767971e+00 -3.120523590706518746e-01 -1.000138928198881842e+02
2.331232609917882925e+01 2.267086242663626905e+01 9.825031500528502715e-01 9.164738295254538869e+00 7.709032011448686994e+00 2.259634954428124232e+00 -2.597418729681725154e+02
5.711074549066618999e+01 5.719153936809658489e+01 8.821724294825071810e-01 7.431338924946611968e+00 5.951516921272398619e+00 -1.744559305742552979e+01 -1.618828224140769862e+03
5.254845998859320133e+01 5.322826973174372966e+01 7.950520231064387433e-01 7.193707216350186506e+00 5.702702848493686361e+00 -2.007939650567042378e+01 -1.368679922477335595e+03
1.517450603965004632e+02 1.516149063544842477e+02 9.533087913297104699e-01 5.230665483434506768e+00 3.743303844080857257e+00 -1.349157075871409859e+02 -1.150129127625972978e+04
6.979804869327772110e+01 6.968037170736468511e+01 2.840515418452543850e-01 7.037121853686327810e+00 5.571788477104148818e+00 -2.659493290916725172e+01 -2.423893399585528641e+03
5.380102843582574224e+01 5.276238138450371196e+01 5.622503110861592823e+00 7.582684520831191932e+00 5.282029555468944260e+00 -2.017277012474850650e+01 -1.435284929267210600e+03
5.001394733488550060e+01 4.733347576967906889e+01 6.102122634246365251e+00 7.760777141024259862e+00 4.996023878481596014e+00 -3.201459461732567124e+00 -1.238707062899295579e+03
1.443012860699218969e+01 1.452902054558401623e+01 1.426645657757549035e+00 9.508518496475227622e+00 8.169253428170677012e+00 2.942193010222427851e+00 -9.212390469811251137e+01
3.620769281739647028e+01 3.668691446757247832e+01 3.919014590832841094e+00 8.081959776285394526e+00 6.150949084519178101e+00 -9.311760812664994447e+00 -6.435081084704173691e+02
3.360468561060248760e+01 3.158852822609115663e+01 3.274915351288466780e+00 8.512865206748449154e+00 6.666324052812056422e+00 -2.982008004150468405e+00 -5.526470463846621897e+02
5.154845642928924576e+01 4.755710850685363766e+01 6.123848254209605990e+00 7.887044972809387211e+00 5.332290794615186513e+00 -9.265001605946228125e+00 -1.316631279012111236e+03
3.397324204403541614e+01 3.301709895257186389e+01 4.453254037382225583e+00 8.399313734824900735e+00 6.484553134744921898e+00 -1.522578639380566923e+00 -5.651001863822531277e+02
1.106327718593129639e+01 9.989713625256035456e+00 1.381940823379976813e+00 1.024725559834358712e+01 8.876224821859894476e+00 6.384539593090556409e+00 -4.920764993731929593e+01
2.952630764821605780e+01 3.432853973994133412e+01 7.461017967257446593e+00 8.192920474710476242e+00 4.949427518845635809e+00 -5.228635087430100192e+00 -4.239110205594963645e+02
7.737033088681418747e+01 8.166825139301985814e+01 7.565489293718917985e+00 6.297377639448209941e+00 3.118981486479635468e+00 -6.852552159615173366e+01 -2.981093649658501818e+03
8.560436264623357161e+00 8.618342527106122475e+00 6.851640415905189962e-02 1.022405894750323974e+01 9.103648648544016453e+00 6.223005485357970379e+00 -2.465013341128468483e+01
6.960770285489800813e+01 7.018195486270376193e+01 3.881381382473086727e+00 6.655023248129107394e+00 4.788440923098581159e+00 -2.980892710437379378e+01 -2.410625747258833144e+03
2.195845289678719325e+01 2.066646306397092658e+01 3.303862660731942569e+00 9.073496758293339681e+00 7.432795863841979767e+00 8.079035758681047952e-01 -2.290964257011562779e+02
3.638382571219183603e+01 3.074580867122428884e+01 1.340584186375991216e+01 8.233670372825619310e+00 2.829222220524888254e+00 -8.119841403439961525e+00 -6.499009856185213039e+02
6.425690503106000051e+01 7.630831449477437900e+01 1.513184257831614765e+01 6.237526741233367034e+00 -4.465974342908973327e+00 -1.037450890480489960e+02 -2.052484520976277054e+03
4.636015047774453279e+01 4.984941462621551977e+01 5.161877247597301377e+00 7.593046559103963311e+00 5.257810771330675870e+00 -1.239242625843543522e+01 -1.062641375050503711e+03
2.347934976276868468e+01 2.268520169344517967e+01 1.912408709399523676e+00 9.185423871748596980e+00 7.688533571822213197e+00 2.591009764722001840e+00 -2.636495315321582780e+02
5.790001057835139164e+01 5.885874156481596486e+01 1.704693439611486783e+00 7.221175108702687417e+00 5.649138782523932534e+00 -1.682917578451676377e+01 -1.664215211377546893e+03
5.973820695385626323e+01 5.815385680892441655e+01 1.831676508788382174e+00 7.362489915152981013e+00 5.818464715867524895e+00 -1.375480457770146359e+01 -1.772336283921825725e+03
5.741813206742963160e+01 4.797294791016087601e+01 1.127511693439545937e+01 8.065630201703474000e+00 4.335342976409845228e+00 -5.746550313926857001e-02 -1.636430543947340993e+03
1.366570037460481331e+02 1.432303141134731845e+02 1.163284796307151936e+01 5.474822309548907917e+00 -3.205869114987889290e-01 -1.038620086686699437e+02 -9.325577935314653587e+03
1.643473449873362568e+01 1.289634018140279714e+01 4.210573463723634724e+00 9.987737735949217210e+00 7.629984384525994479e+00 5.552825237415655479e+00 -1.230598479128779275e+02
3.077269865734708176e+01 3.622258767718667372e+01 1.172474817618975784e+01 7.931817058615701299e+00 2.540432607730714221e+00 -6.446832309217572998e+00 -4.614890902188907376e+02
3.996456460625073248e+01 4.026855740306237408e+01 3.452113335298453434e-01 7.888197236625980047e+00 6.404864294956913895e+00 -7.688710183951236843e+00 -7.865928109745397023e+02
1.141850422289394373e+01 1.142033885722310771e+01 5.482494787905148881e-01 9.869941693306783392e+00 8.610995281279889113e+00 4.838637092684280105e+00 -5.320071823506875575e+01
2.942862313052567558e+01 3.106946195757906537e+01 8.297215340984688936e+00 8.056636192261096951e+00 4.161562157475334089e+00 -1.502677628993928849e+01 -4.210315285702007486e+02
7.538622484956147218e+01 7.242692631593305919e+01 3.618455056265291070e+00 6.972445423010840138e+00 5.198827439344778867e+00 -2.233559971685072654e+01 -2.829551047425264642e+03
5.963648589033634551e+01 6.131610702404228164e+01 3.648769038411617593e+00 7.116721450352995859e+00 5.413157814934541179e+00 -3.626533139514442183e+01 -1.766264823565088363e+03
5.907082402617120209e+01 6.001733229178416451e+01 2.052055778059932223e+00 7.309157587275910473e+00 5.668175214910340820e+00 -1.940801151186702356e+01 -1.732690724456387898e+03
5.110733976183539085e+01 5.475109256556214632e+01 4.306047837018018853e+00 7.288754847375946255e+00 5.408379283345333910e+00 -1.967247361444846376e+01 -1.293989687656785691e+03
9.463193416129982438e+00 8.908595432139023274e+00 1.585226529319198052e+00 1.029311213819561033e+01 9.166379006563383669e+00 6.776719640550552981e+00 -3.278561370648826312e+01
6.752246486510780699e+01 7.350457442598816726e+01 2.005146041484476882e+01 6.617937199799923675e+00 -2.903292572449111653e+00 -9.071225975911492867e+01 -2.267651229620804315e+03
9.918247090984999659e+01 1.008665772447996147e+02 5.577385747200532151e+00 5.900555420859591393e+00 3.652534486784715373e+00 -9.976463938163981027e+01 -4.906590866782566081e+03
1.323440208093671444e+01 1.076513762880253999e+01 3.065968188879684142e+00 1.018489937543272639e+01 8.386601179521720795e+00 6.583201736102904711e+00 -7.558429811089635564e+01
5.808191804905949596e+01 6.920901522376219361e+01 1.636328691784149214e+01 6.839512825431177667e+00 -3.544496808039729885e+00 -3.509100315306609019e+01 -1.674764201019777147e+03
3.175532081101084003e+01 2.996131546565786863e+01 1.076890605290316572e+01 8.271714390698443609e+00 4.923608104276558706e+00 -8.324179261263285667e+00 -4.922097987960543719e+02
3.405320679753653224e+01 3.861975470700051005e+01 5.891416936592158926e+00 8.068469928578251071e+00 5.360534048812429120e+00 -9.907985344210130663e+00 -5.678200454888393551e+02
4.017477910330543978e+01 4.109093922391932097e+01 1.061438313588894511e+00 7.824993064435711965e+00 6.326475814582226853e+00 -8.741330691359575411e+00 -7.950160368906389294e+02
5.295545709062517403e+01 4.281829590012019082e+01 1.142258488739162381e+01 8.310474618074788822e+00 2.646180656775232620e+00 -6.546364764735650432e-01 -1.390149816729467602e+03
4.483207876508631529e+01 5.010743617433760733e+01 1.444001864883305863e+01 7.138448855945533467e+00 -1.427592672490835213e+00 -5.325351484417271308e+01 -9.929672420903970078e+02
4.912134618585368173e+01 5.309619350809061444e+01 4.712788057947218334e+00 7.413630106442881562e+00 5.407506443232617421e+00 -1.788248906666519744e+01 -1.194462924446186435e+03
1.296354661533126951e+01 1.191846165339768326e+01 2.121384932264681389e+00 1.003507640294881398e+01 8.600183871701725380e+00 5.289356416796968219e+00 -7.203636931487874051e+01
2.125247171244805955e+01 2.303742554866807168e+01 2.142023200464944210e+00 9.022224628539685654e+00 7.561175631461884095e+00 2.993352773966178049e-01 -2.138433758351477820e+02
6.539672339753369101e+01 6.527679391239466611e+01 1.164720380849155390e+01 7.143894291537348451e+00 1.726383573541351524e+00 -4.130498008546606314e+01 -2.126375314457710374e+03
6.843974316185539308e+00 6.882710059896571586e+00 7.787285860487386246e-02 1.049302148340800578e+01 9.373552633678187362e+00 7.224835764927062698e+00 -1.142959111124899430e+01
2.223810209793981230e+01 2.414882492015275872e+01 2.408423641135335469e+00 8.677584323917402642e+00 7.147751224803997161e+00 -2.710856679910154554e+00 -2.352761913501429092e+02
1.303936523604905773e+01 1.246967384664283074e+01 1.123876371825927700e+00 9.976412012588555811e+00 8.629010617434357044e+00 5.536817073385773114e+00 -7.302212177048770059e+01
2.778879831432284320e+01 2.738096568345653381e+01 2.498073606591529661e+00 8.712339067003142645e+00 7.142491092882191417e+00 -1.918423183396355647e+00 -3.741182547680014068e+02
5.860389010811797306e+01 5.945892993574289420e+01 7.184485943394601115e+00 7.155330336229160260e+00 4.196071271697611849e+00 -2.075748530036103645e+01 -1.705217566793129436e+03
3.578199876182873140e+01 2.688887597553992492e+01 1.016088180105203520e+01 9.113775519912536538e+00 4.204247758097837462e+00 2.500511541660367154e+00 -6.281853165867017879e+02
3.623277049777241388e+01 4.314285601266493586e+01 9.511278657256529101e+00 7.473237388786465374e+00 2.210332813249282324e+00 -3.963122745608686159e+01 -6.444164278630688614e+02
1.271700352336700135e+01 1.644866757431467263e+01 4.881499941593983927e+00 9.341007418247324168e+00 7.382806579308829775e+00 1.795276554007883885e+00 -6.887068819760969518e+01
4.449405090852289746e+00 4.211800812047287401e+00 5.469369664569706524e-01 1.097516434299068600e+01 1.000393508839085754e+01 9.228571335155352884e+00 2.091798277803528450e+00
3.351384439516412073e+01 3.177642983200717453e+01 2.205157204242662150e+00 8.471244738579976286e+00 6.735895000468350879e+00 -8.160804670001375882e-01 -5.495984819625821274e+02
1.441993566440453911e+01 1.368325453886854426e+01 9.905168574977720741e-01 9.787446721275305350e+00 8.403751954735495744e+00 4.576891215831858872e+00 -9.197687117372834109e+01
4.260230152939094239e+01 4.243116424415780585e+01 1.253395852218117223e+00 7.690421926854420498e+00 6.137181620699516671e+00 -9.417757700682663824e+00 -8.954876466915180799e+02
4.993364779399347952e+01 5.155983912359163668e+01 6.318455059438750965e+00 7.359366008377055124e+00 4.723199315234959172e+00 -1.152296438936118150e+01 -1.234694189898240211e+03
1.411295666697786011e+01 1.436235906180432842e+01 2.865806217633402597e-01 9.652493400775460586e+00 8.364815620822010800e+00 3.957621861577854006e+00 -8.759737183294275553e+01
1.688997067887636661e+01 1.862208404520056604e+01 6.260040656148942340e+00 8.873218567403794665e+00 6.309737279685629474e+00 -3.937121946442760034e+00 -1.306451536575970351e+02
5.194522500591398995e+01 5.020113868276018820e+01 2.837913105554240367e+00 7.449963649786172759e+00 5.815734676517671176e+00 -1.326969224688288129e+01 -1.337162799348461476e+03
4.271180590654948617e+01 4.988334859828081846e+01 1.053318550401162312e+01 7.544757052274060349e+00 1.770233696347205843e+00 -1.778827921616509400e+01 -9.001587807903232488e+02
6.893549832293557245e+01 6.259416946636245882e+01 1.345921756583190643e+01 7.126253062447064579e+00 2.387786465504332600e+00 -8.111711530407884396e+00 -2.364061063406671565e+03
5.520771029571712063e+01 5.534828605450994132e+01 5.465849429947610139e-01 7.110749982080911025e+00 5.631472100974567851e+00 -2.349801752267356747e+01 -1.511955236938860480e+03
3.876739963561744418e+01 3.212279696013052188e+01 7.781016216827145726e+00 8.752428795643405479e+00 5.243588893531386574e+00 1.545287027360597421e+00 -7.394652361447809881e+02
1.908662497214190168e+01 1.577313635245461576e+01 3.834869731241745239e+00 9.802345352178727822e+00 7.714219977419764618e+00 5.300215180482128474e+00 -1.701592253045407972e+02
5.874462290835320744e+01 5.774215069251768284e+01 2.806665009027356383e+00 7.101526040954574626e+00 5.437929924777978208e+00 -2.169113266750107272e+01 -1.713474959213253669e+03
1.040432230525566837e+02 1.035560698833467654e+02 4.747551136723757281e+00 6.186103270908241747e+00 3.902329127929497155e+00 -4.482361710402783217e+01 -5.400505730472976211e+03
3.187722340334550353e+01 3.353969286040814524e+01 1.880193591942914688e+00 8.394447236661516598e+00 6.888430792031742023e+00 -4.519814487748354814e+00 -4.960882848443444573e+02
2.809291265170572061e+01 2.791646457028172534e+01 1.489638880073432148e+00 8.495055518906783121e+00 7.013762204807168388e+00 -3.529340990662156230e+00 -3.826154695191289647e+02
3.972468144899166731e+01 4.145759790577894677e+01 5.809593766966623996e+00 7.853333015293684660e+00 5.219442224596452462e+00 -9.755019896367656429e+00 -7.770347570028767450e+02
9.607913973977593969e+01 9.298360581043175443e+01 6.270173999355020733e+00 6.414702816693285570e+00 3.690049604889987123e+00 -5.797807886547496281e+01 -4.603610145458641455e+03
1.177944015204016459e+01 1.533379306956261523e+01 4.703173252137846205e+00 9.497170281902041822e+00 7.884207574981216382e+00 -3.547903913170173951e-01 -5.738720403869334774e+01
1.115556465440684875e+01 1.526936585522772916e+01 5.181604160085153232e+00 9.375571987813959396e+00 7.090768083525688326e+00 -1.859262054407345488e+00 -5.023291027027102729e+01
6.348167893097765102e+01 6.306132689405071545e+01 5.761345109184194957e-01 7.224465332795390715e+00 5.750612852743921977e+00 -2.204533674927124309e+01 -2.002971378838811461e+03
1.734070429168378880e+01 1.694237049440456033e+01 5.055094013111069984e-01 9.567060683643111574e+00 8.240710937812677273e+00 3.611021509259227269e+00 -1.383596115567556524e+02
3.739452692245589560e+01 3.219404269989621525e+01 5.886255492639007159e+00 8.561405980028228058e+00 5.625868921660951649e+00 1.842137045698080122e-01 -6.871849207680846803e+02
2.618036293669116432e+01 2.987110280656763095e+01 4.298178903452426702e+00 8.272154511642966668e+00 6.368793020466045895e+00 -7.745134335806410419e+00 -3.307153006393814962e+02
4.888488256209085137e+01 5.192250374692252990e+01 4.339329074585529966e+00 7.463742785845545846e+00 5.587001799665467949e+00 -2.878623982233952816e+01 -1.182875470445652354e+03
2.994912478515147924e+01 2.964374200381709912e+01 7.395083552221978218e-01 8.506275834067274388e+00 7.048138332089148861e+00 -3.834910516763771593e+00 -4.364846365892325935e+02
2.473404059559027957e+01 2.567182500749175489e+01 5.506350785067389175e+00 8.637930943036188580e+00 6.386118910222166711e+00 3.980729635356219376e-01 -2.938959809830993208e+02
3.029160055339574953e+01 2.902085106735577469e+01 1.558405325991577550e+00 8.740682756517209384e+00 7.203338675947939862e+00 -1.421731273208029389e+00 -4.468001309341881324e+02
5.920476468808761439e+00 6.119083221721020927e+00 2.737136534859613279e-01 1.058550499395432531e+01 9.590830078586616736e+00 7.747272885580108515e+00 -5.535619699804465554e+00
4.911699167966600044e+01 4.690193253812667251e+01 2.531621513889571684e+00 7.832781324738571804e+00 6.185321292580947095e+00 -9.245455312926136315e+00 -1.194249034721134876e+03
1.059416544213019762e+02 1.009539108006337500e+02 1.045660271533888164e+01 6.090444618017589740e+00 1.779693262257695530e+00 -6.390316053599642743e+01 -5.599826669652231431e+03
1.010722411388777005e+02 9.605214889656271282e+01 1.213865257983545121e+01 6.343372100244747180e+00 -4.332307751716335531e-02 -5.959451223450140844e+01 -5.095808563308666635e+03
3.025607174181633852e+01 3.151764477962356281e+01 1.663507157371633349e+00 8.214722378795418223e+00 6.695360634818401380e+00 -8.015106977995127835e+00 -4.457245375139139014e+02
4.443013701181773456e+01 4.108475989405219764e+01 4.224972313956554260e+00 8.205153047872565608e+00 6.260505718877897863e+00 -4.553648195245304287e+00 -9.750281363353932420e+02
4.733530695669446686e+01 4.025502368617768667e+01 8.620031967946724549e+00 8.233772604385745097e+00 4.345338317384514149e+00 1.417053382455439881e-01 -1.108325241233189217e+03
5.532971337162036463e+01 5.449892922627114444e+01 1.666793123921600728e+00 7.312771178595791177e+00 5.775441008784032881e+00 -1.605092483557496763e+01 -1.518698189783777934e+03
5.149787873183660736e+01 4.987053661788711878e+01 1.965769705311667614e+00 7.693211716294620750e+00 6.105549999795636396e+00 -1.266076870263675680e+01 -1.314025355830420040e+03
1.302335957687582813e+01 1.302519364055761386e+01 2.258508060440076771e-03 9.831697357591384190e+00 8.649233972894434075e+00 4.434920504567170241e+00 -7.281354622524700915e+01
5.898293072759209110e+01 5.952683822763856369e+01 6.837249066384198937e-01 6.998457170957480322e+00 5.511227134930047455e+00 -2.374169210936413776e+01 -1.727502657498909230e+03
1.091767109777531033e+02 1.092201575934373921e+02 1.558932815314317266e-01 6.081472360813421574e+00 4.627588246675522932e+00 -7.931469085539396247e+01 -5.947786708850861942e+03
5.245184538956140585e+01 5.220533395244233077e+01 4.329109291457714503e-01 7.240972466085544568e+00 5.758233729345006324e+00 -1.874514540778553950e+01 -1.363607641276172444e+03
2.150830438846390180e+01 1.995994594542063538e+01 1.929853850196987963e+00 9.209444158556824078e+00 7.488446415654019361e+00 2.475403099858718647e+00 -2.193131777243531246e+02
4.172308413337573185e+00 4.293048540092047283e+00 7.542820507467267177e-01 1.095158362868880886e+01 1.014789439784827074e+01 9.340025816740118003e+00 3.286322361050913798e+00
4.393938817396245611e+01 4.245541350799685887e+01 4.658902435559396871e+00 7.954590202768001106e+00 5.960282789731958353e+00 -1.117416508119287677e+01 -9.533445154420211338e+02
2.126983570281156588e+01 1.810143005799345062e+01 3.779584089521054402e+00 9.459053935802650415e+00 7.346268096933959768e+00 3.681333785222911104e+00 -2.142125543032441044e+02
1.616790324509029020e+01 1.598379271176797900e+01 2.388485592904671106e-01 9.437192114300946955e+00 8.055325040785406898e+00 2.904085496420551582e+00 -1.187101465622459102e+02
2.579785800689747788e+01 2.626039021144870134e+01 4.661640503381655698e+00 8.651175360242056911e+00 6.656604862807061984e+00 -8.243346966425617595e-01 -3.207743377629674342e+02
2.640834322136842971e+01 2.154654086912201905e+01 5.430755104887778018e+00 9.464487518133145372e+00 6.849883021739024080e+00 4.226455748465096640e+00 -3.367098947397432767e+02
4.289857168814280897e+01 3.539756553781244008e+01 8.532501993478502911e+00 8.546019893792056621e+00 5.353419719214069339e+00 4.292681980587298440e-02 -9.081533253323091230e+02
2.598116426197233864e+01 2.695061638141156735e+01 1.118435397574174761e+00 8.820501804345402874e+00 7.410899999455805798e+00 -1.361871675654227509e+00 -3.255200470947396525e+02
1.423290428315169720e+02 1.307671052014925124e+02 1.409233994530574918e+01 5.839724464715588148e+00 -1.025265709290026805e+00 -7.323373522663999324e+01 -1.011678781555884234e+04
5.719934571105488885e+01 5.580225213062668388e+01 4.718234954850573537e+00 7.437628592606735367e+00 5.160050453869918563e+00 -8.055736647342545353e+00 -1.623892173777332118e+03
5.780394928844762603e+01 5.713884874725247442e+01 2.967822026889120668e+00 7.126403545375375792e+00 5.434453920387344539e+00 -2.192397322348733013e+01 -1.658657875561657875e+03
2.039722748921486328e+01 2.240654529256004679e+01 6.612735058539979782e+00 8.677440922317746441e+00 6.252409616641331880e+00 -6.320186304072202610e+00 -1.960330435143365833e+02
8.931800105948991586e+01 9.820983404515995119e+01 2.168233323429817361e+01 5.838104491094948223e+00 -6.497969423834471847e+00 -7.631528770369298798e+01 -3.976862255522466512e+03
5.205657794974474939e+01 5.178922925595956883e+01 1.885114859740250504e+00 7.420672380611799568e+00 5.872783284625692879e+00 -1.805783928552413542e+01 -1.342953252809870946e+03
4.692821854710019558e+00 4.891000039797160248e+00 1.049575930394340828e+00 1.080258153245521768e+01 9.908134202167737214e+00 8.713579730937004442e+00 9.791126290326683801e-01
3.475776669987782697e+01 2.886799797373154064e+01 6.793123698330535198e+00 8.954731373660610672e+00 5.810144707429778066e+00 2.251790188418437921e+00 -5.920607718725133282e+02
7.009837326945063296e+01 8.718611495323993665e+01 2.171833578199142067e+01 6.204575956427851757e+00 -9.377279345613157346e+00 -1.348559964689416120e+02 -2.444900566402560798e+03
4.804486905710916744e+01 4.594783178494645881e+01 7.628228315331260667e+00 7.824315019958095974e+00 4.412346333674530996e+00 -2.205716137149823730e+00 -1.142164320248328522e+03
2.465588454459751233e+01 2.838132282520111715e+01 4.542823467044747154e+00 8.229431095354954095e+00 6.181361675091629593e+00 -8.112325325602425252e+00 -2.919659202292065174e+02
9.917910551025334698e+00 9.502152409715444392e+00 2.517817500244637685e+00 1.009892285920274446e+01 8.853016971507971178e+00 6.095909228399134960e+00 -3.719207374001516797e+01
1.060749393183115252e+01 1.054200072889356576e+01 3.389247466990397140e-01 1.001021925204720020e+01 8.793077470411885699e+00 5.306447725383745428e+00 -4.426906264786270384e+01
5.353842928537019219e+01 4.900523842624657789e+01 7.262783661631984522e+00 7.850397657643201299e+00 4.688055928583319876e+00 -1.061193502549226686e+01 -1.421191304063237567e+03
2.027532342448549940e+01 1.672002809983090899e+01 3.916954494396893693e+00 9.677953450293655280e+00 7.435369350293528967e+00 4.678913968931934342e+00 -1.935539688746905540e+02
1.265600752580276378e+02 1.396564607718876516e+02 1.889481328114610292e+01 5.510099541264349199e+00 -7.425288414068697662e+00 -1.248094934901291140e+02 -7.996735923549755171e+03
8.034444305873853054e+00 7.394767263603353236e+00 1.540614671771472821e+00 1.053245548677338128e+01 9.303834735371765419e+00 7.629711005754408859e+00 -2.028574654303972835e+01
1.343417878187509018e+01 1.626553400552035811e+01 4.052632529751193147e+00 9.325261953745057397e+00 7.648220757114860824e+00 2.291896976854228107e+00 -7.824817866263677502e+01
1.561254380432393418e+02 1.348752890533288280e+02 2.420753513150209102e+01 5.832624670684039003e+00 -9.431958061065920162e+00 -5.168112793486911727e+01 -1.217558580098762832e+04
1.033943163236435936e+02 1.027319017413947648e+02 8.655363130204650757e-01 6.071945161376116396e+00 4.591317524779531034e+00 -8.014456201020799142e+01 -5.333201922907781409e+03
4.070173337297533322e+01 4.113209196747745011e+01 1.825311097796102899e+00 7.851354418832277027e+00 6.241164061051197365e+00 -6.786280645038065273e+00 -8.163251486733323645e+02
2.036244456405695757e+01 2.051854099932903353e+01 7.632652111141398077e-01 9.024711915725831091e+00 7.604579597535790825e+00 6.745490195064380856e-01 -1.953241732030917035e+02
1.334159503337353385e+02 1.304389567880300547e+02 6.854627143752554552e+00 5.549758554454260917e+00 2.418620795244851074e+00 -7.293594471408370339e+01 -8.887917500617812038e+03
4.479994728473315746e+01 4.906118834069227574e+01 5.384222940499356014e+00 7.611963490216851369e+00 5.462641036022863439e+00 -2.638298436244737388e+01 -9.915272372483802883e+02
3.768431716495436490e+01 3.923748162680857376e+01 1.897539409576103786e+00 7.839110397052297508e+00 6.248451335011118601e+00 -1.371123168397518022e+01 -6.980634789853824032e+02
7.616471210463424768e+01 7.294332767664022299e+01 4.039421544833618150e+00 6.685490699599774267e+00 4.664762126249383023e+00 -2.422440520556281740e+01 -2.888541283881854724e+03
2.976173336898045463e+01 2.709220202274699218e+01 3.918134759058570449e+00 8.726461688749775902e+00 6.901636916541886713e+00 -4.492840652631526766e-01 -4.308899854540876504e+02
1.315942115588561379e+01 1.512514327564633909e+01 2.275664141602101509e+00 9.610541696189477179e+00 8.348687236575152326e+00 3.082076786550998371e+00 -7.459478146993026826e+01
2.832754942628990591e+01 2.796846854332295251e+01 6.719749026013039028e+00 8.382862972978527338e+00 6.123362930353463796e+00 -6.711537288694263026e+00 -3.892346271403941387e+02
1.023645365065165258e+01 1.075993907964596197e+01 6.476150584895409290e-01 9.965442341228770928e+00 8.873306432989464199e+00 4.940028493667385945e+00 -4.040209056191510939e+01
3.221784832978223534e+01 3.882916780145549751e+01 7.873979219778242999e+00 7.975227590620383111e+00 4.409353167663997652e+00 -2.258087460357621268e+01 -5.070044743913712182e+02
3.894001437852356418e+01 4.116037018918064661e+01 4.330204504350625427e+00 7.658180521900296078e+00 5.665664190397404987e+00 -1.525281555297761571e+01 -7.461719587907563209e+02
5.946517922150130886e+01 5.860427533352432050e+01 2.173830499271272032e+00 7.022769829616595239e+00 5.462806954724283237e+00 -2.377438547206649844e+01 -1.756063368813581064e+03
2.747849093558340172e+01 2.837738963841980322e+01 1.095354674028186315e+00 8.617500228396410833e+00 7.190031919914051883e+00 -4.219272792498376390e+00 -3.655433309394148864e+02
1.357285600029550210e+01 1.259745771984611551e+01 1.161776308313806405e+00 9.969723371361027375e+00 8.654674639690567162e+00 5.408462347429058958e+00 -8.012080889332413847e+01
1.162561516574945699e+02 9.997759376226771622e+01 2.154466703302037445e+01 6.212917543806526055e+00 -5.914378418777805457e+00 -2.261760947957815659e+01 -6.745755997996133374e+03
1.846076348137956913e+01 1.839117185571666724e+01 2.584064405511993900e+00 9.339718439811386830e+00 7.664968147179260782e+00 3.472627594272164053e+00 -1.584094930486641033e+02
1.961876511296120995e+01 1.895915175297729505e+01 5.628140615650009337e+00 9.137334876578762533e+00 6.999658451980583784e+00 2.991790593601040715e+00 -1.804575711697172835e+02
2.288511657028869095e+01 2.337019652124225644e+01 1.012220811718516522e+01 8.543680049353104877e+00 4.783289314273421411e+00 -8.003577118023795123e+00 -2.498738791087963307e+02
1.315358655207453253e+01 1.249593364060414480e+01 7.531472775797218855e-01 9.990887061956485127e+00 8.745734732470484829e+00 5.327779815416453069e+00 -7.451801848240333470e+01
3.150578269867439474e+01 3.282228242819600439e+01 1.102417888492371389e+01 8.168709634713946954e+00 3.459505874995557839e+00 -1.494686949462155301e+00 -4.843167706189907449e+02
4.579849591150445320e+01 4.383282172573535007e+01 5.429172875541727450e+00 7.894056552516932612e+00 5.800668612440095018e+00 -4.967078941908575906e+00 -1.036760712768990516e+03
6.376610416875153931e+01 6.376895696762092314e+01 1.593878110473971432e+00 6.854186188436050209e+00 5.325483035596930925e+00 -3.101843203298568596e+01 -2.021067619320981521e+03
1.022305137197475489e+02 1.099144128576417359e+02 1.654764457399242161e+01 6.016579370307218788e+00 -5.141707394288339117e+00 -5.929565026542958606e+01 -5.213548566592691714e+03
3.606361970390926075e+01 3.504585843131958711e+01 4.682762268501293512e+00 8.256045652731943463e+00 5.963177225556285599e+00 -9.386875213963947751e-01 -6.383019319650414900e+02
7.062006231377686127e+00 7.084082188167144523e+00 1.740993066687873680e+00 1.055353048564132123e+01 9.390779844721940606e+00 7.671251751926329021e+00 -1.294556489695396984e+01
1.394168846305580587e+02 1.385699017206213171e+02 8.436803159152558962e+00 5.359426757980264355e+00 1.610714477923859800e+00 -9.504762938365459490e+01 -9.706543458936113893e+03
2.610413119320399389e+01 2.611102082828334048e+01 2.922155650006273420e-01 8.907192000473340698e+00 7.518279540290660812e+00 -3.255389426587971258e-01 -3.287224315669482166e+02
8.885980261601748253e+00 1.189998891979355200e+01 3.659428562702998544e+00 9.813616565079808396e+00 8.387863770643061656e+00 3.873658671451062574e+00 -2.748992149573327737e+01
1.150410317266975468e+01 1.100874150634952287e+01 9.088967092664379521e-01 1.002179601832809652e+01 8.797201379287702849e+00 5.559198255259946819e+00 -5.418179379466048573e+01
5.793704303503481867e+01 5.818582779657358373e+01 3.063104941698304162e-01 7.180136271208903409e+00 5.701168331632792352e+00 -1.832083113011808351e+01 -1.666360076712683849e+03
1.584464522194107339e+01 1.587488550431002565e+01 7.787232119699436517e-01 9.457740000955622506e+00 8.046699221057403761e+00 3.339668769123267822e+00 -1.135359899955353740e+02
2.091612306017983514e+01 2.108938247736455907e+01 4.257998222843930591e+00 9.049273309266274268e+00 7.064811804112038907e+00 2.503705806770875064e+00 -2.067517008252386574e+02
4.149405315089745017e+01 4.595266574481666311e+01 1.022024569304159058e+01 7.416281675422012221e+00 2.966596242156716468e+00 -3.682068875322077872e+01 -8.488878223356966828e+02
4.422819035353621331e+01 3.837551513650336688e+01 6.594789439126854447e+00 8.470499329177030745e+00 5.741084264721869168e+00 -1.029038408736753230e+00 -9.660760098652622219e+02
1.237324287669762981e+02 1.268231314456736669e+02 4.034946804167565126e+00 5.759397062735184925e+00 3.847661374253691591e+00 -9.074060077817308922e+01 -7.642866563178377874e+03
1.812142008986251085e+01 2.382680409400860810e+01 7.722159084467959289e+00 8.791492849002406018e+00 4.978597027174233247e+00 -3.206956967032363437e+00 -1.522025319275816742e+02
1.369726383161054173e+02 1.390353264715666342e+02 8.045012448681605477e+00 5.611866148094759588e+00 1.770705942173263381e+00 -8.943717313821109371e+01 -9.368761422528259573e+03
1.178860990567935119e+01 1.087980883851236769e+01 1.221850362219474517e+00 1.002732946543695824e+01 8.595454520062546067e+00 5.516777620020563155e+00 -5.749526064508599887e+01
5.686697774563622687e+00 5.887896687016803909e+00 1.153531920163753277e+00 1.068714005434022773e+01 9.694479980551326648e+00 8.241869914883574566e+00 -4.178864680558765698e+00
3.854087229961762517e+01 3.905324599775664751e+01 6.983397316446490199e-01 7.895437768633756015e+00 6.410393785462044747e+00 -8.201725862472871498e+00 -7.307090176986619099e+02
2.842199337582012575e+01 3.714558174891250530e+01 1.099676281820519108e+01 7.847225003640128094e+00 2.537603672492982909e-01 -2.998404739892910342e+01 -3.919144526185268660e+02
5.890025475648169362e+01 6.114923414882260033e+01 4.637259893162034352e+00 7.051821653824327463e+00 5.148727062031116297e+00 -3.998464289649103165e+01 -1.722629604080167610e+03
6.261081735645182533e+01 6.296018140740483204e+01 1.868213779792688545e+00 7.007143173042886808e+00 5.426537006246878292e+00 -2.495129529622312248e+01 -1.948066823912429982e+03
6.166668935483976810e+01 5.754858133951919541e+01 5.734106356447718156e+00 7.225430130079178781e+00 4.827112345843457497e+00 -1.410699677723873258e+01 -1.889399886884099487e+03
