# SNRtot, SNR220, SNR221, evidence220_221, evidence220, evidence221, nofilter
9.890170348678969958e+01 8.131137311070571627e+01 2.032015678559888627e+01 7.002018959586269631e+00 -3.061907219210466380e+01 -5.428538024600833722e+01 -4.878783075185379857e+03
6.734888796842744796e+01 5.537043716262564885e+01 1.383737503608293551e+01 7.809737209570221772e+00 -1.179092837860107679e+01 -2.368341402932545847e+01 -2.255945954182840978e+03
6.259979684044947135e+01 5.146600369960306409e+01 1.286163576256780239e+01 7.970375420210584316e+00 -9.498073216482012526e+00 -2.000458050171561197e+01 -1.947376881123719386e+03
9.732922418025198397e+01 8.001856978078298255e+01 1.999707816385175008e+01 7.033357193109448069e+00 -2.952989138057223073e+01 -5.250288849998457152e+01 -4.724498538655819175e+03
6.658090081169987684e+01 5.473904166544651417e+01 1.367958584859826132e+01 7.834978904062718463e+00 -1.141077615192490313e+01 -2.307237328231164142e+01 -2.204517775339653781e+03
5.655740500289002171e+01 4.649829172029924962e+01 1.162017737337402323e+01 8.189915983428662116e+00 -6.778455788135789639e+00 -1.566502361736150384e+01 -1.587379629221410141e+03
6.093457022981945670e+01 5.009694879481168073e+01 1.251950145528488534e+01 8.029229771757766088e+00 -8.726643897257080340e+00 -1.877071985961315903e+01 -1.844520523437345219e+03
8.962694277905784190e+01 7.368619071412921073e+01 1.841458200694811609e+01 7.198072540599381952e+00 -2.442574577689489601e+01 -4.416458265684903495e+01 -4.004504034851199322e+03
8.847189472678743982e+01 7.273657569408563006e+01 1.817726802053968171e+01 7.224543471135434380e+00 -2.369325124942432836e+01 -4.297026932378683739e+01 -3.901647677164824927e+03
8.551604743038521406e+01 7.030644563663787494e+01 1.756996523019689604e+01 7.294609848794765483e+00 -2.185767221147278150e+01 -3.998038436776575821e+01 -3.644506782948891669e+03
7.862298921794932482e+01 6.463936399471194250e+01 1.615373053786254331e+01 7.472095339782330647e+00 -1.779343172179333976e+01 -3.337775751516525702e+01 -3.078796815673833407e+03
8.307568198558705319e+01 6.830011553095916099e+01 1.706857236531990907e+01 7.355107727326662292e+00 -2.038426527509664510e+01 -3.758377274495255449e+01 -3.438794067576141970e+03
3.940860740598359513e+01 3.239952263298741286e+01 8.096817880378182508e+00 8.892006999468410555e+00 -2.139283984451649800e-01 -5.364602233632476569e+00 -7.645287677304178260e+02
8.430469531848829945e+01 6.931054061107836617e+01 1.732108311827656166e+01 7.324331070669752641e+00 -2.112155496489469897e+01 -3.878263929024188883e+01 -3.541650425262517274e+03
3.527703593869279075e+01 2.900277882305596222e+01 7.247953027433868378e+00 9.076682492319116946e+00 1.129467447685820858e+00 -3.306580051240367357e+00 -6.102442312008568024e+02
5.279502467009020705e+01 4.340507592886923049e+01 1.084716583207374718e+01 8.334578037251418436e+00 -5.194783622247669541e+00 -1.315329212465488951e+01 -1.381666913848662034e+03
4.546779218425712088e+01 3.738104081602569551e+01 9.341726515383431462e+00 8.631938783239540669e+00 -2.345336426752037795e+00 -8.672304726336035330e+00 -1.021669661946341762e+03
2.886249874619879563e+01 2.372911003269943464e+01 5.930034358055808141e+00 9.377767477156419673e+00 3.053922916737807025e+00 -4.066425323443194628e-01 -4.045315158281088088e+02
7.320330301342134760e+01 6.018360528092820516e+01 1.504021206930081966e+01 7.626765080139418451e+00 -1.480881202732703628e+01 -2.854750960681966276e+01 -2.667371384928337193e+03
2.504657897800772659e+01 2.059187715305196775e+01 5.146022705705799005e+00 9.568443034718768558e+00 4.117064520143042472e+00 1.165381429188807605e+00 -3.016751581417346415e+02
9.245145028798835085e+01 7.600834064497762199e+01 1.899489997317238377e+01 7.135371514253580294e+00 -2.625307144199762632e+01 -4.714669127129429427e+01 -4.261644929067136218e+03
7.528142297495384128e+01 6.189211768874070430e+01 1.546717866288697607e+01 7.565814362334132959e+00 -1.593142118500389692e+01 -3.036223558772520903e+01 -2.821655921457899240e+03
9.300605903939135999e+01 7.646430851535728834e+01 1.910884883740685680e+01 7.123384947184625560e+00 -2.661790981994078820e+01 -4.774252514262511227e+01 -4.313073107910320687e+03
1.063246585086020524e+01 8.741410586538661320e+00 2.184526307333661599e+00 1.048089841255650434e+01 7.877598910491609985e+00 6.637041998300574619e+00 -4.453426392579954296e+01
5.470856738471756131e+01 4.497828225542274794e+01 1.124031869604197986e+01 8.260277476102494632e+00 -5.989837544884262677e+00 -1.441265467551441759e+01 -1.484523271535036429e+03
8.491253152762270417e+01 6.981026907933194536e+01 1.744596799522132002e+01 7.309342339350124895e+00 -2.148975593877559476e+01 -3.938164763121815781e+01 -3.593078604105704471e+03
8.905129147987770466e+01 7.321292285403060873e+01 1.829630978067916658e+01 7.211203080926739339e+00 -2.405961606395681329e+01 -4.356753666464777552e+01 -3.953075856008014853e+03
9.019892033503995776e+01 7.415643823086305986e+01 1.853209943289369477e+01 7.185146062176226422e+00 -2.479164642352020920e+01 -4.476141323600724320e+01 -4.055932213694387428e+03
6.177279503777673852e+01 5.078608970652071974e+01 1.269172153763711286e+01 7.999443419135022104e+00 -9.112859158731449583e+00 -1.938818462996518122e+01 -1.895948702280532643e+03
5.564066591059596334e+01 4.574460081558547131e+01 1.143182589478304756e+01 8.224625735697323137e+00 -6.384898815099905534e+00 -1.503965470663076687e+01 -1.535951450378223171e+03
9.785619161410339473e+01 8.045181252707003239e+01 2.010534789530481348e+01 7.022775434677711814e+00 -2.989311079481766598e+01 -5.309720254912434712e+01 -4.775926717499004553e+03
6.580395121275806503e+01 5.410027775642840453e+01 1.351995525470141857e+01 7.860805992633474126e+00 -1.102987735537177727e+01 -2.246054885468343087e+01 -2.153089596496467038e+03
9.838033642401563839e+01 8.088273467199047673e+01 2.021303769578633336e+01 7.012330492784979441e+00 -3.025616990947283824e+01 -5.369136544292526736e+01 -4.827354896342193570e+03
6.810821586468233590e+01 5.599471350680403248e+01 1.399338510830215654e+01 7.785062061878537776e+00 -1.217036690936188492e+01 -2.429370802774167615e+01 -2.307374133026028176e+03
6.341601471357154196e+01 5.213705175723252694e+01 1.302933434174610561e+01 7.942000819543708623e+00 -9.882336770902602652e+00 -2.061996416182250513e+01 -1.998805059966906583e+03
7.459514922196706266e+01 6.132790231915766554e+01 1.532617815665813410e+01 7.585713615989715386e+00 -1.555770110747717894e+01 -2.975781445900523181e+01 -2.770227742614712042e+03
9.355738012431211814e+01 7.691757345275821933e+01 1.922212222390919223e+01 7.111571483770579682e+00 -2.698255100258185735e+01 -4.833817418853939074e+01 -4.364501286753461500e+03
3.192643478895563103e+00 2.624810452901988445e+00 6.559544857621494307e-01 1.129972801262089988e+01 1.045704382861922177e+01 1.051569583360879001e+01 6.893914917387482966e+00
5.376031052367358143e+01 4.419867922822683681e+01 1.104549163634419351e+01 8.296913088530303071e+00 -5.593170040071241189e+00 -1.378390930416860449e+01 -1.433095092691849459e+03
7.390250286533711233e+01 6.075844775617097326e+01 1.518386834734757151e+01 7.606026210373449281e+00 -1.518350403501006340e+01 -2.915291248590904871e+01 -2.718799563771524845e+03
2.702198135200216100e+01 2.221594098423855002e+01 5.551885138192340641e+00 9.468387808658292215e+00 3.573527150521544904e+00 3.645958838469756103e-01 -3.531033369849216115e+02
9.189349434353833601e+01 7.554962090225268412e+01 1.888026340099045086e+01 7.147535925310322114e+00 -2.588803102516447296e+01 -4.655066801213732930e+01 -4.210216750223900817e+03
4.658515304039678284e+01 3.829967156018682317e+01 9.571297361813600801e+00 8.585345423636944417e+00 -2.760235956840144667e+00 -9.321098792036444536e+00 -1.073097840789540214e+03
3.059248586762279842e+01 2.515140735769557878e+01 6.285474237300133993e+00 9.294520433020519334e+00 2.552942754387706792e+00 -1.155268786925041979e+00 -4.559596946712956651e+02
5.181175804997413081e+01 4.259668986273599955e+01 1.064514573354760429e+01 8.373321913513029457e+00 -4.794553300199465795e+00 -1.252066256188174087e+01 -1.330238735005474837e+03
3.670593442900182879e+01 3.017753814657315914e+01 7.541531806465355814e+00 9.012096969107027178e+00 6.745417035809859740e-01 -4.000790068584407777e+00 -6.616724100440362690e+02
3.808125496871880955e+01 3.130824871685857502e+01 7.824102561186840887e+00 8.950658365030966124e+00 2.270687630591163853e-01 -4.686405157905841889e+00 -7.131005888872308560e+02
8.369244467128899601e+01 6.880718284213615732e+01 1.719529125924314883e+01 7.339583596827631062e+00 -2.075306097082627943e+01 -3.818335069124264436e+01 -3.490222246419330077e+03
8.245430601056577302e+01 6.778925543486654703e+01 1.694090563370568603e+01 7.370911535709987916e+00 -2.001515881237262207e+01 -3.698389590035949226e+01 -3.387365888732956137e+03
7.927440186625283047e+01 6.517491854056781619e+01 1.628756854751237526e+01 7.454427959799000192e+00 -1.816461778673306071e+01 -3.397965793004348711e+01 -3.130224994517020150e+03
7.178447503953788100e+01 5.901712536504125950e+01 1.474870235951147457e+01 7.669575708935356673e+00 -1.405786626564283459e+01 -2.733511490455101267e+01 -2.564515027241963253e+03
9.133212986118100218e+01 7.508809885291664443e+01 1.876492651706212911e+01 7.159883080894238638e+00 -2.552278355051487679e+01 -4.595445060407458726e+01 -4.158788571380760914e+03
2.053334856103189665e+01 1.688135499386261529e+01 4.218742927408224652e+00 9.811519112614670135e+00 5.313059906396031096e+00 2.905835913499251522e+00 -1.988188004553606731e+02
7.663553588581902432e+01 6.300539254900728992e+01 1.574539213832887974e+01 7.527206323118197595e+00 -1.667749744164326131e+01 -3.156971012575088054e+01 -2.924512279144272725e+03
1.785390840803369983e+01 1.467847121808069843e+01 3.668230225533227973e+00 9.969150731809426347e+00 6.002019043716210867e+00 3.897363848169884015e+00 -1.473906216121735611e+02
9.410547132559031525e+01 7.736818296295523112e+01 1.933473200463218689e+01 7.099926538521861730e+00 -2.734699966624111767e+01 -4.893364278326846062e+01 -4.415929465596695081e+03
7.796613416015573250e+01 6.409933500834526399e+01 1.601877434106091513e+01 7.490107105455595438e+00 -1.742185851031371158e+01 -3.277547582478550225e+01 -3.027368636830646210e+03
9.519218691039856139e+01 7.826161890254310549e+01 1.955800653162359382e+01 7.077124603724987750e+00 -2.807533735087542226e+01 -5.012405523388699180e+01 -4.518785823283073114e+03
5.080946678073571832e+01 4.177266280874766124e+01 1.043921686662488391e+01 8.413199092349513464e+00 -4.392339898410429377e+00 -1.188586371028936028e+01 -1.278810556162288549e+03
4.767633418671744749e+01 3.919677883126328766e+01 9.795489374620409251e+00 8.540263874016600809e+00 -3.172146231666069127e+00 -9.966577105523070301e+00 -1.124526019632726957e+03
4.193746598271852832e+01 3.447860677439014410e+01 8.616392376632688865e+00 8.781951692591249525e+00 -1.079537302254700570e+00 -6.702370763639338591e+00 -8.673851254167823299e+02
3.222974634164958019e+01 2.649747009058657454e+01 6.621862675094150497e+00 9.217226647607906997e+00 2.066885784539784332e+00 -1.886023487190524150e+00 -5.073878735144826351e+02
7.992050518445516616e+01 6.570610805624113482e+01 1.642031571224973874e+01 7.437094771039760133e+00 -1.853542921180439862e+01 -3.458119074735403586e+01 -3.181653173360207802e+03
4.432227169747102380e+01 3.643925882013257933e+01 9.106370044544492615e+00 8.680151672873096302e+00 -1.927154909200301525e+00 -8.019857602193972923e+00 -9.702414831031659332e+02
8.182821165098040694e+01 6.727451615050676992e+01 1.681226947173044906e+01 7.387003368498679556e+00 -1.964573211046791812e+01 -3.638371011690716017e+01 -3.335937709889768485e+03
8.730156608661161499e+01 7.177439784103992793e+01 1.793681451346509093e+01 7.251877939885969404e+00 -2.295979098438033716e+01 -4.177504545512564249e+01 -3.798791319478452351e+03
8.671047851031984521e+01 7.128843914910109447e+01 1.781537077892039278e+01 7.265884601256122011e+00 -2.259268223513892337e+01 -4.117707560888913321e+01 -3.747363140635265154e+03
5.834768869487185583e+01 4.797016146693299277e+01 1.198800567186870580e+01 8.123170138314446120e+00 -7.561418655941476885e+00 -1.691127285566401284e+01 -1.690235986907783854e+03
1.009602515019369804e+02 8.300379457388405058e+01 2.074310216412882468e+01 6.962042510098704895e+00 -3.206917868484776335e+01 -5.666001607232977477e+01 -5.084495790558128647e+03
7.033703250300860077e+01 5.782712017812595917e+01 1.445131355584594068e+01 7.714258597009396645e+00 -1.330469842018998605e+01 -2.612044468969646971e+01 -2.461658669555589313e+03
5.922253906850036032e+01 4.868941384215268187e+01 1.216775077361455715e+01 8.091064414108330993e+00 -7.950985709660373324e+00 -1.753233328829287174e+01 -1.741664165750971279e+03
9.993627803736548287e+01 8.216194164822280754e+01 2.053271851439558304e+01 6.981783031518527416e+00 -3.134441959888715346e+01 -5.547297728898601576e+01 -4.981639432871754252e+03
6.885917096477811583e+01 5.661210621269844978e+01 1.414767492167154650e+01 7.760935378235540583e+00 -1.254912250527372208e+01 -2.490328985677122020e+01 -2.358802311869216283e+03
9.626663577874214184e+01 7.914496984334797958e+01 1.977876076227005697e+01 7.054945361981647345e+00 -2.880295721799357622e+01 -5.131379408661146613e+01 -4.621642180969443871e+03
6.501771787385858659e+01 5.345388128278354145e+01 1.335841724116622942e+01 7.887238144267700868e+00 -1.064819680345758179e+01 -2.184790124638890063e+01 -2.101661417653280296e+03
4.314634875326146357e+01 3.547248164749434807e+01 8.864767142352691920e+00 8.730108018970783590e+00 -1.505353142358280216e+00 -7.363365750303974444e+00 -9.188133042599789633e+02
8.119728975964204665e+01 6.675580794324946510e+01 1.668264145421936462e+01 7.403391854483357015e+00 -1.927597526559881658e+01 -3.578320483482827541e+01 -3.284509531046580832e+03
8.056142691527315947e+01 6.623303756455098323e+01 1.655199827785143896e+01 7.420085914401773231e+00 -1.890587791572634302e+01 -3.518236894345748311e+01 -3.233081352203394090e+03
3.378776268019900186e+01 2.777838278824591001e+01 6.941969762815624279e+00 9.144866398999353052e+00 1.593065406508758830e+00 -2.602292631339353068e+00 -5.588160523576694914e+02
4.069268601807110031e+01 3.345521926358053832e+01 8.360642241362395310e+00 8.835851377170929055e+00 -6.492450279129133861e-01 -6.036331388243569407e+00 -8.159569465736047960e+02
4.874309386128395971e+01 4.007380815290402154e+01 1.001466379806844564e+01 8.496599712509793179e+00 -3.581322311975248418e+00 -1.060903224550806989e+01 -1.175954198475914382e+03
7.730369795936691446e+01 6.355471752264571705e+01 1.588267145318413576e+01 7.508473798954748091e+00 -1.704988501828958647e+01 -3.217279843460442379e+01 -2.975940457987459467e+03
9.573091875914815319e+01 7.870453368374452907e+01 1.966869335749256820e+01 7.065959171381523518e+00 -2.843923495458760087e+01 -5.071900698353711334e+01 -4.570214002126256673e+03
4.978700188660000236e+01 4.093205014416629695e+01 1.022914316491777775e+01 8.454269526529868628e+00 -3.987987814319582824e+00 -1.124871965818043229e+01 -1.227382377319101579e+03
7.596149684425840576e+01 6.245123586547920524e+01 1.560690535275034918e+01 7.546315955337427717e+00 -1.630468125977393967e+01 -3.096619483281550345e+01 -2.873084100301085527e+03
1.469372953868698595e+01 1.208035132648206122e+01 3.018945856996147370e+00 1.017387619122624187e+01 6.809128003453386313e+00 5.057680307574921486e+00 -9.596244276898656267e+01
9.465038875301979715e+01 7.781618317623927794e+01 1.944668970778795725e+01 7.088445675590303807e+00 -2.771126032760479774e+01 -4.952893512272614629e+01 -4.467357644439833166e+03
7.249736005116606918e+01 5.960321900268292694e+01 1.489517036456786414e+01 7.647943620489930261e+00 -1.443360612404022447e+01 -2.794158458123575528e+01 -2.615943206085150450e+03
9.076729359903360717e+01 7.462372250307890909e+01 1.864887632782996718e+01 7.172418047279951914e+00 -2.515732381523958594e+01 -4.535803407619687277e+01 -4.107360392537529151e+03
2.290141394794662943e+01 1.882824409119439935e+01 4.705281159250557899e+00 9.681090219163307253e+00 4.692562985591641755e+00 2.006458764561541930e+00 -2.502469792985475863e+02
9.679938802411599852e+01 7.958296853368344159e+01 1.988821903014835257e+01 7.044079289319227222e+00 -2.916650808713449905e+01 -5.190842011400879130e+01 -4.673070359812631068e+03
6.422185982855289410e+01 5.279957192122991216e+01 1.319490175367159779e+01 7.914295914548669764e+00 -1.026569677658175550e+01 -2.123438814698274513e+01 -2.050233238810093098e+03
9.942033650252467680e+01 8.173776377095953194e+01 2.042671414328211910e+01 6.991837536719077484e+00 -3.098182100286713592e+01 -5.487924991198335078e+01 -4.930211254028566145e+03
6.960202427834202865e+01 5.722283808905878288e+01 1.430030015731611392e+01 7.737339789848721061e+00 -1.292722399220503782e+01 -2.551219193458028656e+01 -2.410230490712402116e+03
1.004495695642743414e+02 8.258394083921373863e+01 2.063817841989559909e+01 6.971852353356088550e+00 -3.170687113842857130e+01 -5.606656512490690147e+01 -5.033067611714939630e+03
7.106443906072617267e+01 5.842515260762448293e+01 1.460076513027375533e+01 7.691675729117741334e+00 -1.368157120668595539e+01 -2.672807671471217361e+01 -2.513086848398776965e+03
6.008465271104116567e+01 4.939819479921504097e+01 1.234487901070071203e+01 8.059760814673909479e+00 -8.339372575061616999e+00 -1.815212489228075654e+01 -1.793092344594158703e+03
5.745951982350099740e+01 4.723995937799731593e+01 1.180552417678753407e+01 8.156109458443150828e+00 -7.170600988454878255e+00 -1.628886494290707532e+01 -1.638807808064597339e+03
8.611533385990131251e+01 7.079914496084187192e+01 1.769309348560531348e+01 7.280126292049989623e+00 -2.222531175943826298e+01 -4.057885774227145959e+01 -3.695934961792077956e+03
8.788867844530027185e+01 7.225708833445105483e+01 1.805744150732581943e+01 7.238099695232908637e+00 -2.332664506248638148e+01 -4.237277442213216716e+01 -3.850219498321639094e+03
