# SNRtot, SNR220, SNR221, evidence220_221, evidence220, evidence221, nofilter
1.359654353360273262e+02 1.325554434005887572e+02 3.952800023562505594e+00 5.529340253384048331e+00 3.633281659016911469e+00 -5.911716334778554938e+02 -9.231309401948659797e+03
1.616878404252470887e+02 1.369254136059532243e+02 2.807418356170816764e+01 5.570580580659742154e+00 -1.377233040232905736e+01 -1.836543897935367795e+02 -1.305948846958103059e+04
1.137688964578800110e+01 1.061115323901966789e+01 8.769619708018054904e-01 9.685237112403168425e+00 8.405462552841992618e+00 6.495014244805205728e+00 -5.272640789716444232e+01
1.154718439286605332e+02 1.046260963930183863e+02 1.242257454372137282e+01 6.082156732964337564e+00 6.974243419320655946e-01 -2.724137823724539658e+02 -6.654882969033413247e+03
1.613534791875628969e+02 1.572239546038965159e+02 4.754468498173896940e+00 4.453608882182930273e+00 2.521721805238009928e+00 -4.055651044301877839e-01 -1.300548222185658960e+04
1.647179484164312839e+02 1.088097323819931717e+02 6.131083112326237483e+01 5.154108402697788804e+00 -8.510764258515020231e+01 -4.968818864137911362e+01 -1.355401086415000464e+04
6.930115415755335562e+01 6.836348794442531585e+01 1.085028889936630936e+00 6.525107671057342351e+00 4.945700321403728061e+00 2.368053308301477422e+00 -2.389334582675432557e+03
1.518189779008108076e+02 1.205537477449107513e+02 3.505134982302931945e+01 5.421245857097571452e+00 -2.017709810876758780e+01 -2.246492670199376462e+01 -1.151251062431438368e+04
1.175920014267884852e+02 7.610100753804701412e+01 4.540543383600135741e+01 6.321164137216167767e+00 -4.804416134792415960e+01 -2.460834977598502249e+01 -6.901948998669858156e+03
1.442914956963565203e+02 1.254926412114961067e+02 2.139900233874528013e+01 5.753981576218208716e+00 -6.592340815026752843e+00 -3.049030976727171947e+02 -1.039802746403678248e+04
2.319749429785370012e+02 2.249269211214318034e+02 8.142354402253136669e+00 4.189252009114304620e+00 9.305222894574758374e-01 -2.094054228239155435e+00 -2.689419668383869430e+04
1.474486750953187766e+02 1.167995006343654438e+02 3.443711633640909042e+01 5.979483835540551517e+00 -1.951170976944116120e+01 -7.670594939926131417e+01 -1.085856549257338338e+04
1.600367276799202898e+02 1.525122213240703957e+02 8.675296751206602153e+00 5.090002290208400559e+00 1.588800706750753911e+00 2.708600751846637067e-01 -1.279388670213942896e+04
1.437949959382861778e+02 1.199721550522261708e+02 2.681540983169495007e+01 4.913586650790203514e+00 -1.113443627644557132e+01 -1.463487015423916837e+01 -1.032651002733681526e+04
1.990963781887148230e+02 1.736176815083896656e+02 2.894958930077308068e+01 4.697571973499860221e+00 -1.621218527696142431e+01 -1.752343261854194978e+01 -1.980769350282282539e+04
2.225646792693086695e+02 2.016027292443448005e+02 2.401346701597461220e+01 4.783146858745459085e+00 -1.132412841003832682e+01 -1.375894981697734465e+03 -2.475552782801606372e+04
1.827234758124295979e+02 1.605347657814769775e+02 2.525619692487144263e+01 4.983173290818285750e+00 -1.160572232270460447e+01 -1.320387868182077895e+01 -1.668194390537871732e+04
1.759270369519227586e+02 1.652338613809449441e+02 1.232046770097936061e+01 5.150956392910032378e+00 -3.844036585390528948e-01 -1.026686979990269037e+03 -1.546317076423254548e+04
7.892653236484981960e+01 7.248130275844522430e+01 7.398538827585620758e+00 6.824507099316838854e+00 3.932633148145499469e+00 -1.592923870029394493e+02 -3.102708354460788087e+03
7.599425247325217470e+01 5.956445693762417193e+01 1.843551095502651549e+01 7.461703133055183734e+00 -1.130141453096793036e+00 -1.691907503063518092e+01 -2.875572803375142030e+03
1.875542289156846323e+02 1.564901693555836744e+02 3.499157030431439352e+01 4.347392121787886587e+00 -2.237084983307573438e+01 -2.712216021978701974e+01 -1.757630399096946348e+04
2.029817456369212891e+02 1.715643023684463913e+02 3.551188673646433358e+01 4.560943058309083753e+00 -2.437323029016100406e+01 -2.905617976071395603e+01 -2.058880412979685207e+04
1.486227815976049840e+02 1.349958870515930300e+02 1.560330759105907283e+01 5.458012474221788146e+00 -2.160620948621917670e+00 -7.493781149753715454e+01 -1.103237520379564012e+04
1.390261061725108220e+02 1.019255461112593366e+02 4.113947988000607126e+01 5.492659274109106704e+00 -2.747098272418313769e+01 -2.669977930095415886e+01 -9.652138697636071811e+03
1.432746166066073670e+02 8.861014302383551922e+01 5.971113219112291404e+01 6.705684312022348159e+00 -9.763948781640688424e+01 -4.236362176558972692e+01 -1.025181748077610973e+04
2.051337840949027793e+02 1.819091345420509640e+02 2.647387880527874771e+01 4.722789608607346423e+00 -1.361955061631530839e+01 -1.610096220648433629e+01 -2.102794428743803655e+04
9.897622905649049585e+01 6.535862135422647157e+01 3.691293508840106341e+01 7.085083259034793635e+00 -2.921995246337512242e+01 -1.607029262092680710e+01 -4.886156558012382447e+03
2.013734918943766843e+02 1.947278283013025941e+02 7.693962101147556965e+00 4.782905707528214201e+00 1.676223875540477026e+00 -1.480667115168229429e+03 -2.026365121775824082e+04
2.025340661260877653e+02 1.856951682311261891e+02 1.930445434852518716e+01 4.754877230457162263e+00 -6.227737529017097096e+00 -3.465444756253985048e+01 -2.049803356967418949e+04
1.699654914594928528e+02 1.508709639208197189e+02 2.179856307708205065e+01 5.333851320009086017e+00 -7.778309429570530398e+00 -3.739284990753869806e+02 -1.443214374242441409e+04
1.509523725170559203e+02 1.392838771046622242e+02 1.338332460705140825e+01 5.282716362813248523e+00 -7.816762662225018587e-01 -4.298121457628358399e+00 -1.138131898315495710e+04
7.964535812063154196e+01 7.917300780984309938e+01 5.491697397977759465e-01 6.490473621620403755e+00 5.023613563876535792e+00 -1.275893911609184954e+02 -3.159701133972770094e+03
1.344336863665152464e+02 1.292924389454672678e+02 5.931693768955036639e+00 5.358343334508536948e+00 2.901476441454486022e+00 1.204879439507045902e+00 -9.024217613936240014e+03
1.751885122903349270e+02 1.121232065882665694e+02 6.914467232151177711e+01 6.252193149663153982e+00 -1.218750609145962471e+02 -6.248396187953326830e+01 -1.533351701814135959e+04
1.676221778608941690e+02 1.524580532348971929e+02 1.738109719690599775e+01 5.333588187506303591e+00 -3.848075895464081242e+00 -7.030331218282304917e+02 -1.403660685430556259e+04
1.418582548358361919e+02 1.416215927198724671e+02 2.740400424103305310e-01 4.839183706178213029e+00 3.385657533189057489e+00 -2.902408201595262582e+00 -1.004989183142546608e+04
8.226752838312026483e+01 7.865178250970488705e+01 4.174602316856735662e+00 6.508917451834165036e+00 4.571421416144308303e+00 -5.427965190711172028e+01 -3.371982712024694592e+03
1.976928083923242809e+02 1.852126601775743779e+02 1.432407170647634054e+01 4.418183557400171324e+00 -2.230386980561091192e+00 -4.231274539261269396e+00 -1.952923284391306515e+04
1.863565206854910343e+02 1.755118249308061138e+02 1.248402452651543193e+01 4.833424869041329508e+00 -7.583026803294341534e-01 -2.296237635198923854e+01 -1.735238599989187060e+04
2.301006050569927197e+02 1.946752072123335040e+02 4.013691857028103271e+01 4.737284106954843921e+00 -3.296959524329017199e+01 -4.416394438225139396e+01 -2.646115382268801841e+04
1.462824274035199892e+02 1.040303230593154922e+02 4.684471922054063242e+01 6.299616599447031007e+00 -4.062640956919265989e+01 -3.375042259826963686e+01 -1.068728388242399342e+04
1.575759924659160163e+02 1.504453481985956387e+02 8.180006609505205972e+00 4.431014397550200101e+00 1.510785434228246515e+00 1.441190151788924734e-01 -1.240310629970015725e+04
1.432784676888436479e+02 1.425092173364772634e+02 8.913882993260140442e-01 4.975238805287285793e+00 3.474058829790255931e+00 -2.229033845318508789e+00 -1.025236925052244987e+04
6.318210900906385064e+01 5.606993858238003270e+01 8.118589249227893490e+00 7.349353741524082828e+00 4.236788893179170401e+00 -4.382505264620795771e+01 -1.983999048307559178e+03
1.022736018545593737e+02 9.318248069752313256e+01 1.038930954595149991e+01 5.940860174628602941e+00 1.788331171710299650e+00 -1.338309020633060786e+00 -5.217954417043411013e+03
1.449140783552477103e+02 1.306421867442350049e+02 1.630349261798699345e+01 5.367036112457903130e+00 -2.644377199475014262e+00 -6.490674066998876057e+00 -1.048805465166638351e+04
9.524565241026335727e+00 6.643738503960476827e+00 3.186957553898567497e+00 1.053541948448975063e+01 8.502157659931318889e+00 8.030107711166955653e+00 -3.336827040622886642e+01
1.753704494280417521e+02 1.247463115388707706e+02 5.596981450080955511e+01 4.995743474599287026e+00 -5.758954301023694455e+01 -4.788497915869171351e+01 -1.536540686518761868e+04
2.046115016532416178e+02 1.588109100242811564e+02 5.135297713626123084e+01 5.466037014147785200e+00 -4.776959341050829266e+01 -5.547767390376242247e+02 -2.092094290328819261e+04
1.811054640005528142e+02 1.683789369016924695e+02 1.456885428108205716e+01 4.418626743084646868e+00 -2.181019638557773366e+00 -5.065659467456772980e+00 -1.638760414431871322e+04
1.884187036193845302e+02 1.707803839410352680e+02 2.015163825978588363e+01 4.684075026886309168e+00 -6.736861801621513379e+00 -1.326813783234219812e+01 -1.773881353569568091e+04
5.616071899776433440e+01 5.210173936334274458e+01 4.634238408254764963e+00 6.850261166163199356e+00 4.786893165359019875e+00 2.485209412975839527e+00 -1.565022778063869509e+03
1.275877259847229936e+02 8.304674653306058474e+01 4.880806308432953955e+01 6.326048240567998526e+00 -5.563433472604782537e+01 -2.976187808581789795e+01 -8.127323509867323992e+03
1.130736386660815214e+02 7.108730162456956236e+01 4.597711494551283806e+01 7.411430698931557259e+00 -5.461509302115810272e+01 -2.461232915307746438e+01 -6.380833479484727832e+03
1.499526131606006913e+02 1.095722730713697217e+02 4.471737562716833025e+01 4.893443966330602635e+00 -3.280257293967192567e+01 -3.150294911584004254e+01 -1.123090269573732439e+04
1.975717006505819313e+02 1.640152500081029814e+02 3.788661555286202542e+01 4.949224007734266628e+00 -2.746838885359455418e+01 -3.146976851777911222e+01 -1.950529804787252215e+04
1.794201442827373967e+02 1.732655494269157828e+02 7.072122174970259856e+00 4.102592584465186931e+00 1.626798755934457663e+00 -3.864857770641521029e-01 -1.608380368611009908e+04
1.702728505388207907e+02 1.514247771949171124e+02 2.147292089964877349e+01 4.959300081799159265e+00 -7.505290925457229534e+00 -1.008453642659438287e+01 -1.448443141419874883e+04
2.225485415506510378e+02 1.614783243970263129e+02 6.792841064002024609e+01 5.551263647123004574e+00 -8.612028571378537833e+01 -5.856358813557271787e+02 -2.475193627205187295e+04
7.922862578379741194e+01 7.032378273599199758e+01 1.010062817989508055e+01 6.177433864751093573e+00 2.433030804125694502e+00 1.051337423239777635e-01 -3.126597170685448873e+03
2.409752186838800014e+02 2.029963843127634391e+02 4.304225550367359432e+01 4.829604869353829599e+00 -3.840260795304948260e+01 -9.607560466445358998e+02 -2.902253760876283923e+04
8.709096789657883164e+01 7.297932404769997561e+01 1.596651206963491099e+01 6.819983224219253515e+00 -3.633061530457109001e-01 -3.115342569042756971e+00 -3.780427943472408060e+03
2.164004261694836657e+02 1.573016885657715989e+02 6.571459683479676528e+01 5.468892438338751383e+00 -7.982102282539200644e+01 -9.790873150980263517e+01 -2.340258182205801859e+04
1.371205957819813079e+02 1.095200465653166049e+02 3.094885577067003979e+01 5.534135259221383940e+00 -1.476510829925881296e+01 -1.680979178983327671e+01 -9.389038492693700391e+03
1.746888287824496331e+02 1.697317894391161701e+02 5.737631467188847090e+00 4.909020209330381412e+00 2.550539631727180900e+00 -1.575281287063045852e+02 -1.524610304958294728e+04
9.843977895447345361e+01 8.742020228718665464e+01 1.257130194126568412e+01 6.357752610651432157e+00 1.008890833208862414e+00 -2.145071187108984034e+00 -4.833204639193742878e+03
1.943316436345525346e+02 1.695286501292086427e+02 2.815182653100015031e+01 4.538012666657996519e+00 -1.498885868277877975e+01 -1.632725377980107595e+01 -1.887040345774430898e+04
6.721208010360099649e+01 4.629402155631942151e+01 2.312018169005349222e+01 8.199718482247412510e+00 -7.131255369823527701e+00 -4.818421004360788018e+00 -2.246741454817383783e+03
1.503114051934676070e+02 1.340717554320827105e+02 1.841735933537516345e+01 4.312862667594560051e+00 -4.227579209126758997e+00 -7.050985042985994156e+00 -1.128476886450834718e+04
1.292291412695427368e+02 1.247811549919818077e+02 5.145018769625746557e+00 5.592347442300784621e+00 3.403605179927827962e+00 -2.341488385707542648e+02 -8.338095075522662228e+03
1.480369793681190345e+02 1.391649352786650411e+02 1.019437129537828213e+01 5.132643836966750861e+00 9.746259222301767444e-01 -7.348496221741678269e-01 -1.094548322910939532e+04
9.369098063611447458e+01 7.391654406336562033e+01 2.207045595266472304e+01 5.928383607522508925e+00 -4.361572635060348091e+00 -6.630364789180982932e+00 -4.377009525169333756e+03
1.280784911448236585e+02 8.272747415813563521e+01 4.962473263381854593e+01 6.094026450107898896e+00 -5.836048184474510947e+01 -3.000236861830659407e+01 -8.190059545858282945e+03
2.368365865825929006e+02 2.272492698691018518e+02 1.108352057808311386e+01 4.454559986037360808e+00 -3.876398244758996192e-01 -1.675443887377591182e+03 -2.803379397093795706e+04
8.826925618755893765e+01 8.249887052956793809e+01 6.639964118384982683e+00 6.486419306852185152e+00 3.850660266958962907e+00 -1.192690129130336487e+02 -3.883740392843400969e+03
1.814071826805855494e+02 1.156355170679254911e+02 7.215193945594880631e+01 6.464398132234804528e+00 -1.349607424115919230e+02 -1.638395181842288082e+02 -1.644229256294461447e+04
1.058246911653606190e+02 8.483357879400244883e+01 2.355708761598910073e+01 6.192639035359928101e+00 -6.380494031043274283e+00 -8.513308830901870294e+00 -5.587442229012922326e+03
2.499411970320342675e+02 2.406141811822152761e+02 1.078889969074005606e+01 4.339485677439967048e+00 -3.377818916901818014e-01 -1.967423328582341810e+03 -3.122331058579403543e+04
1.823119521443364874e+02 1.494005442478577379e+02 3.713786647592007029e+01 5.391899575269570200e+00 -2.559933824774838484e+01 -7.788670577185949639e+01 -1.660683354623036576e+04
2.199287898835476653e+02 1.772342205135287827e+02 4.804674404342022598e+01 4.941378941293613103e+00 -4.424521044157688010e+01 -4.565668646495241489e+01 -2.417234590871177352e+04
6.954313094047674326e+01 6.927503940110095471e+01 3.116403198494705484e-01 6.691448287137212958e+00 5.229737499716225813e+00 -2.946899564354112755e+01 -2.406133129393092531e+03
1.913305828360004170e+02 1.491057605924236498e+02 4.723362259938392782e+01 4.937046565154024513e+00 -3.900888079661320518e+01 -4.318376939185859698e+01 -1.829170556307275547e+04
1.276498233073896102e+02 9.914388605974041013e+01 3.185069292305764677e+01 5.771756977639846298e+00 -1.482779647980067494e+01 -1.744177743933752112e+01 -8.135248294094839366e+03
1.312931493309374389e+02 1.178016238243991580e+02 1.541319101966330685e+01 5.700656031812954438e+00 -1.641554263434534811e+00 -4.700855769876233659e+00 -8.606955129508864047e+03
1.864053915527553897e+02 1.763936195688351916e+02 1.146657747613491551e+01 3.912241386825543010e+00 -3.807144047221817651e-01 -1.612037879417940189e+00 -1.736149459885897159e+04
2.129846639702460322e+02 1.844657693964348653e+02 3.238473065507844950e+01 4.636328319639678064e+00 -2.102830201820405165e+01 -2.242230421611159485e+01 -2.266924314215025151e+04
1.876832202312710081e+02 1.481052200928730826e+02 4.447271419913458601e+01 5.605147198235322925e+00 -3.584231571342758116e+01 -5.959029943641204454e+02 -1.760050517708083498e+04
1.382084583980475259e+02 1.284411005343393413e+02 1.118512061459748885e+01 5.110579575305666644e+00 5.604368821642173870e-01 -1.953847618489146232e+00 -9.538798585273361823e+03
1.547251445763571951e+02 1.165512826417006664e+02 4.262879550578683308e+01 6.077231121899726141e+00 -3.030780357644693623e+01 -8.307892795068725889e+01 -1.195794478097826504e+04
1.623385128823230446e+02 1.489842894032225047e+02 1.527436468825152360e+01 4.871458465004476324e+00 -2.333162522324602417e+00 -6.989819199871435629e+00 -1.316490598131302977e+04
7.901609345672453344e+01 5.111382347130764003e+01 3.063056936410501052e+01 7.992578109135093811e+00 -2.013720094439858599e+01 -9.158127843785271338e+00 -3.109781111471857457e+03
1.677022995424940177e+02 1.085716036642003957e+02 6.483236794686365556e+01 5.964592657846511159e+00 -1.028764131964658191e+02 -5.539924366177187665e+01 -1.405004023481114200e+04
1.697856206574784892e+02 1.452115290057730306e+02 2.778503503430900423e+01 4.688651963781176768e+00 -1.348754771185722845e+01 -1.584552935247474892e+01 -1.440158808991353726e+04
1.353284215553677825e+02 9.199783349329871385e+01 4.766265313194450215e+01 5.821563247944991026e+00 -4.636926694130120552e+01 -3.089448001681144973e+01 -9.144900439224609727e+03
7.835409811124046087e+01 7.127432017671573306e+01 8.065997753066424636e+00 6.234695479174477306e+00 3.208470130600257875e+00 6.168792590649236907e-01 -3.057691944303893251e+03
1.952322457313622692e+02 1.852156534621198603e+02 1.152586049528509449e+01 4.498399704486399031e+00 -4.053647775901838557e-01 -1.543128516519483906e+00 -1.904582448554645453e+04
1.764745418016796634e+02 1.201060780204323208e+02 6.223641843111856531e+01 6.207479705945545767e+00 -8.376554098847861951e+01 -9.118540010960585107e+01 -1.555964155094733724e+04
1.206325654231604432e+02 9.065774702388760886e+01 3.346228205564968761e+01 6.609452980319614923e+00 -1.681905591080300866e+01 -4.175251945440013657e+01 -7.264117519177487338e+03
1.741922879611231565e+02 1.411002670785540261e+02 3.731137885889505412e+01 5.668209586077611384e+00 -2.524502576765244299e+01 -5.774761059484152383e+02 -1.515948619145637167e+04
2.207195319276028158e+02 1.942302456855803428e+02 3.020985642325132758e+01 4.872763967176235056e+00 -1.870271511024671796e+01 -1.009570639149168073e+03 -2.434656548606098659e+04
1.636311202226520436e+02 1.238807312987330675e+02 4.437226201243580448e+01 5.730793592722463359e+00 -3.301650183401108052e+01 -3.399616132042856975e+01 -1.337558135155094715e+04
8.186027571305469053e+01 6.934546953455931373e+01 1.414556576318457282e+01 6.585868743941075465e+00 6.854758293432015037e-01 -1.701807223027873572e+00 -3.338561968799610895e+03
1.522284608814537421e+02 1.344755176536066585e+02 2.021942060411009123e+01 5.325128100785022411e+00 -5.897666132407314521e+00 -7.861484457419559035e+00 -1.157476175005909317e+04
1.661504152995427432e+02 1.134323422329267430e+02 5.824451787465683594e+01 6.411004026556120117e+00 -7.248951480749886400e+01 -2.509521975810339143e+02 -1.379098985099620768e+04
1.363955359071743771e+02 1.087740885709394121e+02 3.090463480093177751e+01 5.076322357099654070e+00 -1.428449522435444408e+01 -1.635817978457244237e+01 -9.289880706593592549e+03
1.012840256390244633e+02 6.746321361086695845e+01 3.716726886582444678e+01 6.996071281708770684e+00 -2.891560518811180458e+01 -1.671398053884718848e+01 -5.117236523714227587e+03
1.696380126121680973e+02 1.532699166889768776e+02 1.872262379132276422e+01 5.170019620626240098e+00 -5.058300355311807550e+00 -2.179126146746621018e+01 -1.437653726039399589e+04
1.018630419293525335e+02 7.681798220617974948e+01 2.795861929236626509e+01 6.889158008831740787e+00 -1.013408511047463634e+01 -1.138126265214964228e+01 -5.176049254441461017e+03
2.118430264355299073e+02 1.906008390795688854e+02 2.430168478911160790e+01 4.851738696681358043e+00 -1.140558257795586350e+01 -7.297981621871855396e+02 -2.242674352357325552e+04
1.163491895581922506e+02 1.147292782024843092e+02 1.881298146856160036e+00 5.794962846163174142e+00 4.238362393306373654e+00 -4.086222718344270675e+02 -6.756576554315021895e+03
1.148148210874130513e+02 1.003835215253198214e+02 1.632108563496795739e+01 5.130707609193579266e+00 -1.823652551346670148e+00 -3.696214915794241218e+00 -6.579231169558279362e+03
5.803592776661682251e+01 5.225969855571859313e+01 6.597301397362675957e+00 7.355513052906185401e+00 4.691923761549051441e+00 2.327096834401588765e+00 -1.672094054756928244e+03
2.524649510747696581e+02 2.441446200415170722e+02 9.630385880994854375e+00 4.283008048746142826e+00 2.553360985869845834e-01 -1.709899579782156252e+03 -3.185728535948386707e+04
1.853053802299967572e+02 1.376850436991518620e+02 5.297618044871805409e+01 5.199801477300076691e+00 -4.830996052096969606e+01 -4.780246046536925064e+01 -1.715705156998278107e+04
1.106455984330200124e+02 7.437828725763657189e+01 3.994554531902809202e+01 7.036441964323387310e+00 -3.340785691614532027e+01 -2.063171578690579011e+01 -6.109233825191506185e+03
1.574656844040107444e+02 1.433158230297976843e+02 1.611645338997671217e+01 4.473546673686622732e+00 -2.810153582197274513e+00 -8.198386311115134717e+00 -1.238573048130270035e+04
1.188276183826162082e+02 9.304679165791891648e+01 2.883884657796106765e+01 5.947784579932190674e+00 -1.145203856167112377e+01 -1.401892769560920726e+01 -7.048011044133279938e+03
9.021593971486137775e+01 8.107332944289311172e+01 1.045897209995327870e+01 6.613744955747367982e+00 2.397450286799989616e+00 -1.673271534101041880e+02 -4.057467488208696523e+03
1.122236296301319243e+02 9.313282887286531775e+01 2.156214142145915247e+01 6.234107032497949064e+00 -5.343953857964417686e+00 -7.998319240489083271e+00 -6.285081122571456945e+03
2.006704737337652205e+02 1.640852058575499939e+02 4.119574317421141529e+01 4.814321545539934633e+00 -3.199100495041279757e+01 -3.400149574781158179e+01 -2.012232911315782258e+04
1.105121012249888963e+02 7.518480623626199133e+01 3.883295905553397631e+01 6.197205331969695585e+00 -2.924545389197083267e+01 -1.915602882392840201e+01 -6.094471857472040938e+03
2.338194299382013241e+02 2.116946919138939904e+02 2.530358645435255127e+01 4.414239021766749538e+00 -1.300338394131420117e+01 -2.175925912812215657e+01 -2.732377250720366646e+04
7.870201322595485749e+01 6.986613488893505064e+01 1.008321648340185916e+01 6.851302966457588184e+00 2.874896345330719694e+00 -2.255403456690827468e+01 -3.085013041800131305e+03
3.869452958444298929e+01 2.479287178679679471e+01 1.521065167828409237e+01 8.771104980369671011e+00 -8.732449327486113688e-01 1.924160542298784637e+00 -7.366429087716122694e+02
2.320092115960560193e+02 2.184740838851594447e+02 1.557630677720240975e+01 4.331044872187659323e+00 -3.521126657380061253e+00 -5.009632577374715900e+00 -2.690214673160269376e+04
1.217915059561970281e+02 9.063445305709136335e+01 3.457136016871887563e+01 5.528888596959243174e+00 -1.749561100227419530e+01 -1.801894288423601154e+01 -7.404595060430132435e+03
1.339846532744297747e+02 1.301198024066738128e+02 4.472868488638779283e+00 5.442932304458456549e+00 3.436705049056368644e+00 -7.881481616332941087e+01 -8.963953255425529278e+03
6.101979548621287819e+01 5.320953727392028298e+01 8.835100963690731390e+00 6.830857526612475361e+00 3.588410498325964149e+00 1.286857833629954762e+00 -1.849717319480567994e+03
1.116938770412603361e+02 9.207375965614750157e+01 2.209176036491512818e+01 5.932818882302238528e+00 -5.690281096937963135e+00 -8.120808346605350891e+00 -6.225770683145035946e+03
1.367587301660418859e+02 8.478449579653849355e+01 5.668193212454274033e+01 6.207467998722537850e+00 -8.589489030456998364e+01 -3.697870237761302548e+01 -9.339484737205071724e+03
1.895732627541651425e+02 1.728181437151917237e+02 1.911945231251882404e+01 4.300132668851761153e+00 -5.796358248501643828e+00 -1.298303692223550243e+01 -1.795702057452081499e+04
1.599008636176771745e+02 1.355124725311541454e+02 2.766754367040789120e+01 5.685096564572840627e+00 -1.325786854538721826e+01 -5.726419691548899209e+02 -1.277215269173044180e+04
1.645288448554658771e+02 1.016748651418669169e+02 6.854959572571313231e+01 5.790150908981486211e+00 -1.281770915539211444e+02 -5.565382711443231756e+01 -1.352287999362792470e+04
7.214128566707425705e+01 6.985563644916294379e+01 2.644961099723218911e+00 6.753338558191979146e+00 5.097301279989202349e+00 -6.659303132760179267e+01 -2.590192147740151540e+03
1.210559967069551277e+02 1.044948231925379503e+02 1.879974978589556400e+01 5.885457565624637510e+00 -3.730861922969766376e+00 -5.671421791911687826e+00 -7.315286768248111002e+03
1.346209639786386845e+02 8.714724709937232205e+01 5.195446228907041331e+01 5.892172578068874955e+00 -6.379667698585430458e+01 -3.335533769643245705e+01 -9.049411570159911207e+03
2.020193093908694379e+02 1.978933547259485692e+02 4.764078979648944667e+00 4.188570330188913005e+00 2.181944589292081016e+00 -2.658800745164504153e+00 -2.039391028227286006e+04
1.568356459191074919e+02 1.563308505153291890e+02 5.829809781720697304e-01 4.338289155948277021e+00 3.010364276841695386e+00 -4.109405797876837241e+00 -1.228671951432277456e+04
1.418758182157806118e+02 1.087471080175020575e+02 3.698480024940369759e+01 5.720162747234916800e+00 -2.145672522647713620e+01 -2.341774934741917846e+01 -1.005238349608955832e+04
1.208557343571347928e+02 1.070840440768920558e+02 1.571698651231224630e+01 6.027257796537530687e+00 -1.481259926943433669e+00 -1.678036751702220499e+02 -7.291063862392111332e+03
1.766455033272727917e+02 1.359980867146745993e+02 4.530734238170820305e+01 4.476924911007219343e+00 -3.378141534025650117e+01 -3.640956050284755463e+01 -1.558982652176371812e+04
6.048475548287088088e+01 5.271753064796273947e+01 8.821775676951510547e+00 7.282212147464402818e+00 3.881032601331867227e+00 1.578229159688038230e+00 -1.817212421802284780e+03
1.949098091523778464e+02 1.318441547117063237e+02 6.960637005551863865e+01 6.094429834447365302e+00 -1.074523123755534186e+02 -3.005140380305300596e+02 -1.898292645079912472e+04
1.751050299694755381e+02 1.662968586251613488e+02 1.008588778493614946e+01 3.944209706437930230e+00 4.445974956718510285e-01 -7.759136339899108670e-01 -1.531889535919640912e+04
1.317059520619291106e+02 1.194479422152193138e+02 1.401631349840476837e+01 5.561330491485144911e+00 -7.989287752431533107e-01 -4.824105137745707594e+00 -8.661238503160529945e+03
7.173927528041497226e+01 6.173173172769099182e+01 1.134320115286141828e+01 6.912390347323341899e+00 2.440821942335401395e+00 1.731358389636050710e-01 -2.561271407770524547e+03
1.257828406931468024e+01 8.575475216782306731e+00 4.421878532730703526e+00 1.031136559625163684e+01 7.902281471401908064e+00 5.506955362154490885e+00 -6.711621395513307675e+01
1.251883146307439461e+02 1.176525328882979693e+02 8.682871080642888373e+00 5.826168673462172265e+00 2.338406586145770127e+00 -4.803637444864613713e+02 -7.824066658934015322e+03
1.391735472662042241e+02 1.144656724239811751e+02 2.779109617012462863e+01 5.283684550176726447e+00 -1.191565881502646818e+01 -1.430384618912666994e+01 -9.672647728220135832e+03
4.467761259518601946e+01 3.797514687019042157e+01 7.599067093458241828e+00 8.252744746300407996e+00 5.258863022809601162e+00 1.798665072483442096e+00 -9.860541324937074705e+02
