# SNRtot, SNR220, SNR221, evidence220_221, evidence220, evidence221, nofilter
5.820515315828639302e+01 3.584449108402264272e+01 2.439492463789087395e+01 8.353235716474303629e+00 -1.278578922153653963e+01 -2.993329522277548449e+00 -1.681929525980733843e+03
1.112998372369552058e+01 6.908737248394018593e+00 4.616300365448336329e+00 1.051936932424926141e+01 7.699049600650832659e+00 7.837785666875520363e+00 -4.994786773580894135e+01
2.769643522344831155e+01 1.722603922202307913e+01 1.145709944256054236e+01 9.695792314796568334e+00 2.582845888046475302e+00 3.203964670722680097e+00 -3.715558609342795080e+02
4.627765417256602731e+00 2.866950329944255138e+00 1.924461930862161996e+00 1.129463923813835713e+01 9.823171117770881366e+00 1.046868637356750575e+01 1.282294730476573719e+00
1.556178415386570535e+01 9.650540397898950573e+00 6.462612232251692568e+00 1.018987209507769798e+01 6.340066197047901753e+00 6.809343425315169895e+00 -1.090941619166982264e+02
5.155811707393003651e+00 3.152410541657660215e+00 2.180931018520195330e+00 1.087168400230899223e+01 9.159293042831629705e+00 9.877918229059028832e+00 -1.300796071990717451e+00
1.824350722531512758e+00 1.114403667196553815e+00 7.726372780487928971e-01 1.173874972592274091e+01 1.116950244532145398e+01 1.156349534621028674e+01 1.032627332965403788e+01
1.375139798991244078e+01 8.504830009130435187e+00 5.731268246998033611e+00 1.020868953583823036e+01 6.757619887835145001e+00 7.127067548738822644e+00 -8.256007222942929502e+01
2.267276945977134872e+01 1.411167241978458975e+01 9.369901346504002859e+00 9.891526564675080735e+00 4.334315847980841241e+00 3.279679534179892553e+00 -2.450368363789155239e+02
2.014409505840792036e+01 1.252115060908674593e+01 8.339778507115616080e+00 1.000231838024675568e+01 5.062860127348153050e+00 5.504317606165221477e+00 -1.909018817520325513e+02
1.247530605908370482e+01 7.709428793475857411e+00 5.204911804982359946e+00 1.027279562637621702e+01 7.104207854731832583e+00 7.411307125781730676e+00 -6.582622952485064616e+01
3.769434599574263700e+01 2.341256306675780507e+01 1.562128267363393697e+01 9.308448639896859333e+00 -1.428895568327702037e+00 2.348103313800172565e+00 -6.984414589143246985e+02
1.245679696421174043e+02 7.622856359698900519e+01 5.263634951862440658e+01 6.372947992458154687e+00 -7.564583344661076580e+01 -3.026565676013478168e+01 -7.746599129270687627e+03
9.639039234357596797e+00 5.957690301530178090e+00 4.020680666877970211e+00 1.053283643817401760e+01 7.967590346053992079e+00 8.240365036506315022e+00 -3.446513757168788317e+01
3.389671927389476203e+00 2.105298802473791753e+00 1.404819255364217589e+00 1.150104739772346996e+01 1.052656921156258640e+01 1.102921833659139139e+01 6.245463221388520836e+00
2.427626853288301412e+00 1.501508240675004879e+00 1.011696360432640551e+00 1.171697498653315428e+01 1.098425448890390932e+01 1.146112835255628148e+01 9.043715039651434751e+00
2.552152468097642668e+01 1.581513093733460984e+01 1.060935185397969072e+01 9.666964606880616984e+00 3.130519199019509369e+00 4.810709650297027018e+00 -3.136837099117897196e+02
5.008961690253649834e+01 3.099113911986891523e+01 2.086535468495935675e+01 8.760486607894256039e+00 -7.716697563385089609e+00 -7.037645264830487690e-01 -1.242494459612380524e+03
1.611060146075944743e+01 1.000395793888220020e+01 6.678868613480781313e+00 1.019251217329352421e+01 6.240331737476865648e+00 6.640212044219995668e+00 -1.177853386046575395e+02
3.960436917224107134e+01 2.447576323080379979e+01 1.652251345520169323e+01 9.043656768889285047e+00 -2.611652523918600366e+00 1.808380028528330019e+00 -7.722626276565247281e+02
8.223639072636063929e+01 5.107551322604894750e+01 3.408291238968539005e+01 8.080245643168954217e+00 -2.900868855944822400e+01 -1.102623496245286816e+01 -3.369421578740272707e+03
4.759646196183587108e+01 2.954532317799691299e+01 1.974062706566077097e+01 8.968800891991444146e+00 -6.134990328754689415e+00 2.063211035417467087e-02 -1.120721194533189873e+03
2.139899577814128406e+01 1.330955753727016244e+01 8.851819479236752386e+00 9.949511661070198798e+00 4.702448352633116002e+00 4.688932427935545988e+00 -2.169681090473996221e+02
1.207002134664231541e+01 7.414222010404881935e+00 5.075465845011706278e+00 1.010067401903491024e+01 7.004841609504895317e+00 7.338923455263372198e+00 -6.085230654514591464e+01
6.869749845366536434e+00 4.182835164165630282e+00 2.921321443932800133e+00 1.043939603422883877e+01 8.402893072001250019e+00 8.950375249527423804e+00 -1.160633035990211148e+01
3.656469227115817233e+01 2.268402241151552801e+01 1.517712986071002312e+01 9.297721411688874227e+00 -1.029831005868038218e+00 2.591728028747442014e+00 -6.564979593331922842e+02
4.003387605870534216e+00 2.474185698193378524e+00 1.670111653124252804e+00 1.139590505967334444e+01 1.002660778421983601e+01 1.074325161745412238e+01 3.976844947635759908e+00
9.250005833826193680e+00 5.684711875022959049e+00 3.887228609649191924e+00 1.038135137528021978e+01 7.883955897546621294e+00 8.204361592334935338e+00 -3.079090285385464654e+01
3.439146407903729141e+02 2.132992821203404219e+02 1.428030509571534026e+02 4.718631369906550077e+00 -5.680632193853901981e+02 -2.624005386707277694e+02 -5.912664967387655634e+04
4.315563806015063619e+00 2.686125108949078744e+00 1.783397168695325608e+00 1.127413236893205273e+01 1.014795230391080061e+01 1.048931939918480083e+01 2.678355627161055352e+00
4.015124500382848396e+02 2.458021757812319379e+02 1.695722139792927408e+02 -6.540964616620588146e-01 -8.049059356792836297e+02 -3.435091954803743874e+02 -8.059413336676404288e+04
3.131793505143065559e+01 1.945128106048122518e+01 1.297947791912688054e+01 9.529688799659840726e+00 1.157433082797411750e+00 3.684012539065939507e+00 -4.784161268337597903e+02
3.152417415131457119e+02 1.953252787552987115e+02 1.310672690327255339e+02 4.849796702163209794e+00 -4.786876897010205312e+02 -2.196346888436100073e+02 -4.967668739501143864e+04
9.924649800274184486e+01 6.167236743975619362e+01 4.110401529963996836e+01 7.736918689773712110e+00 -4.410658440920255430e+01 -1.827011809506694107e+01 -4.912943281795065559e+03
1.009652165316610350e+01 6.214636028793428579e+00 4.234401424472905795e+00 1.034248328794291005e+01 7.673566519177066780e+00 7.963615195196573460e+00 -3.897947363737133486e+01
5.679107006696420257e+01 3.476792067281825638e+01 2.398393609041941232e+01 8.180240855583994275e+00 -1.234990470179472410e+01 -2.614482477776365776e+00 -1.600622418566364104e+03
1.065266837663026855e+01 6.571187599018957215e+00 4.455036361643951892e+00 1.036240370335786487e+01 7.581543144321501337e+00 7.855599913478807039e+00 -4.474927066217462368e+01
3.387282771008556779e+02 2.092781171499081267e+02 1.413654756132243620e+02 4.169295384791287695e+00 -5.582894726990508616e+02 -2.523555566638738981e+02 -5.735643245274797664e+04
2.709700152134554507e+00 1.674215660595408384e+00 1.130810247906567589e+00 1.166012892908154441e+01 1.077307261646633485e+01 1.133939684139363280e+01 8.319163651815649985e+00
4.452664790590637800e+00 2.713691963752015379e+00 1.891221218520457992e+00 1.094989932804968724e+01 9.377319194118468815e+00 1.016154714343297449e+01 2.077289240371881007e+00
8.857807596278163942e+00 5.505623753606167625e+00 3.667369885733776869e+00 1.072773789673664169e+01 8.455043289186049194e+00 8.434914553556685846e+00 -2.723997659728690479e+01
1.214319767549337037e+01 7.488719419857542192e+00 5.080085413729899635e+00 1.022487660733437131e+01 7.122898946978220458e+00 7.431772812167404929e+00 -6.173822378399912481e+01
7.617912523085696996e+00 4.730791162284304185e+00 3.157742598966497116e+00 1.086274341521792941e+01 8.811595657458152431e+00 9.032208593995596502e+00 -1.702589449563827628e+01
1.475169693246217584e+01 8.985412870856125167e+00 6.270060269460697278e+00 9.664529258476369122e+00 5.939458485126908549e+00 6.503844002126245805e+00 -9.681588008455233307e+01
3.794973500976400516e+00 2.347398533512905505e+00 1.581373218799424718e+00 1.144609319490649391e+01 1.016577261887118766e+01 1.085774397891722920e+01 4.789489172498125669e+00
2.392359623553191206e+00 1.483171639397851127e+00 9.939042577857876148e-01 1.171514549961464979e+01 1.105998875338746856e+01 1.147343451958368377e+01 9.128708824850882309e+00
6.499758707827996140e+00 4.016716418867710026e+00 2.711786694483215854e+00 1.093241555510045337e+01 8.989962705593768533e+00 9.506149701354145165e+00 -9.133030520938264729e+00
6.758474195266657603e+01 4.204969543337147542e+01 2.794436066208565705e+01 8.512236334957533401e+00 -1.778780813848715425e+01 -1.276703958940971795e+01 -2.271858271295210216e+03
8.256010924948395768e+01 5.114472631604041197e+01 3.433463499682818565e+01 7.961648065717970901e+00 -2.968601867831781149e+01 -1.116655369266552711e+01 -3.396095418534308010e+03
2.067444529468662395e+01 1.264422252037310734e+01 8.742499103849182163e+00 9.441666226945876872e+00 4.202218693365619373e+00 5.392258721136187205e+00 -2.017259430124402684e+02
1.076363013544930709e+02 6.624678316935927569e+01 4.514693002077159889e+01 7.123299898620602200e+00 -5.471076624611516337e+01 -2.196800545378667735e+01 -5.780796283528568893e+03
1.630098182668217177e+01 1.007967377150300337e+01 6.795652709158751748e+00 1.003687597223449934e+01 5.986590800892873432e+00 6.557482122003393421e+00 -1.208706031478565421e+02
2.626190318208093117e+02 1.635511351280576946e+02 1.084463182400537420e+02 5.774593958668736704e+00 -3.253140969329653558e+02 -4.662521952741539621e+02 -3.447238753614056623e+04
2.360861998055087785e+00 1.462631738853626517e+00 9.817206938404403616e-01 1.172525902018337440e+01 1.106468284194983553e+01 1.148825446154779684e+01 9.203566422124334068e+00
6.067063229439592931e+01 3.703473756541115591e+01 2.571757869296602550e+01 7.951181021420001827e+00 -1.498733121337273566e+01 -3.696274300303500127e+00 -1.828472410391844733e+03
3.228029246243694672e+01 1.983097465507004031e+01 1.357194283310712279e+01 9.091525763937024607e+00 1.857535656142150771e-01 3.236820888187147194e+00 -5.090182396211770310e+02
8.289810501525265352e+01 5.044785918592681639e+01 3.527552427900936038e+01 7.116837357627171734e+00 -3.204397319352240459e+01 -1.089888852995050605e+01 -3.424057506450873916e+03
1.108771770785997290e+02 6.904753465972505921e+01 4.578883537300684736e+01 7.614740191487367582e+00 -5.544365843000078087e+01 -7.925696939937961361e+01 -6.134883797350525128e+03
1.370101110415543566e+01 8.532544307739584610e+00 5.657742389613512835e+00 1.032689836666002670e+01 7.106417939262979822e+00 5.767297587143850102e+00 -8.186845152904061251e+01
2.193070012978615466e+02 1.361184531959180504e+02 9.097141505152244179e+01 5.950489139110230141e+00 -2.292158261406263762e+02 -1.049253479501342241e+02 -2.403579000802106748e+04
3.815567146984224056e+00 2.339324610344928779e+00 1.608384433821791193e+00 1.127024456771455618e+01 9.862804577180757093e+00 1.064626674772364723e+01 4.711124782481999063e+00
1.552292706336018568e+02 9.483227915508585681e+01 6.573241883628253390e+01 5.430133486798803588e+00 -1.193670125733406877e+02 -4.863056926446812867e+01 -1.203607282961095007e+04
2.577696881032149001e+00 1.599822471564557924e+00 1.069343136300631381e+00 1.166959161845824866e+01 1.097107366192193112e+01 1.139113277867676999e+01 8.668140503813230424e+00
1.537828571462907519e+02 9.490324591197790483e+01 6.427692177965877818e+01 6.421402267320888591e+00 -1.138322985018158420e+02 -4.919321276551944777e+01 -1.181259317492918126e+04
2.356756706916377730e+00 1.457766072785673162e+00 9.820802471826745039e-01 1.173021738611925890e+01 1.103155225039346377e+01 1.148876313129109228e+01 9.213250021257000100e+00
8.643721873195310934e+00 5.335503601317483913e+00 3.611727022945826704e+00 1.059734096155720628e+01 8.229193914228856599e+00 8.554007810067028927e+00 -2.536656280152286769e+01
3.434994117185697178e+02 2.122609718456973553e+02 1.433255056166026975e+02 4.147250421245177066e+00 -5.738623373385252080e+02 -2.597156890200696466e+02 -5.898393252439268690e+04
7.147365266992003363e+00 4.352656601252735236e+00 3.038685506453702612e+00 1.040036115583311549e+01 8.310916317892084848e+00 8.828911112629009850e+00 -1.355201402084717266e+01
6.749111128824546313e+01 4.191193114227002070e+01 2.797668721870313746e+01 8.432983980174832084e+00 -1.796938994295034675e+01 -5.741973512120459588e+00 -2.265534650352112749e+03
3.799132592034951017e+00 2.337484446306227426e+00 1.594181982085308036e+00 1.135936976603313298e+01 9.980613927021268594e+00 1.074435715003044045e+01 4.773696883123561108e+00
1.528660221905678327e+02 9.295055415814171340e+01 6.511582888443000172e+01 4.750870679680611275e+00 -1.166996434152465696e+02 -4.613590991345912329e+01 -1.167201996907453213e+04
3.596320885169808523e+00 2.202701998587652810e+00 1.517906632664357547e+00 1.130370254557676368e+01 9.955834836989895464e+00 1.073648489228840042e+01 5.523639154500386894e+00
2.513132269740980362e+00 1.558801341830219123e+00 1.043405918817311928e+00 1.168837477688979476e+01 1.099672688302606716e+01 1.142315196162815027e+01 8.832484206447938746e+00
3.240350185597191768e+01 2.008500368658221191e+01 1.346551638780050908e+01 9.408650791781962397e+00 6.105551419058858897e-01 3.444584282360577454e+00 -5.130030651559330863e+02
5.461313805931175125e+01 3.392223085180640396e+01 2.263175180768243067e+01 8.790467581882770887e+00 -9.872469673356237152e+00 -1.835009529398397454e+00 -1.479307023233668360e+03
5.373506215143138576e+01 3.325369704663265935e+01 2.237761346744946422e+01 8.662568491069166043e+00 -9.717670549478544473e+00 -1.672553079581049928e+00 -1.431738051100042185e+03
2.260731245784502796e+00 1.407811564821447314e+00 9.336421380746868781e-01 1.167655663113589348e+01 1.119441624751532594e+01 1.144725945230516473e+01 9.434948226221489875e+00
4.977076632678815713e+02 3.065433879299251885e+02 2.085636682014558403e+02 9.206342790761974371e-01 -1.218367348700165394e+03 -5.418378918321383253e+02 -1.238444686366784299e+05
4.620980816944830849e+01 2.836410399241070124e+01 1.944992396130111345e+01 8.593741679099931474e+00 -6.222173196488317792e+00 1.427078035630513497e-01 -1.055682784419551126e+03
8.915303041437327991e+00 5.533289709617904784e+00 3.698380033771867748e+00 1.071876174417872640e+01 8.368503228336932054e+00 8.549928722604736464e+00 -2.775091305127617147e+01
1.688627308880953422e+02 1.037281532392322134e+02 7.100596828800772187e+01 5.780873981139794893e+00 -1.397511667407253526e+02 -5.928315219017124349e+01 -1.424532054038360002e+04
2.612084570940555039e+01 1.604130453639228193e+01 1.098729234821745315e+01 9.320882377357202486e+00 2.498422853279555600e+00 4.442030853442598293e+00 -3.291588891782304813e+02
4.262931113030149959e+02 2.592768666390942940e+02 1.815268605770164640e+02 -8.536520372736891460e+00 -9.181063373974568549e+02 -3.759107194902037463e+02 -9.085091797109330946e+04
1.787113044915159321e+02 1.103016017435366933e+02 7.468354691359994035e+01 6.044893434299628332e+00 -1.545261657339879378e+02 -6.771326585102086426e+01 -1.595687477542060878e+04
7.212851444548128654e+01 4.478837889779078552e+01 2.990201594380048178e+01 8.312580214387748967e+00 -2.124734205255271746e+01 -7.310507536260074879e+00 -2.589270896946946777e+03
4.927234188994339092e+02 3.044353639956908069e+02 2.056219284794804594e+02 2.426442887272227011e+00 -1.182621875820244895e+03 -5.369915473468904565e+02 -1.213761933648644481e+05
6.533287376633239774e+01 4.027163788440154235e+01 2.734891031053592414e+01 8.192601149850739617e+00 -1.732473293669995584e+01 -5.131602913207205852e+00 -2.122201796174707397e+03
3.098289339336788828e+01 1.921318486880097254e+01 1.286738987844536908e+01 9.479955819302418263e+00 1.188146145934616982e+00 3.750980549138923870e+00 -4.679794404033451087e+02
1.446754331572925594e+02 8.797347861741761221e+01 6.162408242045545848e+01 5.040658553857241486e+00 -1.042877349214608955e+02 -4.100263023785773697e+01 -1.045350007851605733e+04
7.337060919910963719e+01 4.512896411874962155e+01 3.079962881944425135e+01 7.899310451672042710e+00 -2.332272573619153633e+01 -7.775082126891640577e+00 -2.679632746015181056e+03
7.942027383907978333e+01 4.923544914751206392e+01 3.299696288325305460e+01 8.065661171863068191e+00 -2.702824842825689799e+01 -9.964959644271459638e+00 -3.141799547228155461e+03
3.097112885242888325e+01 1.927580888577249496e+01 1.280006536441427123e+01 9.579504008703157325e+00 1.427141963191600027e+00 5.538366760137183320e-01 -4.676150100878217017e+02
5.280885211393859890e+01 3.251021548460112598e+01 2.214303026514575379e+01 8.495896461896814245e+00 -9.610227184063258932e+00 -1.502576597551140480e+00 -1.382397029686864016e+03
4.508539398545324417e+01 2.794182165111852001e+01 1.873907501478853632e+01 8.978643670047514291e+00 -5.003380080054102841e+00 5.987295684451616751e-01 -1.004355974302717073e+03
7.627182886107566162e+01 4.713261284618290858e+01 3.182323092334684134e+01 8.010243589588132096e+00 -2.500033482633170223e+01 -8.816610510399215173e+00 -2.896705537797552552e+03
1.006804500986491391e+01 6.228320428807706755e+00 4.194766403213509243e+00 1.052075021454694159e+01 7.871030374427816945e+00 8.128754364953850953e+00 -3.869236405127823986e+01
7.572429771318233804e+01 4.691548204033077951e+01 3.148695435307343615e+01 8.128538204079703178e+00 -2.423384916654224597e+01 -8.609576201727167089e+00 -2.855094230968281408e+03
3.979586489232086706e+02 2.470965092099888238e+02 1.649951290788052631e+02 4.441876513528036696e+00 -7.580477195325762523e+02 -3.527912419694116579e+02 -7.917355272528376372e+04
5.387306696594965842e+02 3.329315808340114700e+02 2.247593043666335859e+02 1.967798042322345786e+00 -1.413040249016000871e+03 -6.428306647759836778e+02 -1.451033768147757801e+05
3.307549357110356141e+02 2.042379650350473241e+02 1.381390516496602174e+02 4.154677996611544799e+00 -5.331997440018395764e+02 -2.400954332967831135e+02 -5.468742334749658767e+04
