# SNRtot, SNR220, SNR221, evidence220_221, evidence220, evidence221, nofilter
8.380980824752185754e+00 7.379581842202838082e+00 1.194362731766760000e+00 1.044650488136841204e+01 9.232261373774802493e+00 6.550396461798827730e+00 -2.313001868337725142e+01
4.025881563176251348e+02 2.869553283141348174e+02 1.433568854601414273e+02 3.791393592752534403e+00 -2.585617337556969915e+02 -7.233802301764524145e+02 -8.102662140250322409e+04
2.023700610222985574e+01 1.668653717246612445e+01 8.518413822619020692e+00 8.338542165475619328e+00 5.616142471433883898e+00 3.542495402447358721e+00 -1.927778068817895303e+02
1.844583319273013089e+01 1.790551249174976789e+01 2.553242961861760030e+00 8.961899343780727278e+00 7.391092739344134799e+00 5.121213845172107426e+00 -1.581339799779576651e+02
3.162834252598580420e+01 3.115984110332113843e+01 8.368195618235644284e-01 8.408659226136620646e+00 6.826271768224385639e+00 4.505636860626387907e+00 -4.881856243614863615e+02
2.168901435641465625e+01 2.334155869530825100e+01 2.689430691265909168e+00 7.845004020140715184e+00 6.166184488628947413e+00 3.855449008399682853e+00 -2.232162707673258524e+02
4.604691504582242523e+00 4.190413834413189598e+00 4.642812070350151865e-01 1.102289490230575275e+01 1.014762877860393431e+01 9.713702625293381132e+00 1.388809182868724790e+00
1.136079009592929800e+01 1.009330743053612878e+01 2.073200234973657796e+00 9.959632074948373770e+00 8.500428152866501108e+00 6.571454214704482766e+00 -5.254337469282794615e+01
1.426090994574960114e+01 1.610296919231288371e+01 3.292025986763277512e+00 9.119812827047139692e+00 7.623074475474055589e+00 5.335743606558182250e+00 -8.969637513133528728e+01
7.778189211039133077e+00 7.573976362077008417e+00 4.586858286987181565e-01 1.009015391626651237e+01 8.960228445622638205e+00 7.290892858959549194e+00 -1.825971259230811938e+01
1.502453968480041055e+02 1.721760096211097846e+02 2.546678868463846257e+01 4.925866374000579029e+00 -1.628991521055509750e+01 -1.025947701014139284e+03 -1.127484923589806567e+04
2.238999423521415508e+02 2.205182644419610369e+02 3.945501248834768493e+00 4.225452472547954308e+00 2.317848087793751954e+00 -5.331373489402746912e+00 -2.505360169153710012e+04
2.540811717601086706e+00 2.311213604113691922e+00 2.643992986789509003e-01 1.155540288367071433e+01 1.102741205290572246e+01 1.115762231918788139e+01 8.762539016905172673e+00
1.240388575737638632e+01 9.698639166218676166e+00 3.434794140505072590e+00 9.619233376462750229e+00 7.761171327479715387e+00 6.521412425387599576e+00 -6.493778983196773424e+01
4.262617497431890001e+01 2.747127881987074005e+01 1.671302938107269753e+01 9.133569107314118085e+00 -1.739396088047795885e+00 -9.000919927223218764e+00 -8.965049953615708773e+02
1.254034908769050816e+02 1.935134186890236947e+02 1.074834350926148829e+02 3.455621018811052103e+00 -4.812355409155908887e+02 -4.895800690655379412e+02 -7.851027360947953639e+03
6.005678894992131234e+01 5.780465914771788505e+01 4.476997480359534265e+00 6.949481904459153370e+00 4.899943953415608178e+00 -1.165273524399407989e+02 -1.791418548378640708e+03
4.268491142950249895e+00 3.165597101330793084e+00 1.702026549076099071e+00 1.083794574108124387e+01 9.662819136735461001e+00 9.783842080001551977e+00 2.880392790332299668e+00
2.594205942485999117e+00 2.351090513153040185e+00 5.834104845023833086e-01 1.102866164253518733e+01 1.035476353647028525e+01 1.039644698867424921e+01 8.625448873039829323e+00
1.700953342803712189e+02 1.617917363262582171e+02 1.495635197413088413e+01 1.521351076967778493e+00 -3.805407307794457683e+00 -5.088666786735830172e+00 -1.445422097086655776e+04
4.873027728077114773e+01 6.072944115629864825e+01 1.480002975726468151e+01 6.311683027648996358e+00 -1.756036098593668271e+00 -3.659214350823276174e+00 -1.175329560821365931e+03
1.401341960156979951e+02 1.378322608266659302e+02 3.670659371311108643e+00 5.354334255325121639e+00 3.551594674762483361e+00 -9.104759944194467103e-01 -9.806806045373979941e+03
4.345864882951797625e+00 3.378686763293630158e+00 1.074425889342835783e+00 1.113743479940327319e+01 9.920505347262526641e+00 1.021647301395007190e+01 2.547130318617842448e+00
4.867051639975692900e+00 4.980251656678278849e+00 1.637060877186932994e-01 1.062845948369390925e+01 9.737224399334403202e+00 9.083908615510322804e+00 1.463052759596212837e-01
5.090581570102643383e+01 7.966728383465212460e+01 3.629991816382399605e+01 5.869391445560893317e+00 -5.016740567274983675e+01 -5.302494599365844863e+01 -1.283710634984380249e+03
3.126869367317006265e+01 2.216244195561333896e+01 1.096562085930969666e+01 9.059338541579203152e+00 2.269339636532456517e+00 3.359035239618002766e+00 -4.768752009042181044e+02
1.238668030425142286e+00 1.124056687457017478e+00 4.279173331074544451e-01 1.185074776579205924e+01 1.159433406925051457e+01 1.174698267289442732e+01 1.122325186425601373e+01
6.375637816772782962e+00 4.690544848140037359e+00 1.860403982244610344e+00 1.060388352608775264e+01 9.083548211769640446e+00 9.084036646576803875e+00 -8.333977676276942859e+00
2.706718373134435751e+00 2.021055040198104447e+00 7.644283372975163582e-01 1.128579122144019209e+01 1.054734585354649923e+01 1.071625727209087842e+01 8.327238933322901104e+00
3.422884388874069828e+01 3.538897603168937422e+01 5.454296496815429940e+00 7.624261236575666345e+00 5.163268930112956845e+00 2.855675890838835329e+00 -5.738164758708360296e+02
1.664756586834845731e+00 2.247630001295926938e+00 7.472340959636289970e-01 1.162497410138830745e+01 1.139385448467582229e+01 1.132209726888975965e+01 1.060469386234966116e+01
1.103769721255529532e+02 1.520644366279742314e+02 5.250650044442306807e+01 4.103683975398817907e+00 -1.409253515578039639e+02 -1.425836103940019086e+02 -6.079547586693492121e+03
2.443887188395986509e+00 2.337281714615834449e+00 1.339942439834001797e-01 1.140597582725598436e+01 1.087625981822451493e+01 1.073662447927444852e+01 9.004108814251644333e+00
1.405731592684265649e+02 1.644477506273650533e+02 4.071842478873250570e+01 4.261732670193723926e+00 -4.737786559099763650e+01 -6.297442497981315057e+01 -9.868416152244157274e+03
7.207036890510362070e+01 5.652275450470542495e+01 2.647198373014508732e+01 7.187566530058248304e+00 -9.326864981178573544e+00 -3.478459345590248830e+01 -2.585078635949808813e+03
1.144477696542692087e+02 1.143572919674742678e+02 2.320244819577275963e-01 2.014235280577757692e+00 3.103941575676705700e+00 -1.553947358886711427e+00 -6.537155588309276936e+03
3.269274622758581383e+00 2.726407736654558267e+00 9.179375346658212864e-01 1.130129204370763674e+01 1.050250361220614614e+01 1.046366958765210953e+01 6.646322829548031663e+00
9.163162547979609940e+00 8.090210434451909904e+00 1.702767190515893203e+00 1.022987492719109603e+01 8.873318150618546341e+00 6.843631810098683488e+00 -2.999137283129342535e+01
9.871448334145976844e+01 9.852679586702180359e+01 1.498817901265647512e+00 4.987619097396018830e+00 3.878152823957224715e+00 1.749340424097658442e-01 -4.860284209576613648e+03
2.840987166521480844e+02 3.094972659700287636e+02 3.650145549380881960e+01 2.631595232940972195e+00 -3.288556967972122180e+01 -1.018755161456646078e+03 -4.034405000058971200e+04
1.368282310530060464e+01 9.430275968443842416e+00 4.742048966071918947e+00 9.749548591992819979e+00 6.842604736759593465e+00 6.641364946454105578e+00 -8.161942295641937051e+01
2.219890904405647625e+00 2.712262077923678572e+00 1.142025752924029858e+00 1.140846859138532032e+01 1.092442905871658532e+01 1.072874934426090832e+01 9.526443295323200999e+00
1.048246102082204345e+01 1.147268870521447681e+01 1.372141665262343047e+00 9.591576399025393940e+00 8.444246538208401986e+00 6.301160014567082968e+00 -4.295059341747208492e+01
1.668112307984063420e+02 1.786518325281816146e+02 1.354029412969821244e+01 4.107272205680746247e+00 -1.044029757735980724e+00 -2.392212605510773304e+00 -1.390100295913053924e+04
8.183591090233099052e+00 8.282133628883579846e+00 1.639286795969525368e-01 9.801951459855226645e+00 8.612330920066188611e+00 6.756622060709705835e+00 -2.149518045701660895e+01
8.023799422358425204e+01 1.108336423373927175e+02 3.894062436179429909e+01 4.736751920381172098e+00 -7.458882312902542822e+01 -7.732095901444947117e+01 -3.207077457402915115e+03
1.963930678312910461e+00 1.769812389629080940e+00 3.612945473104048899e-01 1.164953484468913381e+01 1.115716166894461203e+01 1.134916053024676330e+01 1.006188925444535975e+01
8.361730139187851307e+01 8.041980682288048854e+01 4.723847752071820949e+00 6.088616450646051170e+00 4.280600168615760204e+00 -2.758014104859633608e+00 -3.483936144921069172e+03
6.417014188751708161e+02 6.357230389712315173e+02 3.249313724215075183e+01 -1.634323910038246286e+00 -1.995402720160923948e+01 -8.083947014218385448e+03 -2.058783650920946966e+05
5.526587224634442741e+00 5.469819696141000165e+00 6.466205306090358484e-02 1.068715527073889149e+01 9.745245971102661997e+00 8.634505674405037468e+00 -3.281182066691650689e+00
2.303639378217135913e+01 2.291686823983563670e+01 2.154585957387639361e+00 8.981594496975997544e+00 7.464737590673909295e+00 -1.391221534347808841e+01 -2.533473181345769660e+02
8.536923135906983262e+00 7.616381220117251161e+00 1.136176669375166481e+00 1.013281088452479572e+01 8.879314701337738924e+00 7.412556498085280943e+00 -2.444912720513729454e+01
9.922170400451395533e-01 1.380741783762637898e+00 5.439486497850362090e-01 1.181117645155230278e+01 1.168572748623844326e+01 1.171109131751362931e+01 1.149815378177669523e+01
3.392415267167828041e+00 4.453995521089582077e+00 2.329520073455966234e+00 1.085408944795086406e+01 9.994128519536795707e+00 9.373910449284375446e+00 6.236160436597981693e+00
2.908413422050251285e+01 2.988694449259168806e+01 2.756740351013021062e+00 8.081076842565314777e+00 6.302193960426581754e+00 3.987790757256096885e+00 -4.109530305690479963e+02
3.453070764234446255e+00 3.580047131734808374e+00 1.466996253886298784e-01 1.111659814150379511e+01 1.038897340689725723e+01 9.912789144639152283e+00 6.028552257649332446e+00
4.389497698849805261e+02 4.017190499502779062e+02 4.300918627419486029e+01 -2.072439080125083422e+01 -3.738194074230524677e+01 -6.670664514470294648e+01 -9.632645983992962283e+04
5.690633527748373055e+00 4.373149875292726030e+00 1.480595879913177981e+00 1.098413324522743295e+01 9.862818227068386179e+00 9.379728632687319489e+00 -4.201253864512279890e+00
1.262572447230937023e+01 8.815686402952476186e+00 4.524343706462932602e+00 1.021217127642592182e+01 7.873797744457774250e+00 6.942975203152519370e+00 -6.771405811628119409e+01
2.330686741228410686e+00 2.380182778677958133e+00 1.345487294955163837e-01 1.131923227438808510e+01 1.078111086607527014e+01 1.096448545891981574e+01 9.274350766185708750e+00
1.627396358317639340e+02 1.594976716873769931e+02 1.262936068514070875e+01 3.665420891346888421e+00 -3.038128968040805233e-01 -7.596704007716435392e+00 -1.323010413421851626e+04
4.207387872394781425e+01 4.171768342949334141e+01 4.225796122374880226e-01 7.719786236576912763e+00 6.148743608143134587e+00 3.789340126879896964e+00 -8.731152343296795380e+02
2.399707757803078767e+00 3.916738232635320394e+00 2.125617074123655748e+00 1.102373155069939692e+01 1.051854448733076630e+01 1.011306370749013794e+01 9.111102447624524814e+00
5.626670862207275192e+00 6.148468628110131284e+00 3.792789477792830599e+00 1.050228225393891712e+01 9.349976667263733887e+00 7.663978085617967118e+00 -3.839311386751516508e+00
1.535852251402194497e+02 1.765893586321958821e+02 3.331381927305051960e+01 4.348562296510387171e+00 -4.612961893106137978e+01 -1.352786671261332003e+03 -1.178222028957689508e+04
1.419221201595638959e+01 1.411048308902260473e+01 2.514277316871875723e-01 9.688350570200128686e+00 8.453418807489994080e+00 5.655952705113899803e+00 -8.871903984387381570e+01
4.564671875889733599e+01 4.568576021116348329e+01 4.504872163848217537e-01 7.335199167973605050e+00 5.797583505300193174e+00 3.341513252229836084e+00 -1.029821065617880549e+03
2.661976247041828891e+00 2.191724325202858648e+00 5.203446679668765062e-01 1.147104535016944205e+01 1.087124352429391649e+01 1.095713710970280275e+01 8.447342339147214219e+00
2.940615375608238580e+01 2.530145834614704370e+01 7.729604058233096708e+00 8.246356638021376639e+00 5.630145831217986618e+00 3.391800201642140244e+00 -4.203705382541244262e+02
5.436099183918248201e+01 5.510353836295119834e+01 1.593373267858214781e+01 6.767303442786873902e+00 8.870012464345480296e-01 -1.456833196672544073e+00 -1.465568315760777523e+03
7.579274692530034940e+00 6.885713271312181583e+00 1.970806378760791677e+00 1.047216487926747952e+01 9.173032612447872935e+00 7.053085591669648657e+00 -1.673230132335846321e+01
4.323822190370552931e+00 3.428443762134427697e+00 9.903660070196048659e-01 1.045396704017644574e+01 9.265395569813346555e+00 9.082041061407574389e+00 2.642681942084260882e+00
7.481868903067958598e+00 7.854199156268933280e+00 3.339237031937923650e+00 1.009822749905763217e+01 8.759042627301337092e+00 7.360229485822614492e+00 -1.599878003229300738e+01
1.168548382485051462e+01 1.096367320060773842e+01 2.055524788536690739e+00 9.867412558770821462e+00 8.404697911732780469e+00 4.940081587038039679e+00 -5.628486500136683190e+01
2.582128271241980997e+02 2.730205047936830169e+02 2.796215562881547712e+01 -1.024386838127694332e+01 -1.652372424504765647e+01 -1.723152264284447099e+01 -3.332494164462645858e+04
2.525057006530813997e+00 3.250852634769797245e+00 1.427049685134245793e+00 1.109687728534132489e+01 1.053892539987794130e+01 1.034728812095112360e+01 8.802444665939486157e+00
2.830929060262383334e+00 4.040276297882950729e+00 1.738510209731051859e+00 1.109537579461090218e+01 1.058041213109463818e+01 9.859349005837616531e+00 7.983321436935634452e+00
2.028215066701350366e+01 2.029610893598145083e+01 9.930476612447131757e+00 8.425622049800262303e+00 3.646540132460446060e+00 1.180932583881241449e+00 -1.936924167306634956e+02
2.113990108096966125e+01 1.668189241473014661e+01 5.420258616711093325e+00 9.446970734553694626e+00 7.109112359578457330e+00 5.442782931104785504e+00 -2.114573077475364471e+02
5.386592742209290741e+00 5.445958004170885047e+00 1.081226660819168739e+00 1.037496816976288017e+01 9.263488448613758308e+00 8.171326094479294255e+00 -2.517289576156239050e+00
2.581744918865993554e+02 2.552427585156243310e+02 3.519014758268705467e+00 3.284405680410359629e+00 2.019267397856158386e+00 -9.037878043665465100e+00 -3.331504372934282583e+04
4.280356921511975443e+00 4.262251974238874475e+00 2.353828479184576217e-02 1.089918353278410024e+01 1.006327668444953893e+01 8.880615034873002855e+00 2.829673421286925006e+00
4.230360507312017262e+02 3.906826134210823511e+02 3.713386962828450777e+01 -1.715598626797696724e+01 -3.404396906234430986e+01 -5.253804359277359026e+01 -8.946775970801689255e+04
1.039155583641286995e+01 1.183575863742206735e+01 2.120002397362467761e+00 9.720904697567839037e+00 8.540247250643810517e+00 -1.666518661771052123e+00 -4.200181524158852397e+01
5.617391578495028348e+00 5.283226445138918592e+00 3.735033057810716040e-01 1.014331677011920618e+01 9.023780852941461816e+00 7.984272517160510674e+00 -3.787142964018768154e+00
6.204425265236915266e+01 5.919632890912889422e+01 1.049188264529278847e+01 6.896619975629127097e+00 2.354118706527756011e+00 -1.575015615963692994e-02 -1.912754242486453904e+03
3.977432704983389726e+02 4.024984185206470784e+02 1.046637562990451720e+01 -2.001977892761654942e-01 -2.623043541729365380e+00 -2.472346175995182094e+01 -7.908786421224837250e+04
3.636503924628369191e+02 3.467726606582015165e+02 2.026091943776055260e+01 2.820523080368568358e+00 -5.577546827559833886e+00 -1.890214973218003820e+02 -6.610881356807860720e+04
5.541140422763999140e+02 5.005318844655903376e+02 6.557091531407786533e+01 -7.490724263498602653e-01 -9.435265022178207062e+01 -8.828949939708692909e+03 -1.535091955228369334e+05
8.142692406508446723e+00 8.682391019493072903e+00 1.968972012057281118e+00 1.000173071406488923e+01 8.800310886585929637e+00 6.878897598242931899e+00 -2.116131870445049401e+01
4.705813977564046269e+01 4.496921906656896795e+01 3.117867618530804297e+00 6.312355293440217174e+00 5.094192659857307959e+00 2.791035402721844694e+00 -1.095243858462803018e+03
1.788012044526036846e+02 1.319632932855045624e+02 6.473819770587658695e+01 -3.639069115165946222e+00 -5.611753614038103422e+01 -5.623169203743136535e+01 -1.597294495574183748e+04
2.609116022767255458e+02 2.482035840215247617e+02 4.028942243935451728e+01 1.199009748886150195e+00 -3.677572021753383069e+01 -3.927687852130922153e+01 -3.402544170019504963e+04
3.497291541780329283e+01 3.052374742718220801e+01 5.238562372376722287e+00 8.623027946376687680e+00 6.633130343586786104e+00 -1.591354285100426225e+01 -5.995620053013568622e+02
6.506034095535116357e+00 6.291108690701865847e+00 1.408755188659922331e+00 1.037927965800118990e+01 9.351091182759750708e+00 8.056252263388236301e+00 -9.173838717078057314e+00
1.969911172443516323e+00 2.145791583407905545e+00 2.127648456764761054e-01 1.159828750321646496e+01 1.114364363981768591e+01 1.128321748392634838e+01 1.005012609539577007e+01
2.770960574910333651e+00 2.330058183564590379e+00 7.116984285232416108e-01 1.120914632020403623e+01 1.050570017932324873e+01 1.063298906609028016e+01 8.151289855200960943e+00
1.928350140985605776e+02 1.744746399223092226e+02 2.063461326075612945e+01 2.389921364563103001e+00 -4.885249766982715514e+00 -1.178926145266294689e+01 -1.858068093008697178e+04
2.697064666997516014e+00 2.605384867104840740e+00 1.109678300386932603e-01 1.140674743875535491e+01 1.086884806316275487e+01 1.081487199696795010e+01 8.353322200071453096e+00
2.560715076423297631e+01 2.213266599495028686e+01 9.341298025066311794e+00 8.843230841743938697e+00 5.533717569089188437e+00 -1.652924745626212832e+00 -3.158726840220240319e+02
1.503678797901512931e+00 1.385614824400317024e+00 2.966096316340733896e-01 1.165297315631079478e+01 1.138513775386045168e+01 1.143906612902491560e+01 1.085987614542539426e+01
3.379576993924370640e+02 3.522313500201362899e+02 1.706112841139571401e+01 -1.987769664956295035e+00 -5.105976568004766847e+00 -8.433902506479768135e+00 -5.709571288820538030e+04
1.859334989539316041e+02 1.861532895905924363e+02 1.201016380493289626e+00 4.282017665041308874e+00 3.081416141596742264e+00 -1.351600015122399327e+03 -1.727364261551679010e+04
6.726696202806496494e+00 5.083688086486739088e+00 2.033322431638881156e+00 1.058363627571636911e+01 8.981999926233953602e+00 8.428434580134362974e+00 -1.063381979337100525e+01
3.967021891920191479e+01 3.281136439043681463e+01 1.371734683931828691e+01 7.857247723092486424e+00 3.170490533392426702e+00 8.520792528099350172e-01 -7.748727334396479591e+02
1.416982610420813771e+01 1.076862104981085722e+01 5.556153658009878704e+00 9.122998848498664159e+00 6.949269908678556540e+00 5.409908096183908555e+00 -8.840158480269451502e+01
4.231000030965535785e+01 4.034297378271146073e+01 3.193662618897864292e+00 7.090669131840867223e+00 5.391113296607322525e+00 3.070499694014550141e+00 -8.830776619924636179e+02
2.352408917934735388e+00 2.319937713812188385e+00 2.429262882052322103e-01 1.158072831602110853e+01 1.100951123998299686e+01 1.122685849875990272e+01 9.223487250465227660e+00
5.811389460994458886e+02 5.634503733247078117e+02 3.176836055397103209e+01 2.348064591943846313e+00 -1.888620904631593334e+01 -5.390978368423076716e+01 -1.688492469356782676e+05
8.912881380501114847e+01 8.643260916158045859e+01 3.947091483147354030e+00 6.210868532792082064e+00 4.167884814370184543e+00 2.222632986485955975e+00 -3.959982324035117927e+03
2.280017704348943752e+01 2.086378134127825490e+01 2.453659942005132155e+00 9.177384721638494725e+00 7.549183056344601184e+00 5.272154957182809909e+00 -2.479336354981767556e+02
1.938572618596298014e+01 1.876035838453026017e+01 7.453233208934809673e-01 8.646643559566992820e+00 7.214467194747384404e+00 4.938084580108843546e+00 -1.759127887695107404e+02
1.769596648688953735e+02 1.449550734594356243e+02 4.431189732688471139e+01 4.939154805327190978e+00 -2.632289526664863999e+01 -3.106241169478404984e+01 -1.564537109414682709e+04
7.533567274904960698e+01 7.192113516841595811e+01 7.485566199429324108e+00 5.843161736076395663e+00 3.390126375191524488e+00 1.322420803730979033e+00 -2.825741393166892976e+03
6.903935914836784704e+00 5.785703123865099329e+00 1.797817801583065922e+00 1.052948470692114391e+01 9.060168102218819186e+00 7.973363631028038689e+00 -1.184176444903195069e+01
2.391310483629610406e+00 2.505727992320626818e+00 2.486856466034746971e-01 1.138967006297852791e+01 1.080267195544866432e+01 1.076067062917648087e+01 9.131218194496224072e+00
3.253696632131343414e+00 2.455405649657899314e+00 9.385229481000351148e-01 1.143845310947094163e+01 1.061837856656184975e+01 1.089715856537430660e+01 6.697130222083240270e+00
2.554256292539782436e+01 2.849678933246939039e+01 3.416722160049215695e+00 8.370989457335893391e+00 6.639740669601658318e+00 -1.456848198002897377e+01 -3.142208592898990673e+02
3.074505951429038930e+00 2.192820534478248096e+00 9.563580506357414190e-01 1.127774754717471772e+01 1.041868532907170675e+01 1.061651248371085110e+01 7.264107686368374672e+00
3.433570820098707177e+00 3.478731110052946107e+00 5.706483957698504916e-02 1.112255259255341322e+01 1.037925136460085085e+01 1.001610714703601346e+01 6.095696820738009336e+00
3.314460875807426419e+02 2.620521547992852902e+02 7.901162012108815702e+01 4.194631394312039241e+00 -1.228734397475430171e+02 -1.297732906416316325e+02 -5.491626408518161043e+04
2.951867670909607355e+01 3.579340537848284498e+01 9.301064716331412185e+00 7.195539466513036331e+00 3.326716160270200895e+00 1.080843225437427169e+00 -4.236857362190107779e+02
2.709613237888678441e+02 2.318968063895567866e+02 6.543802258204925693e+01 2.101514150361490252e+00 -8.278047805410616888e+01 -8.446176877755090118e+01 -3.669802909359877958e+04
2.855762449641418854e+01 2.858615887009532130e+01 2.379549929553560761e-01 8.409688037148836059e+00 6.937043439183996796e+00 -1.995952934080725072e+01 -3.957785573300432134e+02
1.702929390968284329e+00 1.490355313066987986e+00 6.148025291960287353e-01 1.159622775801101646e+01 1.122518816390790874e+01 1.130396590393747935e+01 1.054041685374285819e+01
2.069091988466066567e+00 2.036097386830875600e+00 1.571202135679727885e-01 1.151370294729030874e+01 1.108218043062738722e+01 1.106737102515765159e+01 9.849830280687433159e+00
3.968451638189599180e+02 3.958610639987456352e+02 2.223163299444039342e+00 -1.306322289622303234e+00 1.022834843229501800e+00 -3.680971661878297851e+01 -7.873105162213952281e+04
6.596693535007200460e+00 6.406429202359979591e+00 2.153302063833626434e-01 1.000810779985131660e+01 8.966815020669001157e+00 7.648405991219564548e+00 -9.767781688348234681e+00
2.887760247106455154e+02 2.956905089264651565e+02 9.712853723833282160e+00 -5.240741783663894537e+00 -5.191888497797383373e+00 -1.399264208872527782e+01 -4.168380582273261825e+04
9.997590253088466739e+01 1.251146280663447641e+02 3.919761564968274570e+01 5.103704878518072974e+00 -5.278222462648247415e+01 -7.994254748341617756e+01 -4.985600142323421096e+03
1.932731433973744473e+01 1.654404511373046205e+01 3.287189402721368836e+00 9.439716929006676693e+00 7.550176772261011138e+00 6.979782815694868248e-02 -1.747821386844557026e+02
2.368279287379957410e+01 2.153755675764530508e+01 3.226493495530839084e+00 9.049784986792873909e+00 7.302563330942036579e+00 5.013991096145922199e+00 -2.684469380425912846e+02
5.084177488951642658e+02 4.840767234125601703e+02 2.815809259502288242e+01 2.701951826784519284e+00 -1.756371380335937005e+01 -1.796033846750890461e+01 -1.292323132947040867e+05
7.504470151253699761e+00 7.958535821866643545e+00 9.037847397624286794e-01 1.030388207191411709e+01 9.312412848377341845e+00 5.601773849787331727e+00 -1.616813501647419571e+01
2.842380216178068508e+02 2.895591400010230814e+02 8.417104201692099608e+00 1.472431176620704552e+00 -5.677472681387429887e-02 -1.553975362891528000e+01 -4.038363606549336691e+04
2.900842012532551166e+02 2.951346935413907318e+02 6.801711567682856341e+00 2.037352763494672647e+00 -7.144301474243119898e-02 -4.255115323996005827e+01 -4.206243150726045133e+04
2.114877404065516053e+00 2.109964669720536534e+00 3.421963190000139599e-01 1.151449683949570435e+01 1.099516929318737191e+01 1.106076849662940020e+01 9.754047891941215909e+00
2.249603934201773825e+02 1.461509701753571449e+02 8.672277392990780243e+01 5.315539117495263532e+00 -1.874248229604515075e+02 -8.989316917873921398e+01 -2.529159890277143859e+04
9.454441675307878157e+00 1.102080476403088660e+01 2.333686719312655811e+00 9.870227491660871877e+00 8.617402352228891615e+00 9.929549744366461539e-01 -3.270283258684455774e+01
5.272619219940052062e+02 5.065228375462505142e+02 3.403408878763218581e+01 2.229667827960116089e+00 -3.872344013331172619e+01 -3.911292929924647410e+01 -1.389905767912971496e+05
1.459110439805928472e+01 1.739182149871099980e+01 4.407343835344975425e+00 8.524461888622102634e+00 6.617278883881382967e+00 4.317764301551687112e+00 -9.445976266847785041e+01
8.202362890536409168e+01 9.296525521440700857e+01 2.326241087695172993e+01 2.919069382846961158e+00 -1.003077657420302415e+01 -1.434624524281921687e+01 -3.351947448293385150e+03
1.633292252579971375e+02 1.255361346737165036e+02 6.976545192069673362e+01 5.043636118053393069e+00 -7.544070836936784019e+01 -7.886974020101371252e+01 -1.332622751057972891e+04
4.581365957790337262e+01 2.999624030819799714e+01 1.801059111293075432e+01 8.836490592479622208e+00 -7.261721990516623038e-01 9.166787273347138942e-01 -1.037455300850954018e+03
1.387522209917054461e+01 1.248612034754389022e+01 7.832769161179378159e+00 9.522002503625095926e+00 7.182799258200667225e+00 -8.082807318158744536e-01 -8.427049304160065901e+01
5.323721194285528782e+02 5.825237917316226230e+02 6.339850687492995007e+01 2.174116287115375634e+00 -1.637530347645862605e+02 -3.077718169134559048e+03 -1.416980463713156641e+05
2.032806863587691470e+00 2.929502155528540541e+00 1.341848464370587912e+00 1.131431481348435319e+01 1.092969245542108503e+01 1.068039413137774751e+01 9.924249236730050328e+00
6.823261691130488416e+00 6.535805846394826979e+00 3.918612991684813363e-01 1.025319121796414201e+01 9.155609255088450027e+00 7.790269771360196494e+00 -1.128804894376978218e+01
4.870056980806458000e+02 3.760675935926362285e+02 1.343098113173899151e+02 -1.620507267907251414e+00 -3.739184004830756862e+02 -3.895699353806773502e+02 -1.185752845803995006e+05
1.080554441817404054e+01 1.035511154494519914e+01 5.040958848574967899e-01 1.006329287827675856e+01 8.902892067028469469e+00 6.645604592609690719e+00 -4.638949397751141390e+01
