# SNRtot, SNR220, SNR221, evidence220_221, evidence220, evidence221, nofilter
4.021795283740003057e+00 2.554668377626261311e+00 1.606148775173917853e+00 1.082662204380753757e+01 9.956300868805989523e+00 9.558621804765675023e+00 3.902982456898000052e+00
4.614605246604724584e+02 2.867437057084450771e+02 1.911132730041013872e+02 4.017170641704066014e+00 -9.619336980775897246e+02 -4.718962877415312960e+02 -1.064609175088502088e+05
3.098597440925039415e+00 1.894009620098072499e+00 1.312482282274071821e+00 1.164464799683313245e+01 1.044820218438375115e+01 1.129095119808938641e+01 7.189748058601063363e+00
6.181824966508308989e+02 3.844581699498649527e+02 2.556823222363091190e+02 2.943744031249148740e+00 -1.536497048795306910e+03 -8.532626568533995624e+02 -1.910628091816182714e+05
1.528477668043102256e+01 9.268932719806763032e+00 6.537367338873831812e+00 9.896737159507143389e+00 4.365471405857682008e+00 6.958769856160910372e+00 -1.048217979762693375e+02
1.710419594511245922e+00 1.048741422992153671e+00 7.201184128435187404e-01 1.165458108881938593e+01 1.115917791171932372e+01 1.148172944737927992e+01 1.052763351441065609e+01
1.626095893411314535e+02 9.984164541170414964e+01 6.846285965109349547e+01 6.563190651671019893e+00 -2.268398989689831922e+02 -5.367754524997116050e+01 -1.320894887173665120e+04
4.904793367406657580e+02 2.984360171872021397e+02 2.089247050875921445e+02 -4.279139365841332143e+00 -2.652986304993396971e+03 -4.929772158314719945e+02 -1.202729994836726401e+05
3.520288593933010191e+01 2.205003436031531905e+01 1.440284163715494437e+01 9.057389821428264653e+00 3.580855206538826607e+00 -5.666952619746190578e-01 -6.076311881196878630e+02
1.635676698871394308e+01 1.020484957905209633e+01 6.720998907954134793e+00 9.296486331724903351e+00 7.230380529546913237e+00 5.313775542357415560e+00 -1.217815120524864199e+02
2.819227173256865981e+01 1.746705675650779455e+01 1.173270811840409777e+01 9.830934901540961945e+00 -1.113045794200706595e+00 -2.297379129465157988e-01 -3.854116916124402223e+02
1.973438087094542270e+00 1.196377010877278657e+00 8.439468992729306507e-01 1.165177309048072374e+01 1.097779900746894199e+01 1.145047055222342891e+01 1.004317216725698181e+01
5.137015930222432303e+00 3.118502750395117484e+00 2.195369154547326840e+00 1.133384902345423484e+01 9.058876915005367181e+00 1.060932897342865644e+01 -1.204065224624855546e+00
6.132035068806986011e+00 3.806494764959507116e+00 2.541839677800983743e+00 1.094613544006576333e+01 9.255064059278961253e+00 9.522305510160649078e+00 -6.810525933484685268e+00
5.555400646196296144e+00 3.494046335371993273e+00 2.257296393623392738e+00 1.086338336195699306e+01 9.714718401501807321e+00 9.215082822964330234e+00 -3.440837060824447846e+00
4.305188193115724715e+01 2.596277111431181694e+01 1.854457201820406098e+01 8.846007318572130629e+00 -2.531769240364014806e+01 1.911899465048042757e+00 -9.147418677980973598e+02
8.026319783480094827e+01 4.895227133256215524e+01 3.404522342462573903e+01 6.941095086953948723e+00 -1.834249678458065702e+01 -1.035664378281862597e+01 -3.209100062225143120e+03
1.732257479098321085e+02 1.059559106329598990e+02 7.333530573546913445e+01 6.758418042750639287e+00 -4.568995606330056489e+02 -5.913310240630849535e+01 -1.499158946835129609e+04
9.293582536987801745e+01 5.667006663412026768e+01 3.949951196482261651e+01 8.023178695733918175e+00 -1.428543108797273931e+02 -1.327357567664662064e+01 -4.306543417481176220e+03
3.650237380516068608e+00 2.248461861164996467e+00 1.530578749831733809e+00 1.153746103824635227e+01 1.026440967349917521e+01 1.106976177568502173e+01 5.328284641996258841e+00
5.968150875622270632e+02 3.688927563371115070e+02 2.492328617035100820e+02 4.096044450044176166e+00 -4.071060454019782355e+03 -2.462599650705272779e+03 -1.780821339698453667e+05
3.248072179576103835e+00 2.009038151840499165e+00 1.351310047648252466e+00 1.118288501902986987e+01 1.010430981100687298e+01 1.059768267232135663e+01 6.715414667186533570e+00
4.028785731129481462e+01 2.520857144097688263e+01 1.649172442270735672e+01 8.260938188297052065e+00 2.861736381962218800e+00 6.307027851298032672e-01 -7.995653222585708590e+02
4.179454368530584674e+01 2.608032473252615091e+01 1.716711943603345247e+01 7.854832610408110760e+00 2.271859556367761268e+00 -4.139140429262200271e-02 -8.614015398224147475e+02
3.688816727773362345e+02 2.229881459524429772e+02 1.584050426457274057e+02 -4.930316858785824152e+00 -1.670165039346087951e+03 -2.697032392353767705e+02 -6.802485385439383390e+04
1.618440108851689319e+00 9.899823275145518409e-01 6.837867258786693991e-01 1.171917845508083644e+01 1.126096586587185122e+01 1.156847494795487385e+01 1.068072691608472979e+01
7.830943855295047662e+00 4.802282527618010555e+00 3.300287892881152541e+00 1.052872029202325521e+01 8.260487242412118292e+00 8.756966617033711486e+00 -1.867143972333696667e+01
9.491025709509079533e+00 5.983879143020649494e+00 3.833412494995355413e+00 9.301898685242782960e+00 8.078147999294669646e+00 5.958097315840818808e+00 -3.304938340022649612e+01
4.541510147015113716e+02 2.757272923319945903e+02 1.940486920580509889e+02 -1.348498213623779307e+00 -3.353395731320787490e+03 -4.153746006975356408e+02 -1.031145816760971356e+05
9.986051800830216507e+01 6.153968690274690090e+01 4.187747904796565734e+01 8.304910614662169621e+00 -1.431541427604635999e+02 -5.732855653137916363e+01 -4.974071127334165794e+03
3.293341200357564844e+02 2.024613978444383804e+02 1.385059825145345656e+02 5.258169418564895281e+00 -1.348013775065394839e+03 -2.280313949003640062e+02 -5.421849090875397087e+04
7.667662363367291789e+00 4.746349880585721159e+00 3.185218514990443506e+00 9.963706088920192272e+00 8.580928813452301185e+00 7.618689393315444036e+00 -1.740612195024498021e+01
4.876399195025607014e+02 3.026869536911967202e+02 2.020867045839777347e+02 2.433991566112135629e+00 -6.348460969195779171e+02 -5.292192788739009757e+02 -1.188843551451228850e+05
6.906830605747299678e+00 4.250823375583818731e+00 2.893299138616289845e+00 1.020228915404385006e+01 8.676765408151695169e+00 8.326321741597379145e+00 -1.186175339918914240e+01
5.440014729233533899e+02 3.369184568893830942e+02 2.259817966095418740e+02 -8.433694351034501935e-01 -6.538024095172395391e+02 -6.584758262133221933e+02 -1.479568108702799655e+05
4.247819813660580621e+02 2.621127926656519662e+02 1.772634326638278424e+02 -1.827234569940300979e+00 -3.933462035589676589e+02 -3.941242021638996107e+02 -9.020787544552799955e+04
3.929570026095491553e+00 2.453143032057764739e+00 1.616246563471026576e+00 1.132551791529091467e+01 1.031976950022171913e+01 1.061048941412810542e+01 4.269640814060603695e+00
3.809310759102839228e+01 2.347789248268921725e+01 1.597444596549818030e+01 9.597973153057715479e+00 -1.833262018737837451e+01 -1.200230591467603958e+01 -7.135520218617776891e+02
5.295510275063883654e+01 3.233222207028384076e+01 2.242915608420378604e+01 7.828010033679557722e+00 -4.474497199300889072e+00 -1.970450817536191668e+00 -1.390131052556303757e+03
5.428329067083836890e+00 3.317257989452587541e+00 2.297577826581636007e+00 1.076396805752328589e+01 9.028599626908700770e+00 9.676738254237683634e+00 -2.742977121218975967e+00
9.945962823661844254e+00 6.138836519209173836e+00 4.161204608596099419e+00 1.077536669628578458e+01 7.375669208108341479e+00 8.458502795311442668e+00 -3.747068713577707655e+01
1.669900526819136033e+01 1.017904815661046669e+01 7.088914333107345200e+00 9.411810681948690416e+00 5.786752122360001138e+00 5.861834033319716752e+00 -1.274379873644867587e+02
4.391513688269807147e+00 2.712723808981808649e+00 1.835454149431809956e+00 1.129740137076828788e+01 1.001954893201571117e+01 1.064263558140684829e+01 2.347704871924120695e+00
2.063795444365034371e+02 1.260281120812708622e+02 8.754719442150918951e+01 6.092462647417120181e+00 -6.367795198084928643e+02 -8.529001919162058698e+01 -2.128426777980029146e+04
1.989761855414457603e+00 1.250293468831398247e+00 8.072559548161052367e-01 1.132162370067256774e+01 1.079903040768783207e+01 1.103061872596377846e+01 1.001082498842347235e+01
1.582794106478483513e+02 9.776868794897042392e+01 6.607229551201113793e+01 6.364312808694559287e+00 -1.151274171117321572e+02 -5.243729098802852207e+01 -1.251419551640604914e+04
4.167143910357174796e+00 2.595173898133686041e+00 1.716607071226292636e+00 1.088462005160837265e+01 9.743699989530645311e+00 9.897938176046192638e+00 3.307856924241223240e+00
4.070183192936071670e+00 2.523350800874610389e+00 1.689209949781250941e+00 1.119594216145409860e+01 9.904359926188135432e+00 1.039978015818382850e+01 3.707205497025027441e+00
6.343757105353373227e+00 3.911447187165606021e+00 2.656300760184377108e+00 1.110463651616764125e+01 8.980313346694968502e+00 9.891998555067905485e+00 -8.131225996806039191e+00
2.889584254014361253e+00 1.804945198772883286e+00 1.186585327870498752e+00 1.154452611573104903e+01 1.071891373565531325e+01 1.111566807996520545e+01 7.815552528530798071e+00
1.207167675233760917e+01 7.431865511170632210e+00 5.067271546765542034e+00 1.065890887718373570e+01 6.226942595935152980e+00 8.206629699860773286e+00 -6.087228869740948056e+01
1.407684313661501676e+02 8.459399287636058773e+01 6.089760162407829824e+01 5.595159733466398500e+00 -3.826365914212544226e+02 -3.446146657187766493e+01 -9.895885233534210784e+03
4.523078871373047605e+01 2.754169223123090404e+01 1.924791587085486455e+01 8.841670324524820046e+00 -1.770566126078136193e+01 1.018021623279992127e+00 -1.010921722724009442e+03
8.285277649857677318e+01 5.127985386939680268e+01 3.450891052799187975e+01 8.136314369279746828e+00 -3.931408996272065082e+01 -1.100797449231407654e+01 -3.420300885652502984e+03
2.607560204669692627e+00 1.621120264195859972e+00 1.076151176464259951e+00 1.125315068122129603e+01 1.042308357163608434e+01 1.081581598717093229e+01 8.590715998566139433e+00
5.710775502410105453e+00 3.489372753567142826e+00 2.421278869433467040e+00 1.133313639102999737e+01 8.954626036633326791e+00 1.055584217397601421e+01 -4.316077310409029977e+00
5.471523984041650124e+01 3.341444001257880814e+01 2.319064844292602601e+01 8.451209949696202983e+00 -1.923473386350315550e+01 -1.667919857345258272e+00 -1.484888334288096075e+03
1.157009169727538449e+02 6.980090542390956898e+01 4.981135540771698089e+01 6.524646173513545477e+00 -1.901385792602958134e+02 -2.286046164498525712e+01 -6.681360693058984907e+03
1.607195282660036995e+01 1.010882395917838394e+01 6.507649862910944272e+00 7.562632226371505340e+00 5.741445746410470008e+00 3.455787489256508138e+00 -1.171634327211791344e+02
1.319975210096317255e+02 8.134158098765266232e+01 5.532932099134246329e+01 7.495537643378916925e+00 -1.770365094321485060e+02 -3.394063292190878656e+01 -8.699682375235030122e+03
5.684353010674594309e+00 3.531428092957265008e+00 2.352470084119075100e+00 1.087960388256830235e+01 9.369277139677135935e+00 9.501901677196771701e+00 -4.165533465927998336e+00
9.197122098772872789e+01 5.586637723427601543e+01 3.926584358465236591e+01 7.686134190437586611e+00 -1.117282982120212722e+02 -1.317758749780321104e+01 -4.217362343877761305e+03
2.175362121168069152e+01 1.375493789867705807e+01 8.755823880870869047e+00 8.614127730134043759e+00 6.161367533377022809e+00 3.851858106450684716e+00 -2.246196168015874264e+02
1.002781832091973868e+01 6.141472370956598148e+00 4.239406515026470146e+00 1.091096635597130415e+01 6.522610723203467131e+00 9.144180191292853976e+00 -3.828816902963212243e+01
7.235523790854118431e+01 4.426779457516327909e+01 3.059723844334979859e+01 8.064610353493455008e+00 -3.744698023473289084e+01 -6.941965891730954574e+00 -2.605649825291742673e+03
5.767286856004302464e+00 3.605160244263812874e+00 2.364668085669247244e+00 1.078800301129999895e+01 9.454720556839987466e+00 9.205319894262034452e+00 -4.640397730665329235e+00
3.602557609510402017e+02 2.216412511954177944e+02 1.512445380720974697e+02 3.654283984288333009e+00 -9.008214692331126798e+02 -2.778798717503906914e+02 -6.488011624809745990e+04
2.400638203412411187e+01 1.460000234930192775e+01 1.023143254287504256e+01 9.546583460867170245e+00 -4.601879363706675719e-01 5.343426982013637527e+00 -2.761627880751037765e+02
1.400596811489203475e+01 8.684581508569545250e+00 5.816197304312951566e+00 1.019607748429975658e+01 6.932256564333515669e+00 7.007067822688015646e+00 -8.609317030863149967e+01
4.405872118425584745e+02 2.736506840042703175e+02 1.826598269180979344e+02 4.592294154664954497e+00 -1.198919909625899436e+03 -8.294207616330795645e+02 -9.704655521849069919e+04
2.614522268507340819e+00 1.635040852027673131e+00 1.070692743873804531e+00 1.148983788341663903e+01 1.069498670390640349e+01 1.107141626464074413e+01 8.572537762794278038e+00
4.367495409216408575e+01 2.650915886187858561e+01 1.866887519396177098e+01 9.140081692383782652e+00 -2.974637048454086852e+01 2.015824401254014742e+00 -9.417604063672654320e+02
1.720302598109699659e+02 1.077606449358585508e+02 7.029086190206602680e+01 5.303896699262690362e+00 -6.366332810369797102e+01 -6.534828616857510042e+01 -1.478521474420585764e+04
2.387747170554893383e+00 1.458948832110503746e+00 1.012040795527274328e+00 1.178033684966646710e+01 1.098050971761518113e+01 1.157513508084345943e+01 9.139732833808213996e+00
1.111035748808288020e+02 6.879267034893828736e+01 4.624889575693251231e+01 7.543616449060825957e+00 -7.113222187469592939e+01 -2.365598787265733804e+01 -6.160011774540911574e+03
3.274806360798394422e+01 1.983530524226023672e+01 1.403353622957152602e+01 9.414841588875843215e+00 -1.384214693701801124e+01 4.209085565916934613e+00 -5.242274339272265706e+02
3.789373048342076800e+02 2.326781813944545263e+02 1.596756907978728464e+02 5.168390234507127090e+00 -2.500450647423214832e+03 -3.651694471714209840e+02 -7.178475009639756172e+04
2.744907355482292477e+00 1.678489641993172743e+00 1.161479996871129794e+00 1.161433673150177270e+01 1.057642805579114054e+01 1.128181149691079632e+01 8.223142913964268885e+00
3.974823262262966495e+01 2.506314160494358489e+01 1.607665991853122733e+01 7.998283135347191042e+00 2.750635443206328468e+00 4.286515985378085425e-01 -7.779705972022858305e+02
1.287201899460870607e+02 7.978507065318211744e+01 5.338431201051374586e+01 5.601809846820364314e+00 -3.275380795175769322e+01 -3.529991032713991217e+01 -8.272453248769312268e+03
4.238497484571892571e+00 2.605127285679480931e+00 1.783333625216908969e+00 1.144207015024766427e+01 9.983661468918290538e+00 1.092058796762573358e+01 3.007970645693532674e+00
7.496757428317229710e+01 4.617944975638960869e+01 3.137264691485135160e+01 7.071868540408400072e+00 -8.232381495907063140e+00 -9.175642658987783307e+00 -2.798078195842423611e+03
4.311830100560528400e+00 2.602748531023883594e+00 1.855220686351693571e+00 1.128647385695895267e+01 9.376749803295762575e+00 1.069378282303124195e+01 2.694461701004756904e+00
3.511421183904051446e+01 2.117900245269857251e+01 1.512239208739750573e+01 9.098476666325787221e+00 -1.437676009072972860e+01 3.504451116066655825e+00 -6.045135354294517356e+02
2.605336076937119287e+02 1.588478115484134321e+02 1.107364525165253610e+02 5.001396573869284268e+00 -1.028832966034646461e+03 -1.372018162792533928e+02 -3.392688996784144547e+04
1.169689700827393786e+01 7.308609097638327334e+00 4.804277856712728223e+00 1.035799224866262414e+01 8.064115790608836321e+00 6.799627452952929474e+00 -5.641829870202924013e+01
5.155203641015931737e+01 3.158120211665741550e+01 2.178742332011554694e+01 9.304050587946763429e+00 -4.539138374970923451e+01 3.629156514316287385e-01 -1.316815827908141500e+03
4.998556637016807258e+01 3.073419375952802923e+01 2.102629847082425840e+01 9.383957967680538914e+00 -3.817329331222148880e+01 -7.433160995729611642e+00 -1.237288021564184191e+03
3.282216987133150354e+00 2.020225746390304611e+00 1.377319623491290779e+00 1.158580849737945861e+01 1.041121268962395874e+01 1.116888050665131082e+01 6.603926933741957050e+00
1.011267049636342676e+02 6.425558234768671184e+01 4.036370081087417105e+01 5.467003989135333697e+00 -1.986296971748638640e+01 -2.124836601389340274e+01 -5.101314827291910660e+03
1.478164109551969432e+02 9.178865888437030662e+01 6.120087175566890636e+01 5.968057993294748620e+00 -4.693586206750448753e+01 -4.681028890869255576e+01 -1.091285527272877880e+04
2.316822220575275182e+01 1.449340874059020834e+01 9.490908572006251376e+00 9.322687770205359215e+00 6.185288728147515513e+00 4.493530823231193239e+00 -2.563928589785127770e+02
1.541435168955620725e+02 9.327250568656930341e+01 6.611199576672791522e+01 5.452795963501563925e+00 -2.889962100534537512e+02 -4.477636422103624625e+01 -1.186812149935715934e+04
3.765837566103656400e+02 2.397144243470327183e+02 1.495912637307537807e+02 1.054728158589479436e+00 -3.223338915642356142e+02 -6.158635055476388516e+02 -7.089567247027849953e+04
3.350358156701639132e+02 2.064705686824835311e+02 1.403504240551400528e+02 4.344704253578615116e+00 -7.672483553020249474e+02 -2.410533412573061298e+02 -5.611250848977697024e+04
6.581517399213256070e+00 4.032111812880719626e+00 2.776603061906848247e+00 1.059479105097220852e+01 8.675110341311713213e+00 9.134631152653421182e+00 -9.667784529018748074e+00
7.949473719360433677e+01 4.952349931972638331e+01 3.275024295282171494e+01 7.086922584042055107e+00 -8.965747955836960159e+00 -1.118983649467067210e+01 -3.147716219631055537e+03
1.011653225857812366e+01 6.118918531751629253e+00 4.342152194108794383e+00 1.047653296671034440e+01 6.264467330299422265e+00 8.645120701383071093e+00 -3.918171136037123148e+01
2.950939493296973026e+00 1.830085278269636406e+00 1.226416460661445385e+00 1.152252891726751471e+01 1.080453745489627693e+01 1.116934056477874293e+01 7.636379162504766782e+00
