# SNRtot, SNR220, SNR221, evidence220_221, evidence220, evidence221, nofilter
9.339130576259181282e+01 7.545407753352124303e+01 1.988432993524971693e+01 6.932933076859537636e+00 -3.873863972975166270e+00 -8.268205442060297727e+00 -4.348977594911902997e+03
9.275898674422316503e+01 7.494320505081718409e+01 1.974970027263917416e+01 6.948234101710459854e+00 -3.750609043880185567e+00 -8.123351258739905489e+00 -4.290124409798429042e+03
1.069073547856354764e+02 8.637416268067752867e+01 2.276208794495581245e+01 6.634095158017376370e+00 -6.663749378724983075e+00 -1.156283414965896128e+01 -5.702600852521813067e+03
7.366245736932319232e+01 5.951445612918008976e+01 1.568377906500575669e+01 7.476317239638252232e+00 -3.237438229284652635e-01 -4.104837094641051287e+00 -2.701088411734623151e+03
2.890690552162850224e+01 2.335489232828345507e+01 6.154689048468028112e+00 9.204698391865969498e+00 5.834074516180551839e+00 3.384245903594873539e+00 -4.058141923091234844e+02
3.415347017173486766e+00 2.759377401712190814e+00 7.271756870546978169e-01 1.127091188873159666e+01 1.036342270229595641e+01 1.030738580589687103e+01 6.158103485196747329e+00
1.029817358354047911e+02 8.320251887273312263e+01 2.192626814600273022e+01 6.715717039240044706e+00 -5.822632726683779403e+00 -1.056622618382256462e+01 -5.290628556727493560e+03
6.955304288492783371e+01 5.619431752964953120e+01 1.480882659720182737e+01 7.607528111322837461e+00 3.414602900124092955e-01 -3.321093083733208218e+00 -2.406822486167250645e+03
6.241774437399208608e+01 5.042946219678172781e+01 1.328962062166257851e+01 7.849764319279909586e+00 1.439398791207257222e+00 -2.017529037747413323e+00 -1.935997005259455591e+03
1.080027557413033463e+02 8.725917513407834747e+01 2.299531430190661752e+01 6.611995045732235177e+00 -6.903002891267916219e+00 -1.184683440481134475e+01 -5.820307222748761887e+03
7.524340745966553357e+01 6.079176058187252352e+01 1.602038570039688281e+01 7.427508364222484616e+00 -5.862617495538691159e-01 -4.413292547134195054e+00 -2.818794781961570152e+03
6.335362012516704056e+01 5.118558870036020636e+01 1.348888180623224997e+01 7.816988929537016517e+00 1.299398401469931130e+00 -2.184614433061975447e+00 -1.994850190372930456e+03
3.272647135409275165e+01 2.644085214128551797e+01 6.967928638619981463e+00 9.029136596715803265e+00 5.371097687050368386e+00 2.801235537258308650e+00 -5.235205625360721342e+02
8.340467875747552284e+01 6.738553494072419880e+01 1.775803579375000396e+01 7.190402865150448797e+00 -2.001402304682692979e+00 -6.072047219424186792e+00 -3.466179818209789119e+03
1.018323385532277854e+02 8.227388091293558148e+01 2.168154520740728586e+01 6.740367425899422393e+00 -5.581163891821177003e+00 -1.028065086631869640e+01 -5.172922186500545649e+03
5.435369215537645715e+01 4.391423450648092341e+01 1.157266984534884280e+01 8.143824989258884983e+00 2.598371093360339223e+00 -6.225845493324877467e-01 -1.465171524351661674e+03
5.100200721776182888e+01 4.120629190855228785e+01 1.085904871547660910e+01 8.271809279725742314e+00 3.056598560239677465e+00 -6.490862704926092519e-02 -1.288611969011260271e+03
7.679181666424585728e+01 6.204277412346517195e+01 1.635006392094689076e+01 7.380611130765057482e+00 -8.469871886539506178e-01 -4.719300060941630015e+00 -2.936501152188518972e+03
9.770302238738860012e+01 7.893766305418009210e+01 2.080235539013207102e+01 6.831938002191279224e+00 -4.731501776978849882e+00 -9.277686451626292907e+00 -4.760949890706224323e+03
8.198126431193770713e+01 6.623550900352434212e+01 1.745497072534176652e+01 7.229975774666776545e+00 -1.747252390695019919e+00 -5.774369767594875746e+00 -3.348473447982840298e+03
1.006698188871187796e+02 8.133464092368203069e+01 2.143402832766807009e+01 6.765662527614793476e+00 -5.339142499085287596e+00 -9.994662117244734745e+00 -5.055215816273594100e+03
8.549537735643099268e+01 6.907468290687245371e+01 1.820317509657198940e+01 7.133615930809392935e+00 -2.380399947675354788e+00 -6.516005512742088612e+00 -3.642739373550211440e+03
4.741398137216215503e+01 3.830740128768030672e+01 1.009510726345895115e+01 8.412350952471607357e+00 3.533305006970572038e+00 5.189347960838568419e-01 -1.112052413670815213e+03
8.753615630126432734e+01 7.072349905174652918e+01 1.863768579896149546e+01 7.079693664236589079e+00 -2.756942867195492752e+00 -6.957269010645342533e+00 -3.819298928890634670e+03
4.486282301757037771e+01 3.624623190241657511e+01 9.551929565861204452e+00 8.514484785155373103e+00 3.864284639465842552e+00 9.264040250855689607e-01 -9.943460434438665061e+02
3.447793928756766491e+01 2.785592387811123416e+01 7.340840934639888182e+00 8.951325581617602722e+00 5.158349908748529167e+00 2.534580001583605746e+00 -5.823737476495463170e+02
1.074564510743244483e+02 8.681779663141624326e+01 2.287899831130477324e+01 6.622981396162558099e+00 -6.783432184793440456e+00 -1.170487260848620892e+01 -5.761454037635287023e+03
7.602155441957366122e+01 6.142045252022746382e+01 1.618606419436995836e+01 7.403828017021244712e+00 -7.168396026593750747e-01 -4.566586247928871245e+00 -2.877647967075045017e+03
6.427587069181497270e+01 5.193070694442977953e+01 1.368524199629979243e+01 7.784980152651222340e+00 1.160272924124939209e+00 -2.350381739331006692e+00 -2.053703375486404639e+03
3.087580860582124487e+01 2.494563747053817693e+01 6.573896363505924434e+00 9.113091700922877791e+00 5.595357313978175817e+00 3.083125550147427063e+00 -4.646673774225979514e+02
6.146762109037629074e+01 4.966182461721309949e+01 1.308732593591735949e+01 7.883337149583621084e+00 1.580326313965239482e+00 -1.849047267220978341e+00 -1.877143820145981636e+03
1.137413581221291281e+01 9.189559118417191641e+00 2.421714391629943286e+00 1.026828460529453579e+01 8.231076522915580895e+00 6.608292297525491854e+00 -5.269508162827748521e+01
1.035516503291958230e+02 8.366297257397275189e+01 2.204761100267323570e+01 6.703624048356891407e+00 -5.943167359571623010e+00 -1.070886694929086147e+01 -5.349481741840965697e+03
6.870166958906939669e+01 5.550646349279759306e+01 1.462755718058241250e+01 7.635485720882841498e+00 4.762200181046454261e-01 -3.161849781325521747e+00 -2.347969301053776235e+03
1.063554236371374628e+02 8.592823834830143426e+01 2.264457399685671390e+01 6.645339264222870135e+00 -6.543952221777225020e+00 -1.142071690166713260e+01 -5.643747667408433699e+03
7.445712857688175745e+01 6.015649858076768908e+01 1.585297580502464854e+01 7.451666476153643082e+00 -4.552360524549321497e-01 -4.259387328145067819e+00 -2.759941596848096196e+03
2.679370852661885039e+01 2.164756712704475206e+01 5.704759518905961002e+00 9.306158317238567790e+00 6.091510082551139682e+00 3.710480829997724328e+00 -3.469610071956491311e+02
9.212232764964213061e+01 7.442882606989731187e+01 1.961414654641643551e+01 6.963771020445366666e+00 -3.627155654757247660e+00 -7.978315835772661124e+00 -4.231271224684955087e+03
9.401937227119213958e+01 7.596151426597921841e+01 2.001805417838239265e+01 6.917861801493335960e+00 -3.996925612608634992e+00 -8.412885828607032934e+00 -4.407830780025451531e+03
3.614463539370885314e+01 2.920250551320780730e+01 7.695704109597037323e+00 8.878580792132355626e+00 4.954990921479875965e+00 2.280321440102828223e+00 -6.412269327630207272e+02
4.353121315652590795e+01 3.517037807556177853e+01 9.268410991987208192e+00 8.568537042845585816e+00 4.034636803338377042e+00 1.136764398399689124e+00 -9.354928583303925507e+02
4.615603166794987544e+01 3.729106005827088666e+01 9.827271978833064026e+00 8.462481184339450735e+00 3.697291517738421796e+00 7.206098363218842451e-01 -1.053199228557341257e+03
8.686122431656387732e+01 7.017819807444891467e+01 1.849398323309575431e+01 7.097364019618329856e+00 -2.631687403862231989e+00 -6.810457136400184908e+00 -3.760445743777159350e+03
8.618100672158267628e+01 6.962862666914220711e+01 1.834915528604090085e+01 7.115335290754631004e+00 -2.506175748003203196e+00 -6.663373724501645334e+00 -3.701592558663684940e+03
8.126020753085018100e+01 6.565294220223606203e+01 1.730144753793028656e+01 7.250306648496361639e+00 -1.619701578369990180e+00 -5.624966141566021705e+00 -3.289620262869365888e+03
1.012527471478786509e+02 8.180560889896301546e+01 2.155814199939459996e+01 6.752932414896315905e+00 -5.460223800126240867e+00 -1.013770988421699926e+01 -5.114069001387069875e+03
7.755442912446778791e+01 6.265891520032185014e+01 1.651243490021484916e+01 7.357843949026561248e+00 -9.767210596734319239e-01 -4.871463853531550647e+00 -2.995354337301994292e+03
9.709878584927625411e+01 7.844947938201670468e+01 2.067370488477023827e+01 6.845749584774705632e+00 -4.609501890231429755e+00 -9.133913902122058559e+00 -4.702096705592750368e+03
5.214317894478178772e+01 4.212828415682972860e+01 1.110202031703590997e+01 8.227871319929759508e+00 2.902036762473320319e+00 -2.534084137024237293e-01 -1.347465154124712853e+03
8.269603417583419969e+01 6.681299638619537973e+01 1.760715533916033237e+01 7.210011285366929812e+00 -1.874482416127148277e+00 -5.923390522021545479e+00 -3.407326633096314254e+03
1.024086497589248808e+02 8.273950273975368930e+01 2.180425001451849454e+01 6.727963585610512887e+00 -5.701965869494986627e+00 -1.042348853394184793e+01 -5.231775371614017786e+03
5.325990500080273904e+01 4.303052589899913727e+01 1.133978708947670277e+01 8.185235210152415064e+00 2.749343659772957249e+00 -4.392365505835571504e-01 -1.406318339238211820e+03
4.215756336236685087e+01 3.406055872753964309e+01 8.975941521734938533e+00 8.624846093676437064e+00 4.208766968663596231e+00 1.352223489466589879e+00 -8.766396732169331472e+02
9.018538762408893206e+01 7.286390499215377758e+01 1.920174461865243032e+01 7.011861574395253704e+00 -3.255549758529038940e+00 -7.542040986238484734e+00 -4.054711669344532311e+03
3.773779323133640418e+01 3.048967302866229900e+01 8.034909947053101575e+00 8.810104488241831788e+00 4.759439130317035804e+00 2.036371643071595017e+00 -7.000801178764951374e+02
8.410735288228156037e+01 6.795324975594152761e+01 1.790764505363255310e+01 7.171140542045165489e+00 -2.128022179380034018e+00 -6.220357610768834533e+00 -3.525033003323263074e+03
8.887064419960775297e+01 7.180167814483168343e+01 1.892181714768376111e+01 7.045223226856975884e+00 -3.006715258099981192e+00 -7.250127483919731830e+00 -3.937005299117582581e+03
7.830961529115721476e+01 6.326905631686732789e+01 1.667322471655130656e+01 7.335513230612999536e+00 -1.106056821581002048e+00 -5.023105826419421049e+00 -3.054207522415467338e+03
9.890042125332153944e+01 7.990508315962682673e+01 2.105729854484960129e+01 6.804885246328447934e+00 -4.975018759306056637e+00 -9.564840563906418680e+00 -4.878656260933173144e+03
8.053269496130062066e+01 6.506515954536916979e+01 1.714654982184374532e+01 7.271014581382066133e+00 -1.491818764721475787e+00 -5.475159703535012135e+00 -3.230767077755891933e+03
9.949371685845997604e+01 8.038442727228130025e+01 2.118361957083135394e+01 6.791634649468868190e+00 -5.096543350287682905e+00 -9.708231412586735942e+00 -4.937509446046646190e+03
5.852477536761014676e+01 4.728419741175078173e+01 1.246075245755980987e+01 7.989184231257847379e+00 2.009270808444273193e+00 -1.334350108761270803e+00 -1.700584264805559087e+03
5.647775306592259170e+01 4.563033704216755382e+01 1.202491245618921667e+01 8.064417841006088494e+00 2.301077826901093193e+00 -9.825067383701071577e-01 -1.582877894578609812e+03
4.863940788894051792e+01 3.929746590508361237e+01 1.035601790146801271e+01 8.363944881461449654e+00 3.372025779864169071e+00 3.209995292188394522e-01 -1.170905598784310087e+03
6.050257905480661691e+01 4.888213366011173378e+01 1.288185483686845068e+01 7.917740505451676292e+00 1.722238060279211780e+00 -1.679085070650465195e+00 -1.818290635032507680e+03
6.518507439144285343e+01 5.266528417177782728e+01 1.387882432384212805e+01 7.753709167640932876e+00 1.021974467785326635e+00 -2.514904059108573620e+00 -2.112556560599914519e+03
1.058006132629099483e+02 8.547998778952027976e+01 2.252644702087602724e+01 6.656716737205863765e+00 -6.424038393337255570e+00 -1.127851863662619891e+01 -5.584894482294863337e+03
7.204682425501803777e+01 5.820913005758195879e+01 1.533978792325189033e+01 7.527159426992678704e+00 -5.927886709275220767e-02 -3.793657599781830481e+00 -2.583382041507673421e+03
6.696645924544439765e+01 5.410452682711181183e+01 1.425810635539095195e+01 7.693274062825479653e+00 7.476859553561805427e-01 -2.840483116852940970e+00 -2.230262930826827869e+03
2.449890704465117253e+01 1.979351735730928041e+01 5.216163825433787871e+00 9.420872083210896974e+00 6.374168904374787559e+00 4.071010152346025812e+00 -2.881078220821747209e+02
1.571869382937440385e+01 1.269967833989071337e+01 3.346732243459536793e+00 9.932978938347789111e+00 7.538098623603655568e+00 5.606042836310909827e+00 -1.115482667417518314e+02
1.041184453213117820e+02 8.412090592153131752e+01 2.216828967331449363e+01 6.691680987144140502e+00 -6.063572571187579641e+00 -1.085141380988783055e+01 -5.408334926954441471e+03
7.122526598761500338e+01 5.754536461709740536e+01 1.516486654789815169e+01 7.553383921651949606e+00 7.373771466178968836e-02 -3.636950981212240475e+00 -2.524528856394198556e+03
9.464327093087923970e+01 7.646558364863400925e+01 2.015089102753116990e+01 6.903014321406207188e+00 -4.119798931741214254e+00 -8.557399450716989264e+00 -4.466683965138850908e+03
9.148123786526431900e+01 7.391086738090159258e+01 1.947764946366772776e+01 6.979550174118139161e+00 -3.503498422318449990e+00 -7.833091293799911092e+00 -4.172418039571480222e+03
9.587888961053789671e+01 7.746388286819770030e+01 2.041397172117675751e+01 6.873967844151788853e+00 -4.364999538021960390e+00 -8.845952623479085730e+00 -4.584390335365800638e+03
4.983471049392819907e+01 4.026319236855146499e+01 1.061051473258059730e+01 8.317134726348710316e+00 3.213197418737224087e+00 1.264788398721874429e-01 -1.229758783897764033e+03
5.542589846947392829e+01 4.478050720387217609e+01 1.180095773504128509e+01 8.103572838776765153e+00 2.448987990844874396e+00 -8.036233914830686054e-01 -1.524024709465161777e+03
7.979855003383799783e+01 6.447201837633548394e+01 1.699023998294861570e+01 7.292110623811263181e+00 -1.363592130097865507e+00 -5.324929321795156767e+00 -3.171913892642417977e+03
1.000834954652282107e+02 8.086092987987764502e+01 2.130919177811522403e+01 6.778561863283783850e+00 -5.217916786891351855e+00 -9.851503910430894351e+00 -4.996362631160122874e+03
5.751037264356995138e+01 4.646462624112685802e+01 1.224477176977173265e+01 8.026304964817020604e+00 2.154536539737235579e+00 -1.159373531079155306e+00 -1.641731079692084904e+03
7.905758798038297641e+01 6.387336941459042094e+01 1.683247868150741766e+01 7.313606220553698023e+00 -1.235009205053134274e+00 -5.174252604380317422e+00 -3.113060707528942658e+03
9.830354497095974864e+01 7.942284609355844793e+01 2.093021514204144395e+01 6.818318151009896688e+00 -4.853339461689812673e+00 -9.421327082759576754e+00 -4.819803075819697369e+03
8.820592400868736149e+01 7.126462763017988777e+01 1.878028881715068721e+01 7.062316041166822878e+00 -2.881949732514192064e+00 -7.103821858592656469e+00 -3.878152114004109535e+03
8.480420496114319917e+01 6.851626073815741336e+01 1.805601471758578569e+01 7.152214673078626461e+00 -2.254351670598513380e+00 -6.368338442511621622e+00 -3.583886188436737029e+03
3.926636484573085539e+01 3.172465909258194117e+01 8.360364464067160384e+00 8.745289354118018110e+00 4.570484125552959576e+00 1.801148354813132402e+00 -7.589333029899693202e+02
4.073762116796950039e+01 3.291333814255774826e+01 8.673615744706534514e+00 8.683662025643901217e+00 4.387178591770241276e+00 1.573423326219534957e+00 -8.177864881034437303e+02
8.953042930021180723e+01 7.233474142872016444e+01 1.906229472768594491e+01 7.028407548338672761e+00 -3.131246385654239184e+00 -7.396197023523770397e+00 -3.995858484231057446e+03
9.649076558498650513e+01 7.795823870614184159e+01 2.054424877058757914e+01 6.859757834737970406e+00 -4.487335845355578279e+00 -8.990004399056378048e+00 -4.643243520479353720e+03
9.083562357981654145e+01 7.338925319044619755e+01 1.934018905064610649e+01 6.995578107161621872e+00 -3.379631738661160512e+00 -7.687669289463885391e+00 -4.113564854458006266e+03
9.526308363013932023e+01 7.696635184203665858e+01 2.028285791791238424e+01 6.888384866370630633e+00 -4.242488708121474161e+00 -8.701752954618477531e+00 -4.525537150252403990e+03
1.909931166111930523e+01 1.543099682724675326e+01 4.066513595722489605e+00 9.717552554495105355e+00 7.066705794144803043e+00 4.970723504781053848e+00 -1.704014518552292827e+02
1.046821714827980685e+02 8.457635985430518133e+01 2.228831494650876976e+01 6.679884338772437147e+00 -6.183851075378328233e+00 -1.099386960038816596e+01 -5.467188112067915426e+03
7.039412010089733940e+01 5.687385300618274186e+01 1.498790383278383231e+01 7.580167315310553988e+00 2.073087916023910182e-01 -3.479444365549186013e+00 -2.465675671280724146e+03
1.052428781276010028e+02 8.502937421474351254e+01 2.240769732189256302e+01 6.668230691887154116e+00 -6.304005500570515785e+00 -1.113623701926246667e+01 -5.526041297181483969e+03
7.285911923335612528e+01 5.886541136530259166e+01 1.551273701334257282e+01 7.501476164297671723e+00 -1.917651647666041015e-01 -3.949606374215639537e+00 -2.642235226621147376e+03
6.783961257332410355e+01 5.480997770781764444e+01 1.444401304888720894e+01 7.664060544187937474e+00 6.116178536020697720e-01 -3.001664230122177202e+00 -2.289116115940301825e+03
2.196565674309580629e+01 1.774681650968136282e+01 4.676799005621252725e+00 9.554503469622725120e+00 6.692735388304225097e+00 4.481322495747405377e+00 -2.292546369687005097e+02
6.608176975266998454e+01 5.338975547836793822e+01 1.406974344921953701e+01 7.723148945257823250e+00 8.844590028041343643e-01 -2.678249804297587744e+00 -2.171409745713390294e+03
5.952189262831092975e+01 4.808980305656515242e+01 1.267305282571515690e+01 7.953010022429650938e+00 1.865196618636023818e+00 -1.507551943848002285e+00 -1.759437449919032815e+03
