# SNRtot, SNR220, SNR221, evidence220_221, evidence220, evidence221, nofilter
2.378306185940429529e+01 2.153492405301440371e+01 4.532296807392193649e+00 8.272269606179385448e+00 6.333020838912660544e+00 4.020461750245296173e+00 -2.708266145950709642e+02
6.985418565477891661e+01 7.273148466713301730e+01 3.349825414945027280e+00 5.637904139427053707e+00 3.841632873708788587e+00 1.061095507250438663e+00 -2.427813225637105461e+03
7.360501424713422836e+00 6.465274080647358979e+00 1.575654049945458768e+00 1.023198292623705363e+01 9.060304614422335590e+00 7.396804768612112113e+00 -1.509808950254949700e+01
4.444903653766409235e+01 4.389802863410314160e+01 9.059178635564005821e-01 6.996703786778220469e+00 5.419041036077694606e+00 3.397819066703089419e+00 -9.758680234542439393e+02
2.155373139180603914e+01 2.364865295122317335e+01 5.999318695453534467e+00 7.725775728138633447e+00 4.976995129736298651e+00 2.061447184367036112e+00 -2.202912673460078850e+02
8.268854742358600518e+00 8.349757992007171836e+00 1.402323409667848853e-01 9.937228919937401983e+00 8.884330401072771721e+00 6.646188239076559867e+00 -2.219657826605848783e+01
3.895278095888066616e+01 4.618493309576108885e+01 1.135136432144444640e+01 6.569764618957746549e+00 1.609088731987791565e+00 -2.520278344380125546e+00 -7.466691711062134118e+02
5.971828284895035210e+01 5.593078390129957711e+01 4.695893485477174778e+00 6.391879601563720925e+00 4.368126267004320162e+00 1.592697605325478438e+00 -1.771146252104564383e+03
2.635377548764099842e+01 2.673621406544278756e+01 7.865408156692441644e-01 7.902335037703328346e+00 6.310629375925877582e+00 3.991061226096755288e+00 -3.352703401174391047e+02
2.422042781418914714e+01 3.232478807892164951e+01 1.197947122485386728e+01 7.003933104465858150e+00 4.888310299148397320e-01 -2.046857954667689050e+00 -2.813241606421189545e+02
2.167004844942618291e+01 2.233814672202981555e+01 3.926399755824191651e+00 8.276237849617141151e+00 6.510346345831715453e+00 4.145279435775555577e+00 -2.228050987911843777e+02
1.425657303691815514e+02 1.454713782215784192e+02 1.217571145276175848e+01 4.226824516412453825e+00 -2.561038689989362460e+00 -5.392440987305802125e+00 -1.015050333674003195e+04
4.603255866772337868e+01 5.113198962478458753e+01 5.986719404299046587e+00 6.484644474391843438e+00 4.005499827404261026e+00 7.479381855646685118e-01 -1.047507827639642755e+03
2.703669322730450375e+01 3.065448250663607510e+01 5.991109269882388233e+00 7.491101983160428190e+00 5.159991401865832827e+00 2.299773761784940085e+00 -3.535009892246318941e+02
5.146387541224495976e+01 5.150826048343646590e+01 2.437217875666494171e-01 6.356289209070830282e+00 4.799123233961923418e+00 2.935386475644715443e+00 -1.312274835114481220e+03
1.272293344309122602e+02 1.117701956366497882e+02 1.974120861900983925e+01 5.049320420282191968e+00 -4.361612702530102581e+00 -7.401434480348402900e+00 -8.081661368757402670e+03
4.402561612985022244e+00 3.535805406584641375e+00 1.030846066770213953e+00 1.085068259786027767e+01 9.772385220261732286e+00 9.218257487069367428e+00 2.299126730990023404e+00
3.606616664666938732e+01 3.726846817929629907e+01 6.925897559645481039e+00 7.076919600254891307e+00 4.034869275040368741e+00 1.815479829759240937e+00 -6.383937871836088789e+02
4.888573003993486310e+01 5.698436465152651920e+01 1.254598431029554284e+01 6.146313651256750887e+00 3.417479853613585306e-01 -4.032485171153854075e+00 -1.182916899659640194e+03
2.124206760952544570e+01 1.690572680602944544e+01 4.890845176731693833e+00 8.875426577370017611e+00 6.759191363523930463e+00 4.465880831447763377e+00 -2.136223170547703774e+02
2.131698572513129974e+01 2.466026815514432258e+01 4.126149263082616869e+00 7.782628209043815026e+00 5.765042110754818871e+00 3.527068520953925201e+00 -2.152165390936711162e+02
1.783272539641463439e+01 1.740636833041709153e+01 5.404538352494375752e-01 8.861430813494767023e+00 7.350109268357781112e+00 5.028568217882665614e+00 -1.470126464229111036e+02
3.507262538635231408e+01 2.992996360643387987e+01 1.009901019452479431e+01 7.611340037569542361e+00 3.588846919770672272e+00 1.280239333651337574e+00 -6.030541246366477708e+02
2.065434285188144869e+01 2.058451333277655593e+01 3.685373728021297257e-01 8.474971089327903329e+00 6.891695598441553550e+00 4.568130482304051831e+00 -2.013105382124784626e+02
4.593264852264334763e+01 4.071056524324437476e+01 5.974703257720104688e+00 7.115613787540400637e+00 4.412581219819911027e+00 2.108772629831008771e+00 -1.042913699043290535e+03
3.997042611273899837e+01 3.595712551546186830e+01 8.633751181797476804e+00 7.226297268259400219e+00 3.864642304675756979e+00 1.498992053841391225e+00 -7.868270807079089764e+02
5.591895399396577915e+01 5.813238519023723683e+01 6.168152169203941604e+00 6.236481548007489550e+00 3.916645550487799721e+00 2.029132044085575348e+00 -1.551474306780575944e+03
7.830902763024882418e+00 1.129619654020726749e+01 4.587270886851078089e+00 9.275228559427608488e+00 7.005660449028118464e+00 4.217155573711755423e+00 -1.867111793292070132e+01
2.685820789579126711e+01 2.532562764044638115e+01 4.612026922291357245e+00 8.135601222116186193e+00 6.120066040425204079e+00 3.805969302733557935e+00 -3.486912645777174475e+02
3.479764595292591878e+01 3.509281157034936172e+01 7.678486229756802395e-01 7.412800024938580812e+00 5.836641171188821531e+00 3.636907265152271584e+00 -5.934476808235361887e+02
1.157924917741926691e+02 9.928955173163041081e+01 1.920749253519758426e+01 5.342862185341185288e+00 -5.919318934347236549e+00 -8.055347466089035180e+00 -6.691960174529182950e+03
1.128814030770710275e+01 1.120443740053987902e+01 2.992637370307685285e-01 9.322876147502167754e+00 7.953757608779352672e+00 5.635807017939177932e+00 -5.172065469418624417e+01
4.019833461487584714e+01 4.479259132311968017e+01 6.093166874198096217e+00 6.708052062103655899e+00 4.029672001250713897e+00 1.237097654534923485e+00 -7.959626517957080978e+02
3.283982619667198577e+01 3.268943696471079363e+01 3.250235563517766546e-01 7.593089139365312157e+00 6.008532856346596951e+00 3.794993931352112160e+00 -5.272366912047572214e+02
8.759695996820065034e+01 8.775533877672850736e+01 1.332653138969405759e+01 5.448152089593060410e+00 -1.151391215982488170e+00 -3.231301446867003602e+00 -3.824623296726219451e+03
5.634840211932115750e+01 6.124109798923649350e+01 7.603234447530366147e+00 6.107213000984823559e+00 2.449143974609119034e+00 -1.840491647918288010e+00 -1.575580809591304160e+03
2.725955954620030397e+01 2.676406680495471591e+01 8.938400264510832471e+00 7.495618506527142344e+00 4.012588218482481039e+00 1.617761851794841998e+00 -3.595513922173653327e+02
4.320127930835631958e+01 4.245096553716056320e+01 1.953668165349665697e+00 6.855124440360057747e+00 5.193902133214771233e+00 3.146973226064758045e+00 -9.211848658302532158e+02
7.641136830752654419e+01 7.574980248907088765e+01 1.119888281498050198e+01 5.587540701640617335e+00 2.779603808113528807e-01 -1.260174032811916423e+00 -2.907358202205181442e+03
4.868034025828958278e+01 4.450263780185358087e+01 8.541805565945800538e+00 6.789831342026194427e+00 3.649517621232884146e+00 1.171935605499747624e+00 -1.172897362722370190e+03
5.570116012947657680e+01 5.214610223694126745e+01 4.204181728304575039e+00 6.679938980316165953e+00 4.604874883209202352e+00 1.799706090189369778e+00 -1.539319218775741092e+03
4.606952476878324632e+01 5.450784494694096338e+01 1.073299581515825452e+01 6.249263496112582139e+00 7.607256681614460447e-01 -8.068317143477745645e-01 -1.049210155101711962e+03
5.227552542377746647e+01 4.871086604128535669e+01 9.866998692083743805e+00 6.683104631728769895e+00 2.944353426337356527e+00 6.186095857419267041e-01 -1.354374878056947637e+03
3.356015730812652009e+01 2.858670941655984521e+01 6.376679049793724907e+00 8.049140666241903830e+00 5.662530105194854002e+00 3.349151779500515236e+00 -5.511516781640442559e+02
1.608877514837801215e+01 1.501226996928363278e+01 1.405338938506518476e+00 8.922259667535632488e+00 7.335045313161202785e+00 5.027445010279195436e+00 -1.174339417784782995e+02
5.789586558660624860e+01 6.020380430193004884e+01 3.214200047313299891e+00 6.152358552468178310e+00 4.384438941265006662e+00 1.915992149199807093e+00 -1.663975224902134414e+03
1.125505806547262324e+02 1.052184361443318608e+02 1.784870889708002650e+01 5.152815332668517989e+00 -4.812437761191263874e+00 -1.112293647007482100e+01 -6.321826201748962376e+03
2.665845033464446345e+01 2.876419050566669711e+01 6.865031942670948517e+00 7.458602505748432421e+00 4.577278730931372053e+00 2.191801117508188845e+00 -3.433460860132980201e+02
4.477267013392189199e+01 4.107022856797720323e+01 7.556534529439048242e+00 6.929359271495905581e+00 4.308824457159041721e+00 1.893978218313773443e+00 -9.903055943514358432e+02
2.831819960298338756e+01 2.822025139138227701e+01 1.373719126143145564e-01 7.908927987419389183e+00 6.333081520030097167e+00 4.060352771387663040e+00 -3.889698132681495508e+02
5.753838736920825170e+01 5.180571183167938898e+01 1.276619102066457145e+01 6.622968737284597118e+00 1.091854620702101819e+00 -1.231609331957205899e+00 -1.643342609415477227e+03
2.751817269511551345e+01 2.801479012863900309e+01 2.450056575686540672e+00 7.709254593507123055e+00 5.977148042714230947e+00 3.624504639436113784e+00 -3.666345131300457751e+02
5.529298920566817088e+01 5.755558808167904772e+01 4.665164600700045128e+00 6.324886698692442799e+00 4.343726641182429127e+00 2.265959012318659038e+00 -1.516666926540013947e+03
2.115740894707215247e+01 2.128896315285564711e+01 6.138355126265557793e-01 8.449982283903956670e+00 6.867590173027928735e+00 4.544109830775855841e+00 -2.118275755677697134e+02
1.168195930601176826e+02 1.160744358706878643e+02 2.069601344970925183e+00 4.765639395420341984e+00 3.084691079928000512e+00 2.046972990820411731e+00 -6.811418260256692520e+03
4.950095991717329014e+01 5.480355701488633713e+01 6.464466055333836891e+00 6.324841157063189279e+00 3.546064709051598207e+00 9.713063629472173943e-02 -1.213182115251743880e+03
3.051930367027797786e+01 3.047294724142642863e+01 1.514700899869883544e-01 7.566179778617247997e+00 5.949163632413188019e+00 3.696510266960758795e+00 -4.537235471502667679e+02
2.717271910809086677e+01 2.339159131709148909e+01 6.497906008046621551e+00 8.213522886459362127e+00 5.772877174425347313e+00 3.458241590164835344e+00 -3.571879307545485744e+02
2.897416987476622907e+01 2.895317932581681575e+01 1.011091277961010254e-01 7.824119383986757548e+00 6.250071862781432230e+00 3.980281378495734046e+00 -4.077608588568507457e+02
1.096318629824256163e+02 1.074629591605744139e+02 1.068599233300954054e+01 4.840805788042718660e+00 6.930920793691139892e-01 -4.433693520179353698e-01 -5.997582289389616562e+03
7.455485599623690973e+01 7.419252998046160030e+01 9.500568507454778544e-01 5.743028550079866790e+00 4.147135948399929717e+00 2.649808909486565778e+00 -2.767222875200756789e+03
3.946179787996489807e+01 3.867317494694970037e+01 3.366315974920080833e+00 7.005408938826796827e+00 5.055137520489539682e+00 2.937466725406054469e+00 -7.666263448505465021e+02
1.256531458306789233e+02 1.052546693664242383e+02 2.398216467296236587e+01 5.274794236248934176e+00 -1.076861094954665354e+01 -1.576530937422358214e+01 -7.882366127463878001e+03
1.208598669255739679e+02 1.226804026129854321e+02 5.908730936630042230e+00 4.534565375468254445e+00 2.190119542113927231e+00 6.281802903157274187e-02 -7.291563315524669633e+03
5.691812706951202472e+01 5.757216571260726568e+01 1.371428074436100708e+00 6.188928344131069181e+00 4.614741460686643926e+00 2.791625631271061003e+00 -1.607846193441504283e+03
1.310475998776531981e+02 1.178983891194628342e+02 2.331481064760490440e+01 4.798188752064430851e+00 -1.059456628888042928e+01 -1.468096835112669751e+01 -8.574746315737691475e+03
1.788658419675475031e+01 1.886285142998043085e+01 1.609178694101741414e+00 8.363772900807528998e+00 6.732416317753286528e+00 4.428058475780257019e+00 -1.479745460047437291e+02
4.922582052266871244e+01 5.145536945528022699e+01 4.369709201677709487e+00 6.512816484179929866e+00 4.351174942536545132e+00 1.842206472617571311e+00 -1.199600301955941404e+03
2.988238057260738501e+01 2.585707017845448874e+01 5.669310551625631689e+00 8.211833384099234578e+00 5.801301229384086433e+00 3.486208017179137197e+00 -4.344879332340169071e+02
1.453713096765296164e+01 1.533780760550364164e+01 5.103390096580493029e+00 8.744546537105705397e+00 6.909066727691193677e+00 4.328563975917638196e+00 -9.367368727629271064e+01
7.296636416537545244e+01 6.920261421825635750e+01 2.324023097905870472e+01 5.608700057034243791e+00 -8.870012134659557290e+00 -1.059895353752021663e+01 -2.650054748648038185e+03
6.789775639239532268e+01 6.904962270054421936e+01 2.737027621217685169e+00 5.896602175918792987e+00 4.210545484521367676e+00 2.511130739194388450e+00 -2.293062260451474685e+03
2.462105371658542197e+01 2.655205541301955918e+01 2.397050161466569573e+00 7.615934702924556987e+00 5.881437569735870063e+00 3.494463095896827909e+00 -2.911077419484377060e+02
3.336643765229376868e+01 3.615933902586701976e+01 3.678172948872674208e+00 7.073053162637781277e+00 5.183589756384297864e+00 2.495220155215867486e+00 -5.446691796931488625e+02
1.518361773066154967e+02 1.438592222267742216e+02 1.774594840339395674e+01 4.301553934646961785e+00 -5.379775863338068120e+00 -1.072231735209818915e+01 -1.151512196843393394e+04
1.532891579909361823e+01 1.340571678526532295e+01 2.479931060759852812e+00 9.250557068489479562e+00 7.697446210080675755e+00 5.408658181044999402e+00 -1.054974286787963109e+02
1.192112180284578500e+02 1.024252618620926540e+02 2.538422969651727712e+01 5.167131264503026067e+00 -8.885315665544339936e+00 -1.114454656662670473e+01 -7.093666850805201648e+03
1.472446238752889514e+01 1.662644972638554108e+01 3.681005316623683576e+00 8.636348859271857137e+00 6.704460724829928608e+00 4.408987047399710590e+00 -9.641449519182191352e+01
6.394591207556577928e+01 6.483708179477159206e+01 1.031422336333248868e+00 6.091151768713009673e+00 4.533613839038725501e+00 2.703776982660622608e+00 -2.032549434478940157e+03
4.525929426437981817e+01 4.321683249379415059e+01 2.839540235329840456e+00 6.964964892109582806e+00 5.144786464330232789e+00 2.758157469384076688e+00 -1.012211457545807320e+03
5.908977770792611039e+01 5.799674504677842179e+01 3.969809794341355502e+00 6.139079004587149058e+00 4.195574890230807874e+00 2.466822329521051405e+00 -1.733810513677006156e+03
5.970507240275942706e+00 6.407099229531683982e+00 1.652388932595361348e+00 1.019004349616396254e+01 9.261369778921826779e+00 7.230195018574358201e+00 -5.833077244039062137e+00
1.520333523612959539e+02 1.566106889422694906e+02 5.365497961196827426e+00 4.007146654373804573e+00 1.557391872455780035e+00 -3.246659682358962851e+00 -1.154507971399793314e+04
8.019071930113609881e+01 7.944202766762437307e+01 1.064370076189537828e+00 5.767033835596669711e+00 4.188824143005962064e+00 2.771030516955063749e+00 -3.203285329907746473e+03
7.219946323025422430e+01 7.056328761122492210e+01 2.717426496531566649e+00 5.779830872793163543e+00 4.010546800431487924e+00 2.391369565244672479e+00 -2.594390844259361074e+03
3.340730763731838238e+01 3.334434178510763047e+01 7.435438473501638779e-01 7.513848129833808898e+00 5.940243117881672141e+00 3.734562467554287224e+00 -5.460337006781609261e+02
7.004256551630037109e+01 6.685063579837088810e+01 3.724162024981494401e+00 6.035339471852072535e+00 4.055619382949075202e+00 1.466363864445877407e+00 -2.440990090943560062e+03
1.102476211368946757e+01 1.151933967335280329e+01 2.443897206551608470e+00 9.206693775012086078e+00 7.675616715825398728e+00 5.360010408724866338e+00 -4.878228872266667082e+01
3.690205442650452738e+01 3.349803100117466670e+01 4.011874136086357900e+00 7.551614978106057308e+00 5.423769143160570572e+00 3.070647944295560094e+00 -6.688904093392964114e+02
5.850051908032288850e+01 6.000641733593469951e+01 1.739761866924746325e+00 6.285537425041940018e+00 4.682113799839124013e+00 2.575746301825662332e+00 -1.699164965224556454e+03
6.630691178159987942e+01 6.142360754929981681e+01 5.855387202020817305e+00 6.099560450590914229e+00 3.476556396332817656e+00 1.581226426280419872e-01 -2.186312873897380086e+03
5.621171537296518750e+01 6.200576627997487833e+01 6.765985973104883477e+00 6.077709443941466283e+00 3.389244667053070259e+00 -8.673155699777366223e-01 -1.567888071476570985e+03
6.548864777984729812e+01 6.131067343759671218e+01 5.549467961039966646e+00 6.353780908932523452e+00 4.160365427239858249e+00 1.325503971061170239e+00 -2.132391092907394068e+03
2.602652610792942056e+01 2.214666567674001740e+01 4.613459996166716870e+00 8.447936985047666880e+00 6.456054347195157916e+00 4.140011861508411606e+00 -3.266996295143111979e+02
5.232364761658962493e+01 6.652666257829275764e+01 1.884712116289320605e+01 5.416109597515678331e+00 -1.287668106603293339e+01 -1.628374503327508549e+01 -1.356891648843468147e+03
4.625286728048453000e+01 4.828537980841566934e+01 7.336277067023172727e+00 6.614775621244667114e+00 3.267936546107261364e+00 9.250610975140127756e-01 -1.057673464724003679e+03
3.507630896369826701e+01 3.980751223510407044e+01 8.872221259049130282e+00 6.717917466137900639e+00 2.448947078108994813e+00 -1.460755590003908200e+00 -6.031833241493550304e+02
2.988741440762086299e+01 3.037143318374686274e+01 5.726069630698862323e-01 7.706713159205878405e+00 6.125702780192654906e+00 3.834607111857740946e+00 -4.346383688773768768e+02
1.652003903583932640e+02 1.634579884382178818e+02 7.731434923929271896e+00 4.028416789591875435e+00 1.024026933908330106e+00 2.717597057821148354e-01 -1.363359408617370173e+04
2.641200356012666006e+01 2.777036183943531356e+01 1.598300997679714897e+00 7.771343946432374139e+00 6.149976506455172576e+00 3.773782903731463634e+00 -3.368065649210170136e+02
4.416238813735327007e+00 3.855487355507266845e+00 1.132184628714528962e+00 1.075280764417899348e+01 9.785144508877241520e+00 9.016975816264766408e+00 2.238818479083459323e+00
1.102442388530371318e+02 1.195262294452272158e+02 1.293519967074648847e+01 4.725725510703902010e+00 -1.972296535696417941e+00 -1.398997272333764563e+01 -6.064905699033695782e+03
1.144868351266867847e+02 1.146749332540746877e+02 1.037525006413217099e+01 4.889023300918268866e+00 8.105652842090824706e-01 -6.625297334045763264e-01 -6.541627307553526407e+03
3.467357552177828239e+01 3.348395682252957073e+01 3.318589265737665883e+00 7.558008320046371686e+00 5.696368712881517027e+00 3.499289180442069380e+00 -5.891380186231764355e+02
4.226874181074700232e+01 4.348652893803895836e+01 5.174279089856726799e+00 6.634316768219326477e+00 4.398224570721997573e+00 2.143566741741051107e+00 -8.813328660227410865e+02
1.358989288433881804e+01 1.359575241055947359e+01 2.743758356219712091e-01 9.010754294372882001e+00 7.553923200218364720e+00 5.212558148581835304e+00 -8.035219319484676248e+01
1.016083256551953440e+01 1.054767448228746396e+01 2.200191152721401977e+00 9.382162331758502560e+00 8.047535481292971582e+00 5.509163627856948686e+00 -3.963085810320647795e+01
2.543755111609189612e+01 2.351653475043806907e+01 2.175157167005340231e+00 8.272811730758638404e+00 6.540277461029997852e+00 4.239177021691199698e+00 -3.115441022828393898e+02
3.349070283603509068e+01 3.083614582591571462e+01 8.025091302719413733e+00 7.446168210049365577e+00 4.431682224383970414e+00 2.160353417307923962e+00 -5.488231871167498639e+02
3.988425203868020930e+01 4.065439010478885251e+01 9.508280556414351326e-01 6.997394348594813351e+00 5.410748735668070353e+00 3.237531395245689669e+00 -7.833863792334284426e+02
5.358443572739070504e+01 5.579184925511164295e+01 5.136080059424147137e+00 6.224826273631881790e+00 3.875031104540556548e+00 6.341842787425102657e-01 -1.423655475002378125e+03
2.195741156348081802e+01 2.204400456579367429e+01 7.965685024986802754e-01 8.166248499155969398e+00 6.577836115360833347e+00 4.260808422784119642e+00 -2.290735601749859427e+02
4.170067780757655385e+01 4.000511203934939886e+01 2.764692152782692425e+00 7.050671346344087098e+00 5.266033249243549541e+00 3.105941345713700841e+00 -8.574828636965992246e+02
6.986495926669631729e+01 6.563510770343935974e+01 5.142871566312776643e+00 6.118043970943901400e+00 4.000416498589562941e+00 9.929926704258114079e-01 -2.428565865559512531e+03
2.717935336146032554e+01 3.386652395060092147e+01 1.201624957069902599e+01 7.095958963207613657e+00 3.436903196079814649e-01 -1.655999563574368505e+00 -3.573682234645076505e+02
5.896613107715784174e+00 5.735678759006733074e+00 3.051593663985314731e-01 1.042176276891098219e+01 9.566523203525878927e+00 7.977865578618841269e+00 -5.394621961988134373e+00
8.243252076092634439e+00 1.053746339577967461e+01 2.981595554312612251e+00 9.486058333285907196e+00 7.835877465762282057e+00 5.253477887081746900e+00 -2.198520128594809364e+01
8.271755288438245657e+01 7.977839598387039644e+01 3.608397678972092137e+01 5.233788103631161981e+00 -2.878888534088998341e+01 -3.265794173639100251e+01 -3.409106376481248844e+03
2.666606528680332033e+01 2.986884683574622201e+01 3.883861309716034160e+00 7.588158537797910164e+00 5.693419319635085074e+00 3.195872299246102166e+00 -3.435491178309738416e+02
4.473180311364036932e+00 5.076701955184133475e+00 1.060932983010379749e+00 1.042075818954500477e+01 9.488413105886911225e+00 7.967078424021138083e+00 1.985730060067231406e+00
1.178620277246656798e+02 9.622993670504077102e+01 3.215628210294430289e+01 5.238813006569117192e+00 -1.816092688061076998e+01 -2.041370720680551543e+01 -6.933738388575875433e+03
6.714767688343525265e+01 6.743600480608995440e+01 2.654860979935379284e+00 6.017155909351813214e+00 4.330411636315291801e+00 2.726335976094857561e+00 -2.242414854312057287e+03
2.224553815411089630e+01 1.815817072238138152e+01 7.715638329446328214e+00 8.578063932396961633e+00 5.770933361419907648e+00 3.459107226833442184e+00 -2.354415827739471467e+02
9.265476630039032102e+01 8.348446079747894544e+01 1.025558375238027153e+01 5.552265327675491413e+00 1.763331509743323533e+00 -1.516206401580147745e+00 -4.280462457980917861e+03
6.885225140081034034e+00 8.108800775417691398e+00 2.212083596797799423e+00 9.930351832924046107e+00 8.843978296911689796e+00 6.447658376043356121e+00 -1.171276150574728270e+01
4.022480762284668288e+01 4.140617961440893424e+01 1.064555693695447758e+01 6.881866310541343346e+00 1.799996944172108204e+00 -2.989043322899362920e-01 -7.970271730384577040e+02
1.353937519324185956e+01 1.436544214735938141e+01 1.006059888863527707e+00 9.050999132631879718e+00 7.604988868510853983e+00 5.187255966879113167e+00 -7.966693920263185191e+01
3.114191496564007977e+01 3.458272267362123387e+01 4.321605028654971647e+00 7.287618315009532388e+00 5.154278500718850076e+00 2.701728951156444403e+00 -4.729190327545240962e+02
1.776336349602663347e+02 1.760256736851099504e+02 2.922089128803696756e+00 3.997302561283288647e+00 2.168441133162034795e+00 1.545887299835255080e+00 -1.576486373348952111e+04
6.910726863696055489e+01 6.916716526028754686e+01 6.770012631506565348e-02 5.992379395521627572e+00 4.442397994455320465e+00 2.845183585551518402e+00 -2.375916888121460943e+03
3.182514281136253942e+01 2.928905081530214716e+01 3.119724940315736994e+00 7.752234238724162729e+00 5.765958606277163057e+00 3.444268287872831902e+00 -4.944294563727556806e+02
3.698653647683047296e+01 4.222523641904501801e+01 8.098015841975662710e+00 6.571250765004433170e+00 2.759509120248113678e+00 -5.344323557263592761e-01 -6.720115391669008886e+02
2.603200014929082684e+01 2.917421849939589151e+01 3.683805247277395445e+00 7.354540075523956943e+00 5.421802979930533617e+00 3.106279537818784853e+00 -3.268421147772841664e+02
2.541852948562131331e+01 3.226672614804751760e+01 9.509118608728908129e+00 7.207211227308699009e+00 1.627859411566959125e+00 -8.390078241423704064e-01 -3.110604194966453520e+02
3.779761128346358845e+01 3.953326955190521375e+01 3.442433089775987831e+00 7.036138919244839585e+00 5.273140045355237504e+00 3.011326723003413086e+00 -7.023393082588523839e+02
2.922719970126611244e+01 2.959842568224014769e+01 5.574423247595374775e+00 7.662430255730109607e+00 5.159696402239507762e+00 2.847846860587584850e+00 -4.151242000797902847e+02
1.233484785975297626e+02 1.242444019128783594e+02 3.101724132720375060e+00 4.634261078037440029e+00 2.759847942707142288e+00 1.339065554802776781e+00 -7.595433185053574562e+03
3.818229600458386130e+01 4.022474003777474394e+01 1.408733107988610556e+01 6.822104846783923371e+00 -6.158626010833785358e-01 -2.767521104491776907e+00 -7.169534629817757150e+02
6.183948320989948400e+01 6.131651793546875950e+01 2.076896687008919606e+00 6.023616594381755895e+00 4.375505758644139043e+00 2.695782392420229101e+00 -1.900070440724665559e+03
3.192232351225523246e+01 3.135734936802784034e+01 6.473669765495035922e-01 7.692962848467390202e+00 6.083591162613354086e+00 3.855786464785258438e+00 -4.975269681014869434e+02
2.599959435589951084e+01 2.539716148384122008e+01 9.184037954491314215e-01 7.896361426432594754e+00 6.226920838423887439e+00 3.942426218344390776e+00 -3.259990522266061816e+02
6.089423517726029189e+01 5.119166283199454170e+01 1.126602348742681414e+01 6.837756861002878495e+00 2.870067762758610197e+00 6.694179181987509608e-01 -1.842063537802687961e+03
5.379179888368665985e+01 5.555314213006007407e+01 3.217799325678876610e+00 6.387586539528935070e+00 4.505288132176720417e+00 1.983523258592296390e+00 -1.434788412462442238e+03
2.371432100987680514e+01 2.568980105615370491e+01 2.417800197721812427e+00 7.910158528173233172e+00 6.157859762974645434e+00 3.808692487322224096e+00 -2.691941093706874994e+02
6.541503234596748939e+01 7.492920569389778507e+01 1.113117592823784285e+01 5.589811544156404466e+00 5.466831430726051266e-01 -2.005577426243441153e+00 -2.127572827302931728e+03
2.161522449017426339e+01 2.334394769393000502e+01 2.548160293993852576e+00 8.058880182495991917e+00 6.369540690526914517e+00 3.892594636683475606e+00 -2.216185637712599998e+02
1.749382687453651997e+01 1.552035796947278534e+01 6.352950861686153416e+00 8.784743419829391442e+00 6.379920190117974954e+00 4.076785423006930920e+00 -1.410265882490734555e+02
1.346574137483971185e+02 1.351925045344645469e+02 1.382302562405873347e+00 4.711444553546732195e+00 3.084737357742224351e+00 1.984827344380823089e+00 -9.054319137594447966e+03
3.401698685850062986e+01 3.216514922272352095e+01 2.490592306201886430e+00 7.577567898690477755e+00 5.794415532830898385e+00 3.525357341994820537e+00 -5.665872963566474709e+02
1.453329330204013559e+02 1.365530003901507712e+02 1.945905293586329066e+01 4.627867389083424321e+00 -6.242335039033246602e+00 -1.246196152556429126e+01 -1.054884030904718020e+04
1.050334989559584074e+02 9.778330361770215973e+01 1.387572106338014422e+01 5.165802925851585847e+00 -2.048389102484216906e+00 -8.209093269095815160e+00 -5.504027550356602660e+03
8.576857224074238673e+01 6.980689737872826583e+01 1.801277179022854469e+01 6.099717836864241072e+00 -3.452494055688570818e+00 -6.506519917099454986e+00 -3.666133590998668296e+03
1.041894047150971936e+01 1.243541704159109074e+01 3.644520712551342800e+00 9.193805828894118903e+00 7.258922019763186739e+00 4.830865736966659441e+00 -4.228675916537692103e+01
3.080584962749468048e+01 3.127759073257373856e+01 3.487209397798625155e+00 7.494392178833600759e+00 5.509195231374763857e+00 3.246221554037131529e+00 -4.625097845268523429e+02
1.752863734047288347e+02 1.761071150655628514e+02 1.041133159022914700e+00 4.221821457504622011e+00 2.588977916165875914e+00 1.379268962704528256e+00 -1.535066594958195856e+04
5.678578826690910297e+00 5.688675757430800672e+00 5.240548709343130218e-01 1.027496163786743466e+01 9.246250562761721525e+00 7.481407849340685701e+00 -4.132727636416495542e+00
2.203384060450770221e+01 2.606705508311094732e+01 5.159697049822524306e+00 7.525870947823380952e+00 4.967828578238036030e+00 2.515234376053459897e+00 -2.307546647833715099e+02
3.495839957498051831e+01 4.328284869807000490e+01 1.048360070995549620e+01 6.680892954415710072e+00 1.627108013793166386e+00 -8.348624942495050938e-01 -5.990544493129442571e+02
3.277896029564604419e+01 3.250541977240989411e+01 3.370969976558401693e-01 7.595359877306070651e+00 5.996075057407743714e+00 3.781627306995161586e+00 -5.252397179227152719e+02
4.608864471172960720e+01 4.824694775731594376e+01 7.809598403420433321e+00 6.581415927860522430e+00 2.989532010886266189e+00 -1.107390744882938982e-01 -1.050091184572966313e+03
8.429889969183404830e+00 9.935101569126384646e+00 1.826192947136566991e+00 9.646599263382993783e+00 8.375666676612683048e+00 5.793642938838624801e+00 -2.354112133721482536e+01
1.221721484194266623e+02 1.317719956243135755e+02 1.175272923486088317e+01 4.395543255347349465e+00 -6.043040814408597861e-01 -1.315657800261111277e+01 -7.451026523600154178e+03
3.188379950205958124e+01 3.122257653372943054e+01 1.728982881400300986e+00 7.452714618422925597e+00 5.792806994524421604e+00 3.559522970805092168e+00 -4.962979342347126703e+02
1.385338542354507396e+01 1.473362677995013925e+01 1.402097390719516001e+00 9.042117359319449932e+00 7.596282734044502050e+00 5.134073009699055667e+00 -8.396774273759089624e+01
6.990242436129976866e+00 7.064636477545092497e+00 1.129002862632482312e-01 1.001909732726682556e+01 8.926020375557030206e+00 6.818007250805149688e+00 -1.244134354888151428e+01
1.633924715226661419e+02 1.576571154389745573e+02 9.323950203824082905e+00 4.045475615023628180e+00 -1.927494159714435717e-01 -2.841789191951921367e+00 -1.333655947403357641e+04
3.729017630219975388e+01 3.914637728263532068e+01 1.584122653467437303e+01 6.641098475598647966e+00 -1.745599754119967706e+00 -4.360695731332253189e+00 -6.832882232155153588e+02
4.977465468486719402e+01 4.849120631177555651e+01 1.881762495822975945e+00 6.636146315101927762e+00 4.929479792827905271e+00 2.911144088725921897e+00 -1.226767723389831190e+03
2.495627397823322369e+01 2.116438824407589081e+01 5.569150680937671183e+00 8.632167885472426860e+00 6.391685242823387902e+00 4.078716500547397317e+00 -2.994174043292657075e+02
7.423896816184615943e+01 6.981116401506106683e+01 5.023763966546947124e+00 6.095689566448845298e+00 3.946168138365688804e+00 6.532327638782287060e-01 -2.743721795758749522e+03
1.312317488021861891e+02 1.400208143949567159e+02 1.221553972250759834e+01 4.280025537802869096e+00 -1.061724519961581237e+00 -1.171786001044888437e+01 -8.598895545730994854e+03
2.658201032392979357e+01 2.842264602648857164e+01 2.528830707319361881e+00 7.639673278750014340e+00 5.936344113038976467e+00 3.463505291076165893e+00 -3.413112353217003374e+02
1.386655091487730118e+01 1.685927911110222155e+01 3.586440580038789072e+00 8.679470265903624693e+00 6.705796321365289359e+00 4.201184570949166641e+00 -8.415021602838758952e+01
2.352411209156912975e+01 2.692750347678237333e+01 4.259784017224769848e+00 7.591906748756484191e+00 5.552024816809300489e+00 3.317122259598980882e+00 -2.647015237392997733e+02
1.167656006809866227e+02 9.440328110333121003e+01 3.186197980479214920e+01 5.422736807181972374e+00 -1.368996866379736410e+01 -1.655370600808121395e+01 -6.805112350086757033e+03
1.751672245618576085e+01 2.058160557103479960e+01 3.914812562621537761e+00 8.215348748537111945e+00 6.210817288191710084e+00 3.920474186826513385e+00 -1.414273816944666180e+02
1.457563894424140187e+02 1.354494158928492880e+02 1.803190761404774634e+01 4.626515240105068649e+00 -6.566763916693299841e+00 -1.155044718629239142e+01 -1.061047213053527594e+04
3.362849662631917624e+01 3.634340938428309187e+01 7.019355262049504773e+00 6.866007631703031855e+00 3.571399830157186983e+00 6.386436082680355675e-01 -5.534474915641254711e+02
5.098026051981006113e+00 6.096406841616253125e+00 1.583065854826170016e+00 1.021526053907941467e+01 9.219826292972799209e+00 7.314825029025489478e+00 -1.004533704283858242e+00
3.037636817617220331e+01 3.984297699095827028e+01 1.145344663613040659e+01 6.793266260201820117e+00 -1.442504076434989457e-01 -3.155931599159679468e+00 -4.493714706781289578e+02
2.602625480001669089e+01 2.849813286020759051e+01 4.199551357001380048e+00 7.430898837399848134e+00 5.378296652964229985e+00 2.866617996772934607e+00 -3.266925683486412595e+02
4.988939416563072626e+01 4.829624997015251608e+01 5.261670832467006065e+00 6.540699105213225728e+00 4.343832338353942113e+00 2.425746860236237090e+00 -1.232485423997780117e+03
2.745827972938274897e+01 3.513775634973649176e+01 9.552079069765982311e+00 6.950423766955478477e+00 2.439450407044095659e+00 2.419592269026944464e-01 -3.649881617394611339e+02
2.091912813346358391e+01 2.085071673380591051e+01 2.329457492685262643e-01 8.298717714156779834e+00 6.711771736463383320e+00 4.398377706945147736e+00 -2.068145598230791222e+02
2.295505303752930359e+01 2.449920554587115973e+01 2.439116768167101323e+00 8.017345382563135558e+00 6.365300753378520859e+00 3.979021314752449801e+00 -2.514768288688370319e+02
9.931331585373922621e+01 9.619694756451094975e+01 3.639462509193758688e+00 5.357208258645930421e+00 3.522831164868052589e+00 1.697034568372266961e+00 -4.919576951823230957e+03
6.404364649648947250e+01 6.291546239711800581e+01 3.924677051097843705e+00 6.093242000893107857e+00 4.111189973973051082e+00 2.409934038790298771e+00 -2.038803927174599949e+03
2.834511462510079127e+01 2.737285661233424605e+01 3.323052654432818720e+00 7.825100778613030883e+00 5.825343156047710025e+00 3.551170892722383510e+00 -3.897323604459967328e+02
3.248968216890244065e+00 3.791441127973894876e+00 9.546542319735930038e-01 1.081099238474033442e+01 1.002006717427491722e+01 9.310413596494116817e+00 6.712503871873177985e+00
5.837627614666490672e+01 5.856884539119813127e+01 3.013133708301161562e+00 6.270005923867311814e+00 4.406177317833954277e+00 2.649059552279504626e+00 -1.691904407266784347e+03
2.807868116217175825e+01 2.678932374321643550e+01 1.637557156987700102e+00 7.835794815568976723e+00 6.089458123222919461e+00 3.811017526680839484e+00 -3.822157667943949377e+02
1.461965074888728964e+02 1.431394064599837748e+02 3.848730237584756519e+00 4.323830884963726362e+00 2.366698468885834572e+00 9.948930000727919110e-01 -1.067471899986297831e+04
4.021164120244351636e+01 4.344174288268560247e+01 3.911759622673861347e+00 6.552005728205688051e+00 4.532038251236041759e+00 1.546004831593196016e+00 -7.964976429879717443e+02
1.933767101953118939e+01 2.072559165488616273e+01 6.834726868593961058e+00 8.254251339966121037e+00 5.303732819203718307e+00 3.000282627014327907e+00 -1.749823591207535287e+02
5.713046910147234314e+01 5.329855774779563404e+01 7.510875415110112918e+00 6.349454771248920437e+00 3.716028319279855552e+00 8.238099105298593017e-01 -1.619954848768088368e+03
1.321134252957143644e+02 1.302892114715855314e+02 9.472516632679965909e+00 4.606249312518639449e+00 1.165930333249463047e-01 -9.157157138176366118e-01 -8.714988170574095420e+03
3.180200313724409966e+01 2.695329123936997107e+01 6.235529664127607674e+00 8.059093841069161712e+00 5.481174068497370655e+00 3.167419097066914269e+00 -4.936933006615870454e+02
7.848337248616029171e+01 7.919493798126349304e+01 1.251849447320873665e+00 5.767143850735669375e+00 4.193324190442226929e+00 2.614495985324898353e+00 -3.067829477291636067e+03
2.913791930360198990e+01 3.711601729959882334e+01 1.062763138159715659e+01 6.660606163424865223e+00 5.673075368269424601e-01 -2.803470797505011269e+00 -4.125187695625560309e+02
3.186488235832726446e+01 2.793990701737251570e+01 4.409499018129714010e+00 7.943703858450058775e+00 5.762691293077105925e+00 3.440760744665004811e+00 -4.956949627459633803e+02
5.892784080896496590e+01 5.603962881255873896e+01 3.410991451623824666e+00 6.394507098250705290e+00 4.489335263146748467e+00 2.086706175494432713e+00 -1.724254810094303821e+03
5.244254000264432847e+01 5.140583493768823331e+01 1.656364127408739950e+00 6.453628894937391003e+00 4.777224397391230504e+00 2.864818051876746097e+00 -1.363119599855420574e+03
4.788695449589419439e+01 4.334301141483395980e+01 5.455202403433539793e+00 6.920228762223088026e+00 4.647056450127559302e+00 2.165336439925874323e+00 -1.134589804336865882e+03
5.110003039748063003e+01 4.035558615657046033e+01 1.263554515386957355e+01 7.362078124473353746e+00 2.191868205387693447e+00 -1.795891475069466559e-01 -1.293616152202667536e+03
1.178670931226836984e+02 1.189349535237415409e+02 9.174832003036900829e+00 4.836251400533924993e+00 4.943253967386436187e-01 -9.502470963918296931e-01 -6.934335419486640603e+03
1.771894702465431806e+02 1.771872569046652188e+02 3.608003922273946618e+00 4.125841296193571317e+00 2.210575561934675193e+00 1.548198425671642120e+00 -1.568606378201624830e+04
5.734586608983743616e+01 5.374793299178283235e+01 7.685627787157110369e+00 6.320910532407301829e+00 3.492571663635596124e+00 7.700598564097300702e-01 -1.632283777687728843e+03
3.483133599027694771e+01 3.239193128037424430e+01 3.327065724102366229e+00 7.611364963299752873e+00 5.747219727162665492e+00 3.423574479460053333e+00 -5.946205823247263424e+02
6.323817891680829462e+01 6.612014670303217656e+01 5.569592237520591738e+00 6.005428258284219112e+00 3.441327008650454378e+00 5.606141589899751310e-01 -1.987543235248074097e+03
4.803194659746537098e+01 5.041105168616893906e+01 3.400252155578962654e+00 6.474590830856472579e+00 4.664323068278776852e+00 2.238464710810168956e+00 -1.141543545861828079e+03
6.344052946369554036e+01 6.269955561380702136e+01 1.433565381860252730e+00 6.084067875592706898e+00 4.481447694811985016e+00 2.812208448308916697e+00 -2.000359988207956349e+03
4.817473075801738247e+01 5.916399663770224748e+01 1.316189452304581842e+01 5.915514481740589581e+00 -1.045298327167931696e+00 -2.727671489135901961e+00 -1.148411940694678606e+03
1.124072836611799708e+01 1.163041653123454644e+01 1.303176073039986393e+00 9.396230094078759976e+00 8.101018269788635706e+00 5.626751900622995350e+00 -5.118658599137021525e+01
1.708217466530516049e+01 1.839938275571383386e+01 4.699214687907372401e+00 8.555910050042218273e+00 6.312260395384748257e+00 4.023687188178613816e+00 -1.339099445389420850e+02
1.353879259151990055e+01 1.276237469776634370e+01 8.736078486479632588e-01 9.382974058178156440e+00 8.032780441865940091e+00 5.709589548457770114e+00 -7.965905130904242526e+01
2.010206493827057628e+01 2.007675530586935508e+01 1.376473929344485869e+00 8.319619759067670373e+00 6.721277278941195199e+00 4.394044835398637439e+00 -1.900561062821689404e+02
2.497703919975447917e+01 2.789827886725484518e+01 5.884505832940710057e+00 7.690567546331348758e+00 5.399519369803285507e+00 2.630431334517329134e+00 -2.999358424839812187e+02
1.030439994245519664e+01 1.247296592257480441e+01 3.121791214482890098e+00 8.987402237256540971e+00 7.161341027449091179e+00 4.639382840795585494e+00 -4.109992797798066988e+01
6.391690471283152419e+01 6.557357562664635964e+01 2.082732221835053465e+00 6.097390878465471786e+00 4.447134085031759554e+00 2.313403395570689636e+00 -2.030694952925537564e+03
3.099201314418056441e+01 3.314630299379651035e+01 3.617893967568181157e+00 7.416625306010043772e+00 5.393690904851769830e+00 2.870882839364246486e+00 -4.682620382554757725e+02
5.132499055248105435e+01 5.044079450706536250e+01 2.949714297819528319e+00 6.520248140663437830e+00 4.772303579521490313e+00 2.906869065253480322e+00 -1.305136926497080140e+03
3.553656597036377462e+01 3.502762679308869309e+01 5.751195602020622299e-01 7.390103411568974323e+00 5.776485101451149795e+00 3.601107367858188635e+00 -6.194333593739537491e+02
4.473973090621721127e+01 3.634803130688437278e+01 1.273535125648593258e+01 7.319720115954360118e+00 2.030252254328051897e+00 -2.818784041788351402e-01 -9.888313596713090874e+02
2.161147349444206256e+01 2.049896530226469338e+01 7.863707374241294623e+00 8.256800607373916634e+00 5.161450066974540007e+00 2.856116097414191479e+00 -2.215374921914312552e+02
5.467963551776889375e+01 5.388998658699375710e+01 1.271271021558135317e+00 6.496209128176109182e+00 4.876104140903854578e+00 3.039227427570910578e+00 -1.482940869068972006e+03
1.915264651807428109e+01 1.451489975038871627e+01 5.538559218371638337e+00 9.255074082167475069e+00 7.372493141586177856e+00 5.153070578968189430e+00 -1.714215332140967689e+02
3.477393246257844339e+01 2.667984700696667133e+01 9.313579805206277484e+00 8.279317052904099583e+00 5.052710204619470957e+00 2.730170192066292856e+00 -5.926227883469288145e+02
3.042868322933501091e+01 2.636261206655616007e+01 4.676170626269812836e+00 8.215743671910834323e+00 6.106808410905945728e+00 3.788152311638753211e+00 -4.509619804265522021e+02
4.815228724626797430e+01 4.532264990556954132e+01 3.475922072652310568e+00 6.741152824831289969e+00 4.850315237001514568e+00 2.359621410313510914e+00 -1.147330982414496020e+03
3.614258895189696830e+01 3.130000481698372283e+01 5.612377699388521712e+00 7.850740788308780971e+00 5.351525181645794049e+00 3.049910261794143818e+00 -6.411529669638376845e+02
6.802634750950210218e+01 7.617210294235856338e+01 1.903481226858879793e+01 5.311255577732715949e+00 -8.877731339480490647e+00 -1.489323856752935527e+01 -2.301801576632716660e+03
7.255056921885777399e+01 7.472619154874350045e+01 2.647730899716520980e+00 5.799466485508538049e+00 4.093948601836824963e+00 1.788230703949595712e+00 -2.619802145881081287e+03
3.133586046922509993e+01 3.042007691693670424e+01 5.735855929015018617e+00 7.706619584087819774e+00 5.327215248302465511e+00 3.007647897654025293e+00 -4.789776745643175104e+02
2.817347632163484050e+01 2.791383583516774181e+01 4.942827637250472583e-01 7.689660966778142814e+00 6.069372319911280123e+00 3.797504175900978218e+00 -3.848819829138048476e+02
9.125669353083931412e+01 8.155415117879098830e+01 1.373812959809983703e+01 5.540352060554528002e+00 -1.926035649453181620e-01 -2.014241585714585892e+00 -4.151901655981710064e+03
9.548265783585971889e+00 9.552645893541155786e+00 5.487647274118703233e-01 9.590738585995207899e+00 8.357905114377510714e+00 6.018340190608398643e+00 -3.359428862794464266e+01
9.579274247086830485e+01 9.509896506696304641e+01 4.015499333261435488e+00 5.270499813597250061e+00 3.358488290341261173e+00 1.988717024152695911e+00 -4.576134353935993204e+03
1.539293996121981323e+01 1.627069966969215997e+01 1.536444605517090389e+00 8.709616406718858173e+00 7.169879346140961118e+00 4.791097606775097439e+00 -1.064808992158042571e+02
1.156477238867083059e+02 1.119152910921150692e+02 4.524882953729837176e+00 5.069273506093416870e+00 2.996466322594461662e+00 8.250046624067044476e-01 -6.675207618979106883e+03
1.273624395823957478e+01 1.200918644723696360e+01 8.423721351667060597e-01 9.483304222264631989e+00 8.181513570137406433e+00 5.865447628376021960e+00 -6.911555397284237756e+01
1.296404032663956407e+01 1.327554007854788232e+01 1.110578778730855420e+00 9.099340774073338522e+00 7.673969750531061784e+00 5.305308825561024122e+00 -7.204276968631377542e+01
1.290044465612147064e+02 1.341234645438546522e+02 1.379692505075860964e+01 4.554778603129303605e+00 -2.148567712083629733e+00 -4.752544637855689480e+00 -8.309083215173593999e+03
1.979181313370823503e+01 1.741934868351870236e+01 3.227471932354716966e+00 8.953531410889381092e+00 7.233548616301984424e+00 4.925302544372330615e+00 -1.838675324507582047e+02
2.695862283221023858e+01 2.612611271544746572e+01 9.453943114341805121e-01 8.115861227153363444e+00 6.503740313091439518e+00 4.224257255356916652e+00 -3.513932713956289149e+02
5.605645601328213701e+01 6.033884274686290894e+01 9.562173485073580892e+00 6.068852133079162492e+00 1.619881868990073581e+00 -1.803698729945296897e+00 -1.559172729275462871e+03
3.871955022315968620e+01 4.362187300535055101e+01 8.645535741367949001e+00 6.461785210322875450e+00 2.114861902790393433e+00 -1.613231257337491620e+00 -7.376113836328378284e+02
7.556938945232739968e+01 8.303345020264964660e+01 1.498747297183036942e+01 5.277274876981609353e+00 -4.366728951038597373e+00 -1.195938425303408081e+01 -2.843375909989711090e+03
1.786348638028986358e+01 1.872272261198964927e+01 1.145605617901868101e+00 8.614576613930255533e+00 7.032850775747489180e+00 4.693770647092047277e+00 -1.475616717203460837e+02
2.742660422627308847e+01 3.020844827667481880e+01 5.409717285057342728e+00 7.210071569060772845e+00 4.655947612189711649e+00 1.883766763865949878e+00 -3.641189085832556884e+02
4.851272767317626489e+01 4.846851546160562663e+01 5.276162938440880079e-02 6.490611391642969963e+00 4.935900022050291547e+00 3.021151146192238457e+00 -1.164751972036826601e+03
5.022161539984119116e+01 5.015231788858697115e+01 3.659898647326457866e+00 6.379880389496344506e+00 4.519511555998759533e+00 2.640600610819422212e+00 -1.249114925575728421e+03
1.555319951435131145e+02 1.539881889244458648e+02 6.677926082352165338e+00 4.208435846592995411e+00 1.686888494750183209e+00 5.994800382955887130e-01 -1.208311035555183844e+04
4.167070861764219103e+01 4.335012674002800281e+01 2.233720094592600347e+00 6.662777495682748352e+00 5.001005613144558382e+00 2.602564569671134365e+00 -8.562335772391650153e+02
1.494063977188184467e+01 1.916416418534415911e+01 6.966782656473250235e+00 8.216343697485639197e+00 5.009404970502651544e+00 2.636695808841025723e+00 -9.962095728751413048e+01
5.677897679550116550e+01 5.382552575495069647e+01 5.013024411928756585e+00 6.464591101731085310e+00 4.250339039274337871e+00 1.419038535540207757e+00 -1.599935701862975520e+03
6.033704918095176595e+01 5.861611656134983406e+01 2.086795347002342371e+00 6.277651278227741827e+00 4.583554270444643919e+00 2.579762517418614731e+00 -1.808289350823241421e+03
8.794507857487902314e+00 1.074408152432270391e+01 3.169835513452198494e+00 9.204143641030375633e+00 7.567273489968071587e+00 4.743295156548138714e+00 -2.668128311865356039e+01
1.203952291672351720e+02 1.109461758788900312e+02 1.063232892062243629e+01 4.937171856673795212e+00 1.013658952693894832e+00 -6.611179258736868292e+00 -7.235515202006482468e+03
1.033927102763781392e+02 8.533445641418252592e+01 2.130654572099403055e+01 5.662331179697073225e+00 -5.503850211423828576e+00 -8.116441001706247604e+00 -5.333035868038479748e+03
1.773300003371695510e+01 1.781171113331011213e+01 1.077548391818792528e-01 8.539446656536103575e+00 6.970750214715077497e+00 4.647446233759611189e+00 -1.452392439888481022e+02
6.389701704093885581e+01 6.663252712251707521e+01 1.070624889722622086e+01 5.836862010753188557e+00 4.125175314766673651e-01 -1.845010773587333563e+00 -2.029423992255960684e+03
3.753439435534004076e+01 3.776795205469075967e+01 5.496912079582629840e-01 7.275729496732521895e+00 5.694625579483994393e+00 3.545575530670382225e+00 -6.924249787020365829e+02
1.112050200832204609e+02 1.166157645736937951e+02 8.913694494106513488e+00 4.803075519011216876e+00 1.445162401836493471e+00 -2.115043850433620864e+00 -6.171287844745678740e+03
5.993953985560376196e+01 4.927158484559494411e+01 1.278483779964720668e+01 6.984769550675157923e+00 2.542494894280846740e+00 1.192095014220360127e-01 -1.784383817941701409e+03
3.489887947750808905e+01 2.893073574239932810e+01 7.555531943236917236e+00 7.879574249275679954e+00 4.685562210202955491e+00 2.378457552625293570e+00 -5.969754932837628303e+02
2.812153553578950493e+01 2.534360880811920680e+01 9.457824926692985912e+00 7.806624201072478897e+00 4.139644920279596185e+00 1.827078622618167003e+00 -3.834199793362812443e+02
1.505083204847043703e+02 1.553784907417229704e+02 9.456170257515790212e+00 4.273744654353223815e+00 -3.288127162275080728e-01 -6.769445554777934859e+00 -1.131438686645418602e+04
3.356359090806908796e+01 2.981243732250492329e+01 9.771214078509970591e+00 7.471579603977285267e+00 4.204835761225933943e+00 1.881781598444561165e+00 -5.512669162130542873e+02
1.126938630374604031e+02 1.167053101789557843e+02 5.635507467796120551e+00 4.789158857639497668e+00 2.436310049054806637e+00 -1.114673912051522109e+00 -6.337962982043887678e+03
2.796985873908161224e+01 3.285240672471279311e+01 5.878942440333132069e+00 7.086317160362272993e+00 4.138346115068163300e+00 2.094049566929678363e+00 -3.791660978330353373e+02
3.401113630161709267e+01 3.461946723579241336e+01 7.165626804778273407e-01 7.410094901317630267e+00 5.823826931319168843e+00 3.574316120561473298e+00 -5.663882951545332389e+02
5.581926187319736243e+01 5.636764417576395658e+01 4.736624256427483637e+00 6.128564713484360382e+00 4.070006388017078258e+00 2.284038166535321324e+00 -1.545904596925237911e+03
3.151874726664629023e+01 3.142101579385153087e+01 2.447917552193523694e-01 7.420409415648952844e+00 5.805570788114364333e+00 3.572019283744201523e+00 -4.847253135203067700e+02
2.237140800948190034e+01 2.843403684389674169e+01 9.376237616465942892e+00 7.494604739448310404e+00 2.427933491720793757e+00 1.902132500244824165e-01 -2.382495470543007912e+02
1.790713125029070696e+01 1.864018496431287630e+01 8.552711014329050787e-01 8.616381721288107087e+00 7.068640453035617277e+00 4.734537297495094776e+00 -1.483422736985143331e+02
1.005388350744726864e+02 1.009195411756549134e+02 1.523114728691094122e+01 4.858659051801144102e+00 -2.957154979299116082e+00 -4.148579977957325582e+00 -5.042038277956955426e+03
6.324645074291534286e+01 6.185652699328051085e+01 5.954005244528335794e+00 6.007672266520623694e+00 3.515325775137695175e+00 1.761635035927994641e+00 -1.988066364678953960e+03
5.618954697731674486e+01 6.229966521617123476e+01 8.080585188532708685e+00 6.036472299946427533e+00 2.488443146466911227e+00 -1.470841986169542537e+00 -1.566642193648988041e+03
5.564985614113405887e+01 4.870513637449030142e+01 8.061803581263731644e+00 6.905735664566519993e+00 3.846373592251782103e+00 1.656512425594351301e+00 -1.536462843155403561e+03
3.542466608887912116e+01 3.666253917358039160e+01 2.056805243493596169e+00 7.045490715640385204e+00 5.376466497155000468e+00 2.953608908022200108e+00 -6.154630826452365682e+02
7.716038930622387682e+01 6.686231009011630988e+01 1.536633365568523679e+01 6.155608456344102919e+00 -1.600813916524023384e+00 -3.771486556538309554e+00 -2.964872437834958873e+03
4.207768249128690030e+01 4.474783985279393050e+01 3.164372905868599428e+00 6.523632720245386984e+00 4.718262990295349901e+00 1.877203767074375085e+00 -8.732752808097212665e+02
2.414844928610686736e+01 2.430689920465873044e+01 2.908551735830829932e-01 8.061254091384796538e+00 6.448969603249724791e+00 4.131294323240454425e+00 -2.795834003527829736e+02
3.892050636411399722e+01 3.087812782071010886e+01 8.975615185226150317e+00 8.036469102692279876e+00 4.771657289452689632e+00 2.444117399766644105e+00 -7.454125067104645268e+02
2.795688629271924341e+01 2.768843118479696130e+01 1.053419049896848314e+01 7.495597509191234131e+00 3.894169709169567728e+00 1.488763396584687815e+00 -3.788033444829618475e+02
4.489427264691705233e+01 3.856041589487223575e+01 1.173592919750246466e+01 7.061942106053550106e+00 3.252870985665370362e+00 9.896301389014450223e-01 -9.957574571388075810e+02
1.900770529948350784e+01 1.983944903911715940e+01 2.535813691599793973e+00 8.396591681596774492e+00 6.647439478438450955e+00 4.350202744572184699e+00 -1.686560292669520891e+02
1.267768019759197102e+02 1.276141437403290553e+02 1.485366727819847021e+00 4.727062338588951640e+00 3.102239598087592753e+00 1.608297568049365189e+00 -8.024188358511725710e+03
6.946373033282822007e+01 7.025613029301472068e+01 2.219783535145621212e+00 5.952810446567214697e+00 4.289165452612915708e+00 2.590016883422247673e+00 -2.400614514766884895e+03
2.965117692936677329e+01 2.767849182961976240e+01 2.994580560774573019e+00 7.912863334934714388e+00 6.102191892371481075e+00 3.806006215971196038e+00 -4.276057455392515294e+02
2.997845377998553928e+01 2.651606381231505338e+01 5.979599832186480945e+00 8.076797759690629519e+00 5.586543114456356207e+00 3.266963815689624795e+00 -4.373634444103099668e+02
1.358970447609837606e+02 1.202043987610425262e+02 1.786845291706179495e+01 4.962222406826719556e+00 -2.507367622404002461e+00 -5.249703096828262971e+00 -9.222012986275356525e+03
2.824548674854986530e+01 2.835022950158825950e+01 8.825618581192865575e-01 7.611403347276992193e+00 6.005232155722713294e+00 3.725874901538831718e+00 -3.869133597221983223e+02
6.520992957530104661e+01 6.477090346586717828e+01 3.049707184269486504e+00 6.175848525160607672e+00 4.340266137388907985e+00 2.714772804715248622e+00 -2.114177056498805996e+03
2.782221187600702095e+01 3.404870648504317643e+01 8.899006452907471498e+00 6.825433059154882187e+00 1.961320217124319587e+00 -1.218630365226537116e+00 -3.750473357276583783e+02
2.056779804344047236e+01 2.305213547629507786e+01 3.748672869393893325e+00 8.014423745700680612e+00 6.144832858625134620e+00 3.648002506842597192e+00 -1.995267570688222065e+02
1.161868106557934688e+01 1.230977673656046711e+01 8.606141983522775929e-01 9.296243986439808538e+00 7.941392161132992733e+00 5.509325611686266555e+00 -5.550647374277135526e+01
7.282665683994768813e+01 7.074977932068841824e+01 2.786546457463057180e+01 5.524575390624351989e+00 -1.428804970914559114e+01 -1.795667848568660219e+01 -2.639870572132695088e+03
1.147263127660052007e+01 1.136963178749469883e+01 1.989430378311698222e+00 9.289494430296718619e+00 7.910669863716272232e+00 5.521107268504927390e+00 -5.382023309536156574e+01
4.354166180151065646e+01 4.063009005462261314e+01 6.124548535780574454e+00 7.082715849759581239e+00 4.726480975874993717e+00 2.474503082681013488e+00 -9.359477551095114904e+02
