# Injected 220 mode.Syntax=[SNRtot_MF, SNRtot_opt, evidence220_221, evidence220, evidence221,nofilter]
4.410446245908724450e+01
4.428567480183255611e+01
-3.995395463178818432e+02
-4.000595952192152822e+02
-4.030394686514116529e+02
-1.363924260085400419e+03
1.333242140751566751e+01
1.330724770997106354e+01
-3.831694775963207462e+02
-3.841320235160198422e+02
-3.856806800580380354e+02
-4.658842573576507675e+02
4.393928493864311235e+01
4.311894676165110951e+01
-4.181970176515909543e+02
-4.206319229232175871e+02
-4.229476545290356739e+02
-1.366214128106697672e+03
1.996900438544128775e+01
2.097330577492527581e+01
-4.042619323014001225e+02
-4.050256801312153812e+02
-4.071748815882275494e+02
-5.980876687472385811e+02
4.173402275532197336e+01
4.110334164211371899e+01
-4.010871887148982751e+02
-4.042919127359862728e+02
-4.062796590278393865e+02
-1.269083849946654254e+03
1.839225268787853906e+01
2.002257399641901969e+01
-3.945438746689420668e+02
-3.960779735003013116e+02
-3.984528645850959379e+02
-5.599783626420767177e+02
1.376562049162374990e+01
1.264564102880112806e+01
-4.100250640989253839e+02
-4.128555848102755022e+02
-4.151595652504297504e+02
-5.017158820799920704e+02
5.756200943748408605e+01
5.798561724573084319e+01
-4.202187422062797282e+02
-4.219869236662653975e+02
-5.175225795808066778e+02
-2.030453484515611763e+03
2.877660172456063492e+01
2.893247578348850979e+01
-3.789736849837787531e+02
-3.778375505561351702e+02
-3.790283189741299452e+02
-7.865848425905975319e+02
1.368590715451214912e+01
1.296833865678844333e+01
-4.060797446019778931e+02
-4.054552312349952672e+02
-4.077486193204414349e+02
-4.922380705727704253e+02
1.672910440114527475e+01
1.532178020566988863e+01
-3.752292260154083010e+02
-3.772549548922029885e+02
-3.792282594337141859e+02
-5.160370783240452965e+02
1.050327836609139176e+01
9.782342105860006853e+00
-4.233875054899082784e+02
-4.239572567329493040e+02
-4.265721129704344321e+02
-4.772165987148383124e+02
1.352334715033508061e+01
1.199872155949755026e+01
-3.786629153768830065e+02
-3.806937997612805020e+02
-3.829212205120336421e+02
-4.689735497060845546e+02
7.858974645851871799e+01
7.777986267615426641e+01
-3.993472900990568633e+02
-4.002698677584916140e+02
-4.026707799645924410e+02
-3.474999183887475738e+03
9.202494153167560853e+01
9.230421660349927038e+01
-4.144840416813765387e+02
-4.173295290971151985e+02
-4.200221031743886329e+02
-4.617521850029220332e+03
2.764939154621364281e+01
2.741595329175898499e+01
-3.918208405326259367e+02
-3.930258587458297939e+02
-3.953388109002490864e+02
-7.691150057730575327e+02
1.032785553111129815e+02
1.022271436280492765e+02
-6.107341438359829908e+02
-6.137156676662106065e+02
-8.727207115712950554e+02
-5.740799347260855939e+03
1.423732298863890122e+01
1.446546005974338556e+01
-4.025050761410129780e+02
-4.044027224335649180e+02
-4.067488419714668453e+02
-4.988263131159386603e+02
2.145439014074006323e+01
2.176343487073328831e+01
-3.805871272133838374e+02
-3.817839954683547603e+02
-3.840766556925898385e+02
-6.003466461602323534e+02
1.145516515905615478e+02
1.141250639068694426e+02
-3.945794549263470117e+02
-3.974163043557863944e+02
-4.055837961842534014e+02
-6.927641690248925443e+03
5.707862009526311198e+01
5.739028236262036842e+01
-4.087188157545100466e+02
-4.128408168332170476e+02
-4.153505664245573143e+02
-2.011125221861301497e+03
5.984843756992250263e+01
6.038289688264308808e+01
-4.059138799905584847e+02
-4.084763145984074981e+02
-4.097957154600228478e+02
-2.187143156812368488e+03
3.279301650472857688e+01
3.478597653087157937e+01
-3.905569011632744605e+02
-3.937772600818131536e+02
-3.963538670916531714e+02
-9.193489303500892902e+02
3.146639484791066721e+01
3.320400210026706844e+01
-3.984815572571440612e+02
-3.998556491604284133e+02
-4.163605724383990037e+02
-8.864959546410349276e+02
5.933125605559382620e+01
6.194166641786971184e+01
-4.439529632494264320e+02
-4.443319088318380068e+02
-4.700744332292971421e+02
-2.145993159768185706e+03
2.874639410533323058e+01
2.754016172663109074e+01
-3.652615828372210558e+02
-3.670155829617791596e+02
-3.694015024933757445e+02
-7.729557628414571582e+02
6.880136598607026599e+01
6.888639261653246137e+01
-3.734297158679694917e+02
-3.749647747331612209e+02
-5.269198241228066308e+02
-2.736832728888912698e+03
5.572893021138380476e+01
5.554328702032285747e+01
-4.129707465222562632e+02
-4.141942024397828845e+02
-4.159360308129059831e+02
-1.948606406867997066e+03
1.010550784043811774e+02
1.007169477336935586e+02
-4.079871350482270600e+02
-4.095284687947761313e+02
-4.593337867736167368e+02
-5.495415570096729425e+03
1.010274194818219797e+02
1.004087135947353886e+02
-4.801592145941237391e+02
-4.835132915380478948e+02
-6.056953434723717464e+02
-5.462831968570550998e+03
5.645549224801926158e+01
5.513795329448910820e+01
-4.522587876368376101e+02
-4.557948924827604174e+02
-5.734830133398585303e+02
-1.997483945771191884e+03
1.407755598812115636e+02
1.388058851863223992e+02
-4.706205595633837220e+03
-4.708486028981068557e+03
-4.711107413696265212e+03
-1.028776137978431507e+04
9.321161150919074601e+01
9.183941426721375478e+01
-4.492607143094182334e+02
-4.511704401830852476e+02
-4.550771575884703566e+02
-4.736907814530281030e+03
5.284896071303653287e+01
5.217425058045056119e+01
-3.703852205803991069e+02
-3.716303801904402917e+02
-3.745395267850298637e+02
-1.761431025718353567e+03
1.023529008716441524e+02
1.023334761446571122e+02
-4.147562706397037005e+02
-4.113443460936903193e+02
-5.135709366279501182e+02
-5.635627745520600911e+03
6.978368608700971265e+01
6.977252555638969511e+01
-4.529046738406921122e+02
-4.548946220839804937e+02
-4.572507269153954326e+02
-2.865920996564063898e+03
6.610327432342349141e+01
6.692116471634801655e+01
-3.761924776117588181e+02
-3.782134125800818083e+02
-4.711415564657156096e+02
-2.550335062461831058e+03
3.262546721069947608e+01
3.311765976276311108e+01
-4.049221012851878072e+02
-4.050516166503955446e+02
-4.174337668323609023e+02
-9.259502095322275181e+02
1.822590527145633388e+01
1.668017542175804380e+01
-3.928205013226414053e+02
-3.943082814292118883e+02
-3.961661416352138190e+02
-5.545680389244641901e+02
9.787588933217641340e+01
9.815902659723427348e+01
-6.421320567198282561e+02
-6.495312132318565546e+02
-8.449220463211138394e+02
-5.167156262257466551e+03
1.141098485376692224e+02
1.140810055895532145e+02
-5.171139959469153382e+02
-5.173906051386976515e+02
-5.223047506524981145e+02
-6.886095906504725463e+03
9.257552309364298537e+01
9.174564615072480933e+01
-3.932483434983744814e+02
-3.907568927130215570e+02
-7.051032563137646321e+02
-4.665225816478540764e+03
5.966127802938202507e+01
6.013385115884589283e+01
-3.864182352710074042e+02
-3.878258385910764900e+02
-4.043521493071965551e+02
-2.137076156320542395e+03
1.191924429047139000e+01
1.341947703848095408e+01
-3.905429808297735690e+02
-3.923358559819361062e+02
-3.949929887257931114e+02
-4.627095130848851454e+02
3.736838777885753160e+01
3.773867909674426357e+01
-4.168907048193050855e+02
-4.176123281588004943e+02
-4.691574198088250682e+02
-1.101656397236181192e+03
1.391478994610577047e+01
1.511549189014311700e+01
-3.632415317644729384e+02
-3.643760905533984555e+02
-3.761520741535453567e+02
-4.542136485377371287e+02
1.384982903625465589e+01
1.491716903291527707e+01
-4.096407184840113018e+02
-4.114084795934077761e+02
-4.134298360118643245e+02
-4.758245819715563130e+02
1.307668312236561974e+02
1.297372093334255965e+02
-5.860146998400987286e+02
-5.859465279007653180e+02
-7.142448815615766762e+02
-8.942016749969483499e+03
4.060922870731242540e+01
4.000142926091612594e+01
-4.209158613300333514e+02
-4.236009595774085597e+02
-4.502808172020903044e+02
-1.214578660354662588e+03
2.389779813522842744e+01
2.384102535853941873e+01
-4.125680882113040298e+02
-4.116245573090651533e+02
-4.185882352583024044e+02
-6.909061210013194341e+02
4.615405251832709155e+01
4.594434210249262662e+01
-4.140341922072393004e+02
-4.165522916716766986e+02
-4.185227503509198641e+02
-1.472649179318585311e+03
8.045318576982035452e+00
6.058489930696326020e+00
-3.890312649671944314e+02
-3.873722293564932215e+02
-3.883364185514161022e+02
-4.169843787960767827e+02
9.030627047908981808e+01
9.076956562232619774e+01
-4.704680662970459935e+02
-4.690487270729003058e+02
-6.818263647949047481e+02
-4.447262203343164401e+03
3.953788462299074524e+01
3.879139513934348571e+01
-3.852869997675350646e+02
-3.860785602110474315e+02
-3.883683421332469266e+02
-1.160065526994261518e+03
4.641172806237593562e+01
4.698087770291703436e+01
-4.001537947241902771e+02
-3.996150472161289713e+02
-4.019558739553212376e+02
-1.447360834952633695e+03
8.371881524394321161e+01
8.336422588611206663e+01
-4.055963921594965882e+02
-4.064354800846171543e+02
-4.076616324707171657e+02
-3.904149325191964635e+03
1.026983275411107428e+02
1.026213624247918403e+02
-4.797013883161212675e+02
-4.810070686479010647e+02
-4.825175050032831905e+02
-5.661593904927558469e+03
1.793538059616208358e+01
1.694124310493867824e+01
-4.407809698568140107e+02
-4.402366161350032030e+02
-4.478309747033236476e+02
-5.518549244209734752e+02
4.594309884189578952e+01
4.585354045850679938e+01
-3.991418793280811315e+02
-4.020352680607550724e+02
-4.042527074262575297e+02
-1.427835985786482297e+03
4.875859840637763654e+01
5.007076687243301194e+01
-4.579805066542211875e+02
-4.584021391782515025e+02
-4.603775866486902260e+02
-1.619249829537234518e+03
5.885511133930275918e+01
5.957536128663885933e+01
-4.049133904891901921e+02
-4.076519090583573188e+02
-4.099755870598218053e+02
-2.120043406528838204e+03
6.776217055727757099e+01
6.785505701189022432e+01
-4.131256706024278174e+02
-4.139536660194825117e+02
-4.162548018773347280e+02
-2.674568394542580336e+03
1.346109002078555363e+02
1.349534408561431462e+02
-4.261222533652115771e+02
-4.276067699776671134e+02
-6.589759498979452701e+02
-9.433744276375800837e+03
9.016269551737316590e+01
9.031432464140253558e+01
-5.364393909295326921e+02
-5.371539321180641764e+02
-5.393170397882969382e+02
-4.439548251738766339e+03
7.503979440362165576e+01
7.547293826286198737e+01
-4.108812092159349163e+02
-4.135204994413405188e+02
-4.154539941471427937e+02
-3.196981451939229373e+03
9.020183620659288692e+01
9.089982214394950688e+01
-3.868815070815188619e+02
-3.869599426694040858e+02
-4.607677822478125336e+02
-4.446722670796507373e+03
9.049808157982045742e+00
1.001777613139278600e+01
-3.950812719550825705e+02
-3.974409966317259091e+02
-3.995700205486680829e+02
-4.316241026497049234e+02
7.111081060709203427e+01
7.111602413871224826e+01
-4.195209455872511057e+02
-4.206362783921611594e+02
-4.681179137139860700e+02
-2.904791100692792952e+03
6.314988081539225107e+01
6.293826919792942931e+01
-4.223978811882348054e+02
-4.248302377277431106e+02
-4.271609737636318869e+02
-2.410374841801419279e+03
6.138371675482928502e+00
5.640512041769974338e+00
-4.025289834705127987e+02
-4.033945415703628328e+02
-4.064565530939491964e+02
-4.202357275417855362e+02
1.234634766607572409e+01
1.300577565010093650e+01
-3.760139690343257257e+02
-3.782636005851858272e+02
-3.806710433257834438e+02
-4.495212399294507009e+02
1.798912093978888649e+01
1.940556739240539841e+01
-3.676958850162030785e+02
-3.693221190693828362e+02
-3.713045760732966869e+02
-5.264933308375910883e+02
1.187062374609708684e+02
1.193488243897426599e+02
-1.808710641397966128e+03
-1.809624529874377004e+03
-2.277790536778191836e+03
-7.434867851333010549e+03
8.476120137969925850e+01
8.503587777486072241e+01
-4.206995226838520807e+02
-4.218218455567882188e+02
-5.063454353452962664e+02
-3.988912718624235822e+03
2.019146348021585169e+01
2.095199260390425522e+01
-3.758640334110075969e+02
-3.767085777314719621e+02
-3.790187412917089205e+02
-5.765176438811071193e+02
6.444923417102297947e+01
6.472832418555573497e+01
-4.394585130498752505e+02
-4.403367540991186502e+02
-4.766491539725863618e+02
-2.436949200008164553e+03
4.397423180794673669e+01
4.474758474164307387e+01
-4.034787901959143142e+02
-4.052389025891066012e+02
-4.687995914072197934e+02
-1.367391126546360056e+03
1.819490328623879094e+01
1.936310279086309905e+01
-4.032688862626014270e+02
-4.050334292597142962e+02
-4.073398064037000950e+02
-5.673899840999672506e+02
6.678912289267044855e+01
6.626642055243975449e+01
-4.756306702640083586e+02
-4.758781949487583347e+02
-4.780520234564631892e+02
-2.637888727563773500e+03
7.222267282730418003e+01
7.280569100162647089e+01
-3.860381384044527522e+02
-3.888650133039907359e+02
-3.912384348262352205e+02
-2.991302497482360195e+03
1.375414765347826744e+02
1.380943943207287816e+02
-5.524778134044625403e+03
-5.526941896191600790e+03
-6.054354403234379788e+03
-9.825718037864806320e+03
5.220830859143857339e+01
5.102507521424632841e+01
-3.851906204880133942e+02
-3.854284095430180059e+02
-3.868522229603825622e+02
-1.739501068836748800e+03
9.667929306754400898e+01
9.540645903684078633e+01
-3.922469952361569767e+02
-3.939121453488411362e+02
-6.035335236105165677e+02
-5.054491190425514105e+03
9.751568324788584619e+01
9.606105810925220112e+01
-4.449038872407558642e+02
-4.461775751914940429e+02
-5.095246891790159225e+02
-5.130512812730868063e+03
4.786335630038686872e+01
4.706339572333773447e+01
-4.297932194346469714e+02
-4.325838779382970074e+02
-4.354829267705013081e+02
-1.571445519977759659e+03
3.806545165383327856e+01
3.908534185160322494e+01
-4.128840331860570245e+02
-4.135936818615906532e+02
-4.158428417357185367e+02
-1.123647539552965782e+03
4.357011486349169793e+00
5.097086462313782818e+00
-3.913741013044907504e+02
-3.929514066337379177e+02
-3.939020185498863498e+02
-3.997734994977470819e+02
4.707573325580622026e+01
4.489423575735381178e+01
-5.546775350664112239e+02
-5.547830949519544674e+02
-5.736844082476692392e+02
-1.468114474766271314e+03
1.309350371213104935e+01
1.256954737481077444e+01
-3.985906385036502115e+02
-4.004500132582632546e+02
-4.067476277835152132e+02
-4.845108831302981685e+02
1.007390629227218284e+02
9.967793038836818198e+01
-4.196927050976951250e+02
-4.215609669444188512e+02
-4.260311907252946639e+02
-5.457724591908458933e+03
3.114448494809964174e+01
3.277871136294012189e+01
-4.143084995285339573e+02
-4.160966939815381807e+02
-4.184156631619124482e+02
-8.961787270605713047e+02
7.421242706758249597e+01
7.385646856414351191e+01
-3.955958822422909975e+02
-3.954548923611685041e+02
-4.245824558294614235e+02
-3.133420470579129415e+03
3.774850425812229560e+01
3.830056653443722325e+01
-4.271828474599795982e+02
-4.284019437567266664e+02
-4.774339651534534710e+02
-1.107517033883101931e+03
7.680590270044642409e+01
7.622191349261115079e+01
-4.198341697653976894e+02
-4.177417078101175321e+02
-5.795038727569518642e+02
-3.339746790568117376e+03
4.402186736713822768e+01
4.467060165941802552e+01
-3.737619397304061977e+02
-3.766656914233520865e+02
-3.789446299497890891e+02
-1.340212749310361232e+03
3.044835191717456624e+01
3.018121266688876148e+01
-3.872621170937722468e+02
-3.877126376563886652e+02
-3.899199505968056201e+02
-8.491035548010431739e+02
4.161108184407547839e+01
4.255099818397876277e+01
-4.076769652149259855e+02
-4.082683980026639574e+02
-4.471188336277212443e+02
-1.265638041393287494e+03
2.296204383634497148e+01
2.391684685427640389e+01
-4.065131650899672877e+02
-4.080587496172585134e+02
-4.120992457595591532e+02
-6.600571492810812515e+02
6.729517385848994593e+01
6.842489412537744897e+01
-4.395282627104562039e+02
-4.398356644358162839e+02
-4.419784497607456046e+02
-2.682713807788474696e+03
1.086959829380487434e+02
1.079896485143182900e+02
-4.162994899189010880e+02
-4.167822254869965946e+02
-7.761000497533334510e+02
-6.304303954274234457e+03
