# SNRtot, SNR221, SNR220, evidence220, evidence221, evidence220_221, nofilter
1.909571308903596787e+01 8.565090546716513487e+00 1.566547577730921681e+01 6.658317519429575171e+00 4.490353093905488535e+00 9.301713725078656125e+00 -1.703327280803351300e+02
4.628800096160244237e+00 4.405549051200735033e-01 5.004396607499366212e+00 9.785504507246551853e+00 8.396745245712553540e+00 1.071010903493353439e+01 1.277505943948122891e+00
1.377525721885864840e+01 4.917456393071921172e-01 1.364329363850961663e+01 8.139863815916708489e+00 4.708922300701847696e+00 9.510866094325495013e+00 -8.288845461380400081e+01
5.494238766344974323e-01 5.155916804544616872e-01 9.914699786132850912e-02 1.192032061029676093e+01 1.195519362649455353e+01 1.196937758328444801e+01 1.183946781094662448e+01
3.370165606232915678e+01 1.486740309316536468e+01 1.995333414161788710e+01 -1.306638105770616676e+00 3.481981515418676842e+00 9.464340280692240981e+00 -5.559104095627092192e+02
3.117425399684884191e+00 7.056319147725285124e-01 3.455221546664936305e+00 1.049434715811383256e+01 1.004101507257745318e+01 1.117067435555443033e+01 7.131230547754434212e+00
8.503871722053283122e+00 1.255687064479085180e+00 8.934748436666946958e+00 9.188565156661121947e+00 6.347653471112502999e+00 1.019080865598813190e+01 -2.416751602351406802e+01
3.139916852790639012e+01 1.736881716320789337e+01 3.145266473027636778e+01 -9.082021544349725417e-01 -3.247252470341138952e+00 7.859261819802470406e+00 -4.809634910128789329e+02
1.517034901884618314e+00 8.227347291051091416e-01 1.025270471217631263e+00 1.148404853147960125e+01 1.155811740048521230e+01 1.174198767968779578e+01 1.083970366228662741e+01
1.260482051168878996e+02 1.119363664623143393e+02 2.816064651667653962e+01 -9.110105611733425803e+02 -1.329265821088289101e+01 6.465877148950096576e+00 -7.932084605485468273e+03
1.949754280903798787e+01 6.090049786162175849e+00 1.695582026058864500e+01 7.140078964704157372e+00 3.211979232216392255e+00 9.142735939498439990e+00 -1.780866866860797870e+02
4.502945736039917790e+01 3.049251210378263632e+00 4.423566744675452611e+01 5.874969461702064244e+00 -1.343590003965888791e-01 7.635675349657019773e+00 -1.001835613976949048e+03
1.788445331513539127e+00 5.481145864040312121e-01 1.716220196378076102e+00 1.141123191711690410e+01 1.152554809182931272e+01 1.172378161302574284e+01 1.039113275714837847e+01
4.524250764488315646e-01 1.495169640652359300e-01 3.306517477801736993e-01 1.194256947841870087e+01 1.195193581129189120e+01 1.196718802821794903e+01 1.188805688415479800e+01
9.935034056977238848e+00 2.195089963181496184e+00 9.486350231157432589e+00 8.972329732008029524e+00 6.207745337746702674e+00 1.015447932608185688e+01 -3.736204974759414910e+01
2.190260468588334786e-01 1.289600520386168792e-01 1.070750849162623447e-01 1.197906733764160414e+01 1.198208509388944520e+01 1.198520342127007510e+01 1.196641490445336053e+01
3.333144074344922547e+00 1.022496105085505924e+00 2.656046346645134726e+00 1.057594286666988381e+01 1.063706576807380344e+01 1.135462621806891192e+01 6.435476398884328653e+00
1.680678787229272331e+00 1.717440562989517083e+00 4.154365425492800856e-02 1.141515914668876519e+01 1.172378454822786864e+01 1.181540719074233969e+01 1.057806051613343534e+01
6.953927685771038592e-01 1.620820599981289689e-01 5.495113810728112780e-01 1.189620203109112495e+01 1.192886316069782460e+01 1.195425475269613536e+01 1.174861555775999911e+01
1.438766095507006515e+00 1.153317518350636561e+00 2.259321654495643372e+00 1.138634173736239852e+01 1.124000646957242822e+01 1.158354484489344927e+01 1.095537717026442692e+01
6.038050000036205844e-01 4.891434931399312597e-02 6.126402256590227635e-01 1.191421583450912003e+01 1.192715107243030381e+01 1.195314456638353029e+01 1.180811087003997883e+01
2.760638230375656477e+00 8.160093763738599515e-01 2.891054135019555549e+00 1.072808737296169923e+01 1.059938210755601062e+01 1.132207335284656047e+01 8.179839389548845929e+00
7.452868829766748915e-01 3.469163296825453213e-01 8.328650021977636042e-01 1.185313900687902944e+01 1.185526444809125302e+01 1.191085259579568500e+01 1.171267484008611959e+01
2.340874100017972026e+00 4.595946887239439338e-01 2.148014955432967721e+00 1.105498061157970469e+01 1.116003999119645762e+01 1.155273293473962504e+01 9.250555332987188351e+00
1.112189825877897533e+02 4.208365548179233429e+01 9.964971139719997950e+01 -2.936859083943708271e+01 -4.568022238984847405e+01 5.557443289916069062e+00 -6.172840642822485279e+03
1.096529444437921086e+01 1.461349888633514382e+01 1.060491518213387074e+01 4.117078313327822592e+00 4.744630729210637554e+00 9.583992989946176877e+00 -4.812844001691212270e+01
1.451306144481441152e+02 5.844686233630267225e+01 1.105583953773302426e+02 -5.673960454936441522e+01 -5.860124725159759151e+01 5.517435810835725540e+00 -1.051945722393887263e+04
3.208043718169525160e+00 2.038186736697893853e+00 1.304811503211568136e+00 1.044724259711796144e+01 1.129570861177197472e+01 1.163472125283887770e+01 6.844628860211187771e+00
2.294994417605961790e+00 7.987246190967777215e-01 1.568010624902383077e+00 1.109498165822314242e+01 1.123312058413772796e+01 1.159644784149623753e+01 9.356901420633400690e+00
1.445910555740513415e+00 6.790788701311325504e-01 9.507803938143880584e-01 1.160702882316529028e+01 1.176055711753843624e+01 1.185601698321637798e+01 1.094507244145374436e+01
4.126435133361903240e+01 1.953296799003443240e+01 2.410400862952763745e+01 -3.436120669841488784e+00 2.239093452860787981e+00 9.028549551427625275e+00 -8.393829443831186836e+02
7.448669977773767492e-01 4.816113267327638003e-01 2.907937132793628754e-01 1.188300452082395076e+01 1.194948077064120184e+01 1.196661450226695145e+01 1.171298768686572345e+01
1.732842864497566304e-01 2.094628165871887521e-02 1.879738321712977889e-01 1.198292091649864943e+01 1.198310385488307794e+01 1.198602652185739359e+01 1.197538738708946404e+01
5.125087677374056128e-01 5.894013793928932765e-01 1.454883760532456050e-01 1.193279299351542200e+01 1.197517135960613466e+01 1.198265687750589592e+01 1.185906849055080770e+01
2.017990505509041199e+01 2.429257940772376401e+01 3.418330532007382772e+01 -2.313497562668188579e+01 -3.416844111589082900e+01 7.156647680185462157e+00 -1.916238829071771193e+02
7.339094802422749808e+00 5.649685974117687692e+00 8.406936843822203187e+00 8.171025876819543399e+00 6.067770328556170156e+00 9.977010413802130273e+00 -1.494075515041964941e+01
1.742576356941176963e+00 1.586975736089495381e+00 2.068746711102006919e-01 1.138953002715985896e+01 1.180006056359208522e+01 1.188500653926847939e+01 1.047211492916947151e+01
4.905664858057353861e+00 4.822402414340376531e+00 3.008542983353230116e-01 8.313137066001814901e+00 1.063096511945632372e+01 1.119650596299919343e+01 -4.237274073477514946e-02
1.679590391145200101e+02 2.997482042072336839e+01 1.445170764875385032e+02 -1.375439408551444664e+01 -1.540678402280363279e+01 2.664655256964168828e+00 -1.409312900902737601e+04
3.139770181851547215e-01 1.854111601213380423e-01 1.805023026618239601e-01 1.196714303992205153e+01 1.197292018836168381e+01 1.197933105767695672e+01 1.194111032508044445e+01
6.138099049785703532e-01 3.972861954237379839e-02 6.407935827508384197e-01 1.189835202217839161e+01 1.189828437924331439e+01 1.193732072686391987e+01 1.180201980932976369e+01
6.055907405116693099e+01 5.587745375393286196e+01 1.178420285891601438e+01 -1.476932677582399549e+02 3.131513246339873380e+00 8.378563898906051577e+00 -1.821710323858305173e+03
2.335289932445688610e+00 2.203666404926976519e+00 1.323969459336260979e+00 1.098169325431383037e+01 1.151275146015456308e+01 1.175441064077483766e+01 9.263611574763569223e+00
7.662980817216801022e+00 1.064901943932310147e+01 4.053366348827605492e+00 3.690695791999878850e+00 9.860559512795669335e+00 1.086858697776843208e+01 -1.737023639346167414e+01
7.331150633247590065e+01 6.973305660826612495e+01 7.591015334790057523e+00 -2.732637965273572718e+02 4.172243507756041581e+00 8.479393087440678656e+00 -2.675298079259272527e+03
5.086278424442877144e-01 1.835788522327969630e-01 3.800453102548463358e-01 1.193350209940014928e+01 1.194436114830248208e+01 1.196346120791409717e+01 1.186104996799989841e+01
2.725553075306536677e+00 1.380070177379973062e+00 1.772139258369876735e+00 1.085448383619596235e+01 1.126425554648736416e+01 1.162054821446422004e+01 8.276081325898204000e+00
1.937842383919192502e+00 2.037297595432453701e+00 1.782432711071993969e-01 1.126073950870251217e+01 1.179441873687820319e+01 1.187284009601142465e+01 1.011278455659785536e+01
5.994761240040244132e+01 6.044142836407033315e+01 4.279165677046515981e+01 -5.704943223427395793e+01 -4.563097310081713687e+01 6.963135035846806709e+00 -1.784867715145387592e+03
2.683620990636230275e+00 1.302879220768392354e+00 2.384498167764655285e+00 1.089013705439050739e+01 1.090785400879181211e+01 1.144727633945969636e+01 8.389490298362971998e+00
2.767659623961988835e-01 2.411687347169954102e-02 2.950679076415801960e-01 1.197135363194943380e+01 1.197135272496774228e+01 1.197928922112068051e+01 1.195210141008411675e+01
1.022044963614310262e+02 3.661542970607082026e+01 8.266057974965089272e+01 -1.762492470742676076e+01 -1.962378676036940561e+01 6.067751300347246968e+00 -5.210889137137828584e+03
1.326316778809129282e+01 6.885350298596370600e+00 1.550538695351740515e+01 6.080478095146030881e+00 2.732764628988178401e+00 9.062019255510724847e+00 -7.596540877847658635e+01
1.883647658655752233e+00 8.842733257650210454e-01 1.576204636629264355e+00 1.137159977480957451e+01 1.159313491255757000e+01 1.175675879075788721e+01 1.021633685807501557e+01
5.299592173280515794e+00 2.491909462130971198e-01 5.293474323423096983e+00 9.786264375978333874e+00 8.382429976878418287e+00 1.072379076607930770e+01 -2.052437492493384141e+00
4.682854409982705590e+01 1.910605654947970322e+01 3.039140892130384586e+01 -3.592951793148954742e+00 7.893859173851858202e-02 8.411383544903813458e+00 -1.084465870145669214e+03
2.345917043809043978e+00 2.006918344793953590e+00 3.253554189624457305e+00 1.072110866206384650e+01 1.047465070309010571e+01 1.129936990056741308e+01 9.238737720837782774e+00
7.844479888827594616e-01 3.816047913640475964e-02 7.654048303336233872e-01 1.186178298108083595e+01 1.188525021831343054e+01 1.192869848009130251e+01 1.168272178542356166e+01
4.470780285598400461e+00 1.434425593723005932e+00 4.370827732777301300e+00 1.002192397697862702e+01 9.081407169615395958e+00 1.088967913137731713e+01 1.996462928007005644e+00
2.323014985726550297e+00 9.387149976521073080e-01 2.970873186201941074e+00 1.088372763651744712e+01 1.059426539560277014e+01 1.134856972781957296e+01 9.292201797099602700e+00
4.378607081936858769e+00 3.795331190618677297e+00 4.036227009346176509e+00 9.685307017899376092e+00 9.916583165020091073e+00 1.108176150595667941e+01 2.404301120060855723e+00
4.539780272912694592e+00 2.384964454808747636e+00 4.460585731376078833e+00 9.880599212377751073e+00 9.051083245491859941e+00 1.082390725241245732e+01 1.685598645891035474e+00
3.946388708045692750e-01 3.810366220202245358e-01 3.277340812626979849e-01 1.195587802271576905e+01 1.197296493270346929e+01 1.197902139359064932e+01 1.191253118987971149e+01
2.791616934130146319e+02 1.920085832708721227e+02 1.068848486891840679e+02 -1.392428828392900186e+03 -1.763175920651493414e+02 3.604350383168368754e+00 -3.895363513350193534e+04
1.115167641042365876e+00 6.953966055043714345e-02 1.055049258178191618e+00 1.168668040680579878e+01 1.168825411081719423e+01 1.182226191269256788e+01 1.136860167524066689e+01
2.414841055789100910e-01 2.168439146343819901e-01 2.299714141634618680e-01 1.197482823592387291e+01 1.197757943933014069e+01 1.198340299417735544e+01 1.196124382243104201e+01
8.559139917831897648e+00 2.696630231372338926e-01 8.470737143736203123e+00 9.297404703351775268e+00 6.834558661430581772e+00 1.027758562227785610e+01 -2.463903695745704425e+01
2.845497758832856761e+01 8.181159560213911774e+00 3.284120705148535535e+01 5.052916964478787243e+00 -1.058075435684617815e+01 8.070436829702472892e+00 -3.928524736670858033e+02
1.762161782633529628e+00 7.117944130297425565e-01 1.828211688882715569e+00 1.142567986220802290e+01 1.152123874692370897e+01 1.171879127086412709e+01 1.043779403496757396e+01
1.520966557978825939e+01 9.130013160528049454e+00 6.639141666716521506e+00 3.306994517042030068e+00 7.187625156533018256e+00 1.028807523544530689e+01 -1.036765624154432146e+02
7.929496862574059168e-01 1.871603432278360832e-02 7.784050228260626092e-01 1.185771041834369477e+01 1.187374868622567803e+01 1.192306024180267698e+01 1.167601650658680512e+01
1.890569159288151297e+02 9.500352113260225906e+01 2.122351775119670947e+02 -2.398753102571989757e+02 -2.646787108965946231e+02 3.520444100013095934e+00 -1.785926832914847910e+04
2.404983171962247823e+01 4.315446764116209977e+00 2.229000160835095201e+01 6.957755890895330531e+00 1.983877815569607517e+00 8.709420706628321796e+00 -2.772068017620250657e+02
5.474466954486474357e+00 2.780822327213852585e+00 3.149171535978287029e+00 9.274472197375789762e+00 1.043015244969411626e+01 1.126468977052454790e+01 -2.994493108827541050e+00
1.756885027900467522e+00 8.047735218076678132e-01 1.353191449262842294e+00 1.141820124689255422e+01 1.161949193417013682e+01 1.177151420900973022e+01 1.044707860842425085e+01
2.788781959426544290e+02 6.492715423723416279e+01 2.278649029859932398e+02 -7.205446971275402746e+01 -7.460135379613868167e+01 -4.083710904596898672e+00 -3.887453368500572833e+04
3.351278631583123779e+00 9.681884538582452571e-01 2.567580006503000778e+00 1.029919366778882939e+01 1.031961060363532212e+01 1.126739798761191480e+01 6.374866875801837196e+00
7.183530041252794263e+01 2.471230494707688052e+01 6.021753134300663390e+01 -5.092578954158883953e+00 -1.877988550028058512e+01 6.124634206596709873e+00 -2.568164791570013676e+03
1.351126050550920752e+02 1.134843104169843571e+02 6.729990581794662319e+01 -3.966133412996994139e+02 -9.511010029232041063e+01 3.672996286933701171e+00 -9.115717621277592116e+03
4.450595769810636870e-01 2.332877672549250325e-01 5.036915301035859160e-01 1.194707973098296172e+01 1.195373204018609314e+01 1.196724778567454273e+01 1.189136209552338208e+01
2.402496694815723643e-01 1.356048175968709857e-01 1.837912516058939350e-01 1.197813227607413999e+01 1.198247241274915886e+01 1.198554429524643972e+01 1.196154115721166278e+01
3.721599275967600873e-01 1.134473470033515452e-01 3.480676657367102744e-01 1.195484535871055165e+01 1.195564668031640032e+01 1.196951832549785166e+01 1.192114960320025219e+01
2.785367885832780743e+01 1.046515755075096532e+00 2.720659977827198261e+01 6.825220278566045629e+00 1.393001315329348566e+00 8.370100419186334406e+00 -3.759233118623740779e+02
2.764800396131569471e+01 6.277555632683396780e+00 3.173741233447678312e+01 5.323446074115342874e+00 -9.368589620143574770e-01 8.038272030552596092e+00 -3.702156604134095232e+02
3.832556947278998649e+00 4.320690193923242273e-01 3.664092217402624474e+00 1.046703862848200828e+01 1.017834829575350675e+01 1.118179844416526514e+01 4.646154731986405828e+00
1.112393418131402143e+02 7.590090485366943085e+01 1.341796961332895819e+02 -2.251232551406795892e+02 -2.349745883039547323e+02 4.020615047424278110e+00 -6.175105182401268394e+03
5.930941190416738351e+01 1.074310356063203464e+01 5.072250509231589177e+01 2.908205342627908419e+00 -6.862409446207817787e-01 7.315887820277536591e+00 -1.746812769100041351e+03
1.546596749884353450e+01 1.248867367266311534e+00 1.500236054317542411e+01 8.295666770984839289e+00 5.062061507648913938e+00 9.615701828969807963e+00 -1.076076742285876122e+02
7.037459932899465809e-01 2.558879789547813949e-02 6.843203399677225685e-01 1.188085795878670226e+01 1.189054806055059998e+01 1.193275996632046976e+01 1.174277189751883732e+01
2.346253370941715559e+02 1.145534721679849355e+02 1.461760211639044371e+02 -4.183222956866001141e+02 -1.784606961105047276e+02 1.937983838854972163e+00 -2.751253400216776208e+04
2.788985070309240655e+02 8.541458583823359163e+01 3.474480497703443120e+02 -3.361765250310780857e+02 -1.926815114983597596e+03 -8.135414787064698672e-01 -3.888019821093013888e+04
7.860301821906860997e-01 3.552460318446727938e-01 5.306190347488616288e-01 1.186376066279438035e+01 1.191456212363122091e+01 1.194770449187465111e+01 1.168147938539730291e+01
4.119707596506065883e+00 5.930496101059678615e+00 6.392142618570596291e+00 8.948141525250566275e+00 7.797738634783344835e+00 1.040516807849323300e+01 3.504405768699772494e+00
2.677120830435062881e+00 1.500682169560300649e-01 2.546246938241309543e+00 1.083882552017818135e+01 1.070444900743977890e+01 1.139222315820105180e+01 8.406913138680003783e+00
7.267683575117565020e-01 3.480090853015845864e-01 1.011241814631250513e+00 1.186572160191703595e+01 1.185417047171867644e+01 1.191009155557085819e+01 1.172630498631449569e+01
2.497186953874924453e-01 2.867927806010102734e-02 2.637877343230356497e-01 1.197691142101778361e+01 1.197842073602259738e+01 1.198337449222878348e+01 1.195922139564164866e+01
1.221127631768831776e+02 8.874750868295529926e+01 3.711402942425656448e+01 -4.341289004476074069e+02 -1.477822198299809031e+01 7.169260952394042263e+00 -7.443773064237723702e+03
4.402148682459966267e+01 7.762443183714566430e+00 4.945072564466835985e+01 3.607139167699751958e+00 -1.449627431010878276e+01 6.848508056392854648e+00 -9.569552500151462482e+02
4.752722642406866704e+00 2.058914831184106120e+00 2.860856140913820234e+00 9.783384155602309562e+00 1.043565427586490735e+01 1.128326847074809791e+01 6.962148512312094084e-01
3.239676328697340324e+01 3.767519921634139290e+00 2.920651001427735238e+01 6.840418856646714119e+00 3.333967920438101640e+00 8.672416511754365231e+00 -5.127847346270392563e+02
5.623687488561108694e+01 2.078910771923230882e+01 6.588696985798527805e+01 -4.387390999770783395e+00 -6.417800780686178541e+01 6.578599211123085766e+00 -1.569302647340882913e+03
5.247463770651900061e-01 3.706748547546722117e-01 1.822438678981580795e-01 1.193678156349326613e+01 1.196966351640035242e+01 1.197840336901354341e+01 1.185272172893314213e+01
1.328847731088785844e+00 6.778217715986949443e-01 1.177414046718973539e+00 1.163799320213404975e+01 1.172678101453843702e+01 1.184286804834629692e+01 1.110748296284475778e+01
5.859393126241301708e+00 7.571394578621867488e+00 5.270494593353891588e+00 6.047130085097328411e+00 8.891587892942972360e+00 1.035029864405020206e+01 -5.175842794867245189e+00
1.520601542716892018e-01 1.478566066833845449e-01 1.208745640472428384e-01 1.198456665219342909e+01 1.198580518856033272e+01 1.198727196793936578e+01 1.197883996379609961e+01
1.609333730543641749e+01 4.023591532916537261e+00 1.337949309138276099e+01 7.526993210143401392e+00 5.457093177092187553e+00 9.726016146586747624e+00 -1.175073517042210938e+02
4.120074850803542965e+00 2.546720376234333560e+00 6.023776628028009839e+00 9.391349467519260585e+00 7.350853925422831558e+00 1.041618517545232336e+01 3.502892720942746507e+00
1.275295071420802229e-01 1.055349631455804460e-01 2.694977031292030561e-02 1.198706134581180649e+01 1.198929743715586937e+01 1.198978624614124300e+01 1.198226922145871320e+01
1.851250799588011475e-01 1.103869444119099236e-01 9.202715467379385395e-02 1.198364606038121316e+01 1.198749680175513710e+01 1.198863293876447855e+01 1.197326546143978732e+01
1.200049161144007837e-01 1.359024393124752261e-01 1.756938926013460467e-01 1.198578097530540099e+01 1.198540114238533505e+01 1.198727943127748041e+01 1.198320051910885198e+01
4.378926607467243381e-01 2.328716775689366747e-01 3.674450922888002902e-01 1.194252097259363055e+01 1.195094895128189272e+01 1.196848796475978105e+01 1.189452611788674119e+01
1.665827080228764601e+02 9.019215818701437115e+01 8.192585080396038677e+01 -2.896150437005317144e+02 -4.957164792839142820e+01 5.681932717792697041e+00 -1.386290890500839851e+04
4.731383573692494182e-01 1.850818551712303528e-01 4.804714178057579166e-01 1.194072111611870568e+01 1.194938092228599480e+01 1.196661191348534459e+01 1.187847115644762930e+01
1.499961348856986909e+01 1.508922332797820687e+01 2.491991468242679364e+00 -1.145515838781613027e+01 9.632123882753877098e+00 1.048338528287720095e+01 -1.005038012941889320e+02
4.516932857994375468e+02 1.029753324274369390e+02 4.849344559228363778e+02 -3.949326186719975453e+02 -6.921426087897159505e+02 -4.248099195080586199e+00 -1.020014218170371314e+05
1.861436268938055250e+01 1.102089950669753904e+01 1.088297401761450978e+01 4.731183592520761039e+00 5.317863317085455677e+00 9.829910298490100118e+00 -1.612568480568467066e+02
4.213530400320963376e-01 1.123186608143252330e-01 4.311748443329996849e-01 1.194941778856917658e+01 1.195180419167049557e+01 1.196820661739048042e+01 1.190163191688252020e+01
4.119850814780884107e+00 7.963359287389112140e+00 8.335835739416674883e+00 7.435736128923263522e+00 6.308744213336860085e+00 9.874386314208546622e+00 3.503815741029306707e+00
2.259618921790999480e+01 5.328469399013798125e+00 2.458314570230919571e+01 6.039562856565791726e+00 5.841317324152677237e-01 8.448889713244609467e+00 -2.433034824767412658e+02
1.775083223841992819e+01 1.133222943779717617e+01 7.888528662071863096e+00 -6.048151729839128521e-01 7.500016056006996834e+00 1.040196106630392237e+01 -1.455556214692094557e+02
1.693905637130690423e+01 5.711351976075129677e+00 1.204695173952516107e+01 7.036144606916306721e+00 6.130985057946424455e+00 9.920114618962228903e+00 -1.314754142661018363e+02
1.929729674071283796e+02 8.647070513925276813e+00 1.899872677913206758e+02 -2.133503761130669751e+00 -6.126378970112834565e+01 1.024323979965203524e+00 -1.860729267384725972e+04
1.105693738301496687e+01 1.603954974706923409e+01 2.251908617114827393e+01 -8.216416585993464139e+00 -2.082608951076208825e+01 8.416035211988075915e+00 -4.913753103690226709e+01
4.193536287636458582e+00 3.939223717482677412e+00 5.878390941565760919e-01 9.282059856226789307e+00 1.144878192916380755e+01 1.167507992828505259e+01 3.197527811192779623e+00
3.606861258913561241e-01 1.753057808460916356e-01 2.519682271745655178e-01 1.196133410340454262e+01 1.197115643479041047e+01 1.197958646170782160e+01 1.192535386834940603e+01
7.154164136308708954e+00 6.112697961483358533e+00 2.654617863940443190e+00 7.845405979999526380e+00 9.887234153317834284e+00 1.109472010506134865e+01 -1.360063113556820547e+01
9.117716988700758085e-01 4.655984220058955181e-01 4.986738499914028511e-01 1.183389230288040572e+01 1.191545959517517694e+01 1.194598933600244095e+01 1.157473729362445169e+01
4.457493668462672076e+01 1.685883308852454121e+01 3.422756297365820188e+01 5.085081013340664313e-01 -1.457461868523814097e+00 8.085680596912496299e+00 -9.814720891101858342e+02
5.959646010105424097e+01 1.032128803330854794e+01 5.438653403158703270e+01 3.403310476281573571e+00 -7.806969358539018522e+00 6.613385143346755868e+00 -1.763878627179220530e+03
5.930998300808475960e+02 2.257356726156644129e+02 3.882801681749104432e+02 -1.588733239642003809e+03 -8.782666459744402800e+02 -1.470146633071246534e+01 -1.758717138198560860e+05
7.706021862573196601e-02 1.062188411594190973e-01 7.076723032436375849e-02 1.198885465910210613e+01 1.198962330864621606e+01 1.198999301716389709e+01 1.198743197040734110e+01
3.633949066841293529e+02 1.736447356115413641e+02 2.285364495001757348e+02 -1.400371567671851835e+03 -4.535006034097426664e+02 -7.371012697222409926e-01 -6.601593870087448158e+04
1.226279440121669922e-01 9.574483450157725284e-02 1.903086849116336354e-01 1.198650605451314810e+01 1.198614930492148645e+01 1.198780418029555328e+01 1.198288230272833843e+01
3.103093613882502950e+02 2.008714953542708770e+01 2.975515302150816410e+02 -1.412427232085225626e+01 -1.861070800896928574e+02 -1.173125240189371699e+00 -4.813395948148280149e+04
1.633911420629504008e+01 1.908831048214918980e+01 3.491401833197607996e+00 -1.226531748852440451e+01 9.468675685879794912e+00 1.048664264661833911e+01 -1.214929254141215154e+02
1.706661455442955599e+01 1.709044799620563282e+01 2.141707285548416717e+00 -8.981970978705424713e+00 8.858223645898389620e+00 1.009942588376407713e+01 -1.336442650656787237e+02
1.057661467069038963e+01 6.138389882140124598e+00 5.871949885416483106e+00 7.480773443225295694e+00 8.026722969536566055e+00 1.058506409127195447e+01 -4.394198783707692257e+01
2.141001566093250208e+00 5.101065988042955412e-01 2.076236848533635548e+00 1.121793346721371165e+01 1.128490405001289254e+01 1.161617015183396084e+01 9.698457256047788633e+00
4.140507483644491948e+00 2.382640978730319770e+00 2.189287968259614026e+00 1.006164737126422004e+01 1.079975811638484551e+01 1.139750027020728496e+01 3.418499997996644169e+00
2.144773020153794896e+00 1.329796635359762558e+00 9.822756320119071516e-01 1.121497154087965953e+01 1.168528804387905140e+01 1.181410225816612503e+01 9.690375455064849319e+00
6.067040036194170760e+00 9.013031583148441994e-01 5.283929238376558146e+00 9.726494720718026343e+00 8.856435385963374429e+00 1.078881019821875142e+01 -6.414086291336820622e+00
4.961835342425249706e+00 1.683539617387429965e+00 3.932239584738082883e+00 9.771777237479973621e+00 9.259092613956013906e+00 1.095416114478781822e+01 -3.195038736154813819e-01
9.842562166825012948e-01 3.329056193307340927e-01 1.069320660050478766e+00 1.179051098538914211e+01 1.181710590673832506e+01 1.188837595354558196e+01 1.150602095901558819e+01
8.636685272820483306e+01 2.729085359445587144e+01 6.408451478699205950e+01 -1.168659198755060302e+01 -1.232784261545205950e+01 6.361956844569582437e+00 -3.717626223978656071e+03
3.587648709189083518e-01 3.210039764242484384e-01 1.156635580099389521e-01 1.196409993969054142e+01 1.198113360107478442e+01 1.198467640582828508e+01 1.192604499275193319e+01
5.242345253383108306e-01 3.169230547755225169e-01 2.982845477990490046e-01 1.193702770486921771e+01 1.196662524846846409e+01 1.197582371495138531e+01 1.185299019027632283e+01
3.567581248111914505e+01 1.176380219488293299e+01 2.691471788755023553e+01 2.681709435974004574e+00 1.883119900907122890e+00 8.794855384786600894e+00 -6.243913969849335217e+02
1.644065378381424409e+02 3.432469820896308477e+01 1.751182320705988502e+02 -4.070229425162317227e+01 -8.565348850417508686e+01 3.707002403781258781e+00 -1.350276444085322692e+04
5.498050438170999143e+00 8.333930394888604543e-01 4.780315655639599370e+00 9.892788859515521338e+00 9.200006975394149578e+00 1.087885353943436861e+01 -3.123878201281494071e+00
3.685802428664363362e+00 4.995454002859784914e+00 7.017950876926774662e+00 8.467664614759451425e+00 6.875472359075001094e+00 1.028067231958251249e+01 5.197831337480604219e+00
1.038343567640141352e+01 7.855478545681796376e+00 1.653205073455842822e+01 5.324322282434117426e+00 -3.522065097123626920e+00 8.963322950006025636e+00 -4.191746711392817559e+01
8.229117634595935726e+01 4.904733819387813298e+01 8.254921593760592202e+01 -5.626920783144334592e+01 -5.879580232648743987e+01 5.254437884338024389e+00 -3.373928451091835541e+03
3.254856245232918610e+00 4.870029724794330050e+00 4.998588717734546272e+00 9.454240063722506804e+00 9.210877798115205906e+00 1.079877758078865035e+01 6.693356520488797479e+00
1.765945584016072303e+02 3.817458619638536987e+01 1.447912779806815138e+02 -1.910304351222760744e+01 -2.637706904027080768e+01 1.619772515434911409e+00 -1.558082862742027646e+04
3.983660871544540782e+01 4.205914923048808873e+00 3.657370164851322869e+01 6.198395871360112608e+00 9.012787725547011242e-01 8.183511289713107928e+00 -7.814872958646957386e+02
6.085922670288901326e-01 5.238760672010135400e-01 6.889324610093932044e-01 1.188928211462902595e+01 1.188887184022879495e+01 1.192659525954037214e+01 1.180520883531098164e+01
2.265346335239611619e+01 8.581039892687325477e+00 1.516156152259310197e+01 5.441261971065802783e+00 5.146234855359105964e+00 9.703550536309780483e+00 -2.445992998201222974e+02
2.857403426573988270e+00 4.346554308016770118e-01 2.889638336181238998e+00 1.067908362229256269e+01 1.051060050696403181e+01 1.130056659537018682e+01 7.908023937956278893e+00
4.383170369267752053e-01 1.503639084847410989e-01 5.166171026031077806e-01 1.194221821956100094e+01 1.194109703250354571e+01 1.196038773072418948e+01 1.189434019662452968e+01
8.048801974581980545e+00 2.765387317743751794e+00 5.747249904983254609e+00 8.754742570067875818e+00 8.649770174710075921e+00 1.074061694289980018e+01 -2.040120550396272847e+01
1.186040828715946844e+02 6.035986210236234228e+01 6.163056681158523276e+01 -1.046724736978186172e+02 -1.951068567821272026e+01 5.946336612634130603e+00 -7.021473835796995445e+03
3.521665100089519385e+00 1.089732327495080005e-01 3.607888873597253632e+00 1.055028452938894112e+01 1.016297327665819950e+01 1.118544235633464723e+01 5.789338570460402345e+00
4.007304894091468506e-01 2.793897762502692977e-02 4.241959512754726602e-01 1.194982108219715933e+01 1.194926753841397016e+01 1.196652230445972087e+01 1.191010864648361789e+01
4.445027040916123440e+00 1.696970797756670368e+00 2.951786021989188047e+00 9.815451868719357265e+00 9.908591635731591296e+00 1.112485117847575111e+01 2.111268411816888957e+00
1.343030793924226529e+00 3.723164373975885733e-01 1.651704964171966994e+00 1.161332705635355644e+01 1.160060359135298391e+01 1.176832646417070727e+01 1.108853525234029469e+01
1.645303926332742250e+01 1.531103718138243863e+01 1.798903414236485077e+01 1.792110207873686356e+00 -3.539808386851976962e-01 8.814758254485639100e+00 -1.233608493912422261e+02
8.294988904233543403e-01 1.672462557841505881e-01 7.011275093357542953e-01 1.183899160962987196e+01 1.187070079739139494e+01 1.192144766022114943e+01 1.164636690444787703e+01
1.800395612118466548e+00 4.507414194395093499e-01 1.874795588891199349e+00 1.131147244187195433e+01 1.125735375815673756e+01 1.160849998460217591e+01 1.036968892898694961e+01
5.577440694786680808e+00 1.236959875711848289e+00 4.482333993197907596e+00 9.661371164576531001e+00 9.220017395850511832e+00 1.090893238364189166e+01 -3.563521242876603878e+00
1.419020545193162564e+00 5.053138737261156921e-01 9.677094642208164954e-01 1.162358550734290041e+01 1.178009907170660497e+01 1.186910713144296636e+01 1.098359145521451374e+01
4.437818363600204208e+00 3.321327112793971192e+00 3.284423663999285203e+00 9.968543272442987657e+00 1.002335635094867605e+01 1.112799230657819471e+01 2.143285194901068280e+00
8.965443607332192144e+00 1.220670015942059017e+01 4.268889135964899495e+00 -3.136201820281353747e+00 8.494925071430881047e+00 9.750780047382855642e+00 -2.819918842907216572e+01
2.069079538085708236e+01 9.089702600846042202e+00 1.268313847206824718e+01 2.979997688986208093e+00 5.531144183309161022e+00 9.895467071956597138e+00 -2.020641056371937623e+02
6.412313184690954415e+01 5.847233129680567743e+01 5.074094107481033689e+01 -5.386490355533404539e+01 -5.189524441315677450e+01 6.717410170505800693e+00 -2.043897617819018024e+03
1.142084693696744147e+01 1.163838874139693047e+01 2.784941359210654888e+00 1.187608727835542943e+00 9.522664585719125441e+00 1.067653444193790513e+01 -5.322747126976462795e+01
7.545600965183162367e-01 3.494373017997874920e-01 6.942080945115585155e-01 1.185994408546391732e+01 1.188739889440968334e+01 1.193290899544978600e+01 1.170572063942579888e+01
3.456510081025236047e+01 1.569491656770800958e+01 2.466037831755735610e+01 3.286473992079350204e+00 1.817944284676511035e+00 8.696272045293815367e+00 -5.853826959023994050e+02
3.007454770847936487e+01 2.247672121210178275e+01 1.051680197032850295e+01 -1.345315384086884336e+01 4.787224555376412560e+00 9.771207054204090525e+00 -4.402488088257460390e+02
7.710354892712235397e+00 5.597728668643097372e+00 3.737543610054476328e+00 8.172103497730500266e+00 9.235102313429189635e+00 1.090206072642898327e+01 -1.773438517673108805e+01
3.274867329862599945e+02 9.247828065498086403e+01 2.608926564012958238e+02 -2.216814313249751081e+02 -2.191838294765832416e+02 3.091823176362795245e+00 -5.361178973989791120e+04
2.167008477421387624e+01 1.293381923725019433e+01 2.246204205649369356e+01 2.891254588078683518e+00 3.620343139611756911e-01 8.354471491995147048e+00 -2.228058859517533961e+02
3.343797110788060967e-01 9.098513991832463121e-02 3.148112218085722391e-01 1.196161384450934939e+01 1.196301669080606622e+01 1.197475265893561058e+01 1.193449621346409195e+01
3.123738900613286074e+00 5.976521452641794241e-01 3.147643087206866586e+00 1.059660245409308921e+01 1.023537286182996731e+01 1.122555300363459097e+01 7.111528749452313392e+00
2.431690554654578591e+02 9.234735918114071751e+01 3.174507347557806725e+02 -3.462491723712839189e+02 -1.073767000205761406e+03 2.168278679994315006e+00 -2.955360436687240872e+04
2.836591120148429823e+01 1.555779417901482020e+01 1.820029302006814476e+01 2.834363836953202931e+00 2.542769640788104635e+00 9.134139555833712620e+00 -3.903220580361915495e+02
1.390166628349023270e+00 1.424269882785719643e+00 8.735670327895076470e-01 1.158627092330597286e+01 1.179879483778788796e+01 1.188171955452436990e+01 1.102411948176701806e+01
8.280237792707787481e-01 8.856446219218018223e-01 2.333699523040441981e-01 1.183302931233847133e+01 1.190023981855876656e+01 1.192974535616866305e+01 1.164758941953573235e+01
1.235963460812108394e+02 3.324203494206150111e+01 1.516293587379354335e+02 -2.876632089041335050e+01 -1.755525095291182822e+02 3.951867378552552879e+00 -7.626037981204166499e+03
3.071154643037205005e+02 8.673906576820435532e+01 2.355868692515445275e+02 -1.144612558357015786e+02 -1.182932078319368117e+02 2.769335234481002495e+00 -4.714796380613585643e+04
3.250236956133478738e-01 4.994474768140776955e-01 4.772947797373803813e-01 1.195635225732474005e+01 1.196130425491301175e+01 1.197482539847181471e+01 1.193758090769958535e+01
3.310692960657363848e+00 7.138705561599126836e-01 3.213719161578063588e+00 1.058574604764583427e+01 1.041837445578360999e+01 1.125254552218255988e+01 6.510057169181552972e+00
4.610341611405498696e+01 4.642156852450548143e+01 3.586836337651978734e+00 -1.567997687357798782e+02 7.513851494514590001e+00 9.062689876281950774e+00 -1.050772087583797884e+03
4.558841046582998158e-01 8.256307225081331858e-01 9.615711460572946567e-01 1.190905072698634726e+01 1.189661139046492799e+01 1.193597873759291694e+01 1.188648595061461499e+01
7.126196448867293753e+00 5.541048612732091705e+00 7.978268161816875370e+00 8.793216311048478673e+00 6.858611717807102437e+00 1.028003392017089368e+01 -1.340093680486974925e+01
4.361731981034031946e+01 2.609860542488668145e+01 3.075316585805499869e+01 -7.322754756879973570e+00 -5.796953412156185870e+00 8.063506390671353330e+00 -9.392448926096983541e+02
1.069102610668076991e+00 5.337667731962542073e-01 1.262190182066939448e+00 1.170099572615919747e+01 1.168546073310190359e+01 1.182640316117406520e+01 1.141891091298601602e+01
1.687255949938203514e+01 1.369984846722306360e+00 1.574335041329448970e+01 7.866353116981627203e+00 4.691335017450169786e+00 9.398536520890097279e+00 -1.303512309210388196e+02
2.046456751310729238e+00 1.924888712399015267e+00 5.653042936300142207e-01 1.114215572446838109e+01 1.162264253445752971e+01 1.179345476468553322e+01 9.896408491562032950e+00
3.719305676720966858e+02 1.183744397328434559e+02 2.648661550480676965e+02 -3.140974769028371156e+02 -2.466925574329721371e+02 3.080315834702889166e+00 -6.915418318333498610e+04
7.010026303724413710e-01 1.674539558295449482e-01 5.946316349551586944e-01 1.187545502949806497e+01 1.188541098775983862e+01 1.193022765907485550e+01 1.174469876516012334e+01
5.472537634174263310e+00 7.444810178740396189e+00 1.051163865362594940e+01 5.842204824663967955e+00 2.551410127703077180e+00 9.572241012779890923e+00 -2.983932969672158819e+00
3.167248787233640783e-01 1.799637852768418145e-01 3.347410656779012950e-01 1.196360949072476565e+01 1.196502362589308532e+01 1.197632645065324652e+01 1.194024378465350011e+01
1.840536285408841621e+00 2.283219898911194701e+00 1.232150006391519836e+00 1.125001522139683274e+01 1.152060343969106881e+01 1.168778702696664595e+01 1.029661420010137540e+01
5.836829039141249176e+00 4.382345541124982091e+00 8.248709852665324860e+00 8.464239907239599958e+00 5.014349025214540845e+00 9.923224212535830091e+00 -5.043885507026613979e+00
8.961247450523906366e+01 6.143337549154106370e+01 1.235167612160024220e+02 -1.806534135845103606e+02 -5.435041733771182635e+02 4.687129238809205845e+00 -4.003207392367005468e+03
7.290563698408334403e-01 4.448659825393859735e-01 7.046424713375322169e-01 1.186359434095234278e+01 1.187519985407196899e+01 1.192526448704575337e+01 1.172463951385191727e+01
1.712720739115112849e+02 4.289757412836867445e+01 1.953016608397597622e+02 -4.496704517043932725e+01 -4.218385678343670406e+02 4.210250987606642070e+00 -1.465507124986603958e+04
1.511896572518157278e+01 4.400853531735060997e+00 1.872006432458886493e+01 6.820744506446523303e+00 6.655264726620497839e-01 8.794739701385172026e+00 -1.023011611905529179e+02
1.999240790887799335e+02 1.186804326491575949e+02 2.272786164078059983e+02 -2.666608953778514319e+02 -8.004920965802843966e+02 2.537510004898318350e+00 -1.997282829863931329e+04
1.316424918205486563e+02 5.713129160983159238e+01 8.398809164395719051e+01 -6.380180854050867367e+01 -4.272954131185856141e+01 6.572071721295496438e+00 -8.652882425252553730e+03
1.734912369628392881e+01 5.033461821161647975e+00 1.882047959513829483e+01 6.729646552950798721e+00 2.972621756532707771e+00 8.987483517635794783e+00 -1.385056454054256108e+02
4.351561119799204391e+01 2.420686874209506101e+01 2.954682543102883940e+01 -8.518780111432988633e+00 -6.402822263343978193e+00 7.892870832047002239e+00 -9.348138078583506285e+02
3.113827700459121939e+00 2.923578019384061477e+00 4.636271549995465424e-01 1.009408417878941044e+01 1.117011665931451603e+01 1.149430777211338750e+01 7.142439634981393226e+00
2.885104839682766809e+01 1.311219352806854666e+01 1.755838758672596356e+01 2.781289871355742793e+00 4.463344903359612204e+00 9.511275338879425334e+00 -4.042010956889914723e+02
1.429574205715682111e-01 1.676736474083283523e-01 1.585951294220574737e-01 1.198457809180816191e+01 1.198567753685705561e+01 1.198785288949686390e+01 1.198018269700642691e+01
3.896555351378193564e+02 9.871082984826330176e+01 3.211283453316381724e+02 -2.153400999949300285e+02 -2.290658480835823241e+02 7.624271921014642572e-01 -7.590372763066113112e+04
4.351804343603886593e+01 1.872808206022832067e+01 4.315850399951291649e+01 -6.497491134729422413e+00 -3.083810358028901533e+01 6.959178485719963447e+00 -9.349196511414281758e+02
7.176381907710097652e-01 2.847284785863306023e-01 4.591269485879868606e-01 1.187196088124428961e+01 1.190097333505007349e+01 1.193805828802088165e+01 1.173289882262812078e+01
4.168797009172811485e+00 1.590761030075735549e+00 3.341624694977296528e+00 1.011006829457754108e+01 1.044141608827713519e+01 1.126106433471553281e+01 3.300966857210573480e+00
5.299985779792913121e+01 2.830636162571844849e+01 2.995409314479379148e+01 -1.642304529744123798e+01 -4.843904538417900696e+00 8.494093182094152539e+00 -1.392502062191299956e+03
4.637373203752883644e-01 3.313894167487811959e-01 5.364726579137727436e-01 1.193221578575086106e+01 1.193044150107865775e+01 1.195283461460390662e+01 1.188287495790023840e+01
1.216568011051256254e-01 1.558358236753190629e-01 1.343938787132418211e-01 1.198612663894303410e+01 1.198677644155026911e+01 1.198804118507508498e+01 1.198300092042709863e+01
2.873225973720647364e+00 1.958263594023615939e+00 1.221126634527283095e+00 1.076684989647146118e+01 1.131776271386035049e+01 1.161367223117614067e+01 7.862687361023183108e+00
3.553715578235388417e+00 1.688072913177352419e+00 3.582863227648183102e+00 1.048163992596931138e+01 1.020691084651317126e+01 1.117458145065655373e+01 5.675953903558224489e+00
3.341883846262093671e-01 1.307619407624221186e-01 2.384435835343156895e-01 1.196694133364916368e+01 1.197405066168195731e+01 1.198057502917503214e+01 1.193456017084512588e+01
4.095766104171302047e+00 1.786894504446802090e+00 2.426150389308819211e+00 1.020586700337011976e+01 1.076329478642565718e+01 1.139112945567839219e+01 3.602751119015382031e+00
1.262350245867461851e+01 1.974301100041306878e+00 1.166375735153160420e+01 8.620004450766527881e+00 6.111526412304489675e+00 9.943263898479948182e+00 -6.768600605302741258e+01
2.964420152107026585e+00 2.237557243190134049e+00 3.007621365642576539e+00 1.054684820121982192e+01 1.037002625881323148e+01 1.123508944415042521e+01 7.596507689945540598e+00
1.463060019704247594e+00 1.589289282363275158e+00 2.027233078704037794e+00 1.140084682277994510e+01 1.132701269665220778e+01 1.161167485640367403e+01 1.092012879842616790e+01
3.854768676643578118e+01 2.135621039947236710e+01 5.624593611320807440e+01 -1.080469778050049356e+01 -6.141474502224164667e+01 6.687313193219576846e+00 -7.309716764125695363e+02
1.506684122154178738e+02 1.161585505438388140e+02 1.928218798280449278e+02 -4.705258565084379256e+02 -4.802670073098595935e+02 2.668942557538294125e+00 -1.133849481864848531e+04
8.750577361738627324e-01 7.957834790037759953e-02 8.038217652991892503e-01 1.183779316722613473e+01 1.186918018986398060e+01 1.192003569854328937e+01 1.160753808823580080e+01
8.302235052925178993e-02 4.688809148715630121e-02 4.272702742878796422e-02 1.198892164743500999e+01 1.198940587451367890e+01 1.198979850796311908e+01 1.198695475371096286e+01
1.260012883699005037e+01 8.235466606658240707e+00 4.698019936893189197e+00 4.605726237795096267e+00 8.190480564199891234e+00 1.052075978783965127e+01 -6.739122224531946870e+01
1.735777248027341679e+00 2.855587495972432555e-01 1.553523541110388040e+00 1.145663532975758514e+01 1.156721663750672668e+01 1.175594519102897095e+01 1.048393978166997798e+01
1.091169048980759726e+01 9.103306523372152625e+00 2.030674818881435417e+00 2.678764029442333161e+00 1.006793602368050244e+01 1.108441774357109821e+01 -4.754209356362412109e+01
1.535532417695648348e+02 5.871960101048480851e+01 9.993776188683533235e+01 -5.913539166681596271e+01 -3.196937758051126721e+01 3.931917231388267098e+00 -1.177730862786215948e+04
6.182523944252737991e+00 2.572753080187112573e+00 5.771945807873898993e+00 9.523693630944420008e+00 8.834830914419395498e+00 1.075923595081519935e+01 -7.121400051574552137e+00
9.972635137502237068e-01 7.304418846020289680e-01 5.864752392077633436e-01 1.178997199921976069e+01 1.188709056385307328e+01 1.192705597649860394e+01 1.149313385112594332e+01
2.662965775432073912e+01 1.426093576907397464e+00 2.772853081320127444e+01 7.065971768245042028e+00 3.804381550488749042e-01 8.561652552884099876e+00 -3.425789349470726393e+02
5.930762940596284949e+00 2.417751415110713786e+00 4.348147041765042076e+00 9.485333001091582616e+00 8.955620267760918907e+00 1.086983787932760848e+01 -5.596573419720483500e+00
2.819499675601406352e+00 7.417597095267942642e-01 3.271975554254843210e+00 1.082843161535236476e+01 1.062166239525685896e+01 1.131689119038105851e+01 8.015611898696445081e+00
5.141515071018978311e-01 1.086215890022839553e-01 4.355783362429675454e-01 1.192454751871609453e+01 1.192817590602097866e+01 1.195359539723521536e+01 1.185822522292708747e+01
1.808192157049606508e-01 3.615252457792161866e-01 3.067265975679944745e-01 1.197817712253898037e+01 1.197994143786008081e+01 1.198403659144610600e+01 1.197405331467058609e+01
7.270281173010743059e-01 7.758423470628338370e-01 2.060865721606457979e-01 1.187609484919627967e+01 1.193967162271305860e+01 1.195777235760591140e+01 1.172611616738149110e+01
5.157618738847876472e+00 2.523040671317150707e+00 6.984161247661464067e+00 9.056413012653734995e+00 6.381372477792297104e+00 1.019848391354493700e+01 -1.310114418602715602e+00
2.048560962109341688e+02 1.753027262839016132e+01 2.187704992191613940e+02 -9.008921777954947530e+00 -2.544703936284523991e+02 2.266939569024752021e+00 -2.097101967628270359e+04
3.748377481981430037e+02 8.051525170353970395e+01 3.082195030788735721e+02 -1.166764721576954855e+02 -1.473640439733888741e+02 -7.847088363203048367e+00 -7.023967833601817256e+04
3.961967273810666157e+00 1.630411608275907254e+00 4.326156521666184140e+00 1.033673228831884039e+01 9.745460267773070839e+00 1.102367229359263590e+01 4.141808769681302849e+00
2.691827434926033824e+00 2.562503062518544539e+00 1.897976596240747771e+00 1.073562245943084292e+01 1.126659484514109089e+01 1.162439567407716545e+01 8.367433639344428187e+00
4.662247322554114959e+01 4.451829228843784847e+01 6.783115527327304051e+01 -9.459939575905048059e+01 -9.751375568366684377e+01 5.980620581427660731e+00 -1.074837103724096096e+03
8.915982090456672893e+01 2.122741043829340768e+01 7.008192301906774446e+01 -2.627710017189032854e+00 -5.010355007505515879e+00 6.800566168972771663e+00 -3.962746430758151746e+03
2.997676381514593924e+00 4.556029038055402491e-01 3.139785614210596432e+00 1.049401346807661817e+01 1.011629077488522199e+01 1.118303613460149570e+01 7.497369264909448994e+00
8.500784557496547933e+00 4.037028756845545630e+00 1.161857144524154251e+01 7.488191771636756755e+00 1.927931558804129697e+00 9.451317891828546536e+00 -2.414126793743123045e+01
7.587749999127377798e-01 9.177202277876985725e-01 9.244222436893649864e-01 1.183118270978485498e+01 1.186563997690527472e+01 1.192335113350753950e+01 1.170253135880837725e+01
1.018957923396253351e+00 9.221465087645462910e-01 1.163100340892195134e-01 1.176789082753216498e+01 1.186764448016605478e+01 1.191121253928799106e+01 1.147126348422866116e+01
1.730498490843702386e-01 1.605005994252481361e-01 5.724341791659427053e-02 1.198420666275495350e+01 1.198835806416716565e+01 1.198929788812351838e+01 1.197542798392060348e+01
6.568646051503800543e+00 8.290596382846286971e+00 3.273708072772743893e+00 6.954060735395382054e+00 9.729261458056988943e+00 1.078871603775214005e+01 -9.583154365913570061e+00
1.076696733108982507e+00 5.555506404577601615e-02 1.125105970331997662e+00 1.175667691934777714e+01 1.178070845002801370e+01 1.187051153721889740e+01 1.141076318151088564e+01
1.437937377014564078e+01 9.122050151278875418e+00 5.691034709916936940e+00 4.066010025572989406e+00 7.853854478560095664e+00 1.045562789728131570e+01 -9.139279390172157491e+01
3.397798274125259610e+01 1.996322877637583559e+01 4.961060825035721678e+01 -8.828262998500065351e+00 -3.179178045382829509e+01 6.907588302406876046e+00 -5.652612544733750610e+02
2.743012096042745540e+00 1.932810395358870670e+00 8.811135232453487509e-01 1.081682740316901459e+01 1.154338192162892440e+01 1.173540344941659974e+01 8.228343429536256082e+00
1.791994649602309053e+01 1.870780218961892061e+01 2.243779377613300596e+01 -1.864740609580352704e+00 -6.916578776299912690e+00 8.290124207867771489e+00 -1.485718401011104675e+02
1.465262348804875492e+00 3.670093316859248112e-01 1.597236415132774923e+00 1.147490076996245811e+01 1.143512558563191739e+01 1.168692683168785962e+01 1.091690423364207341e+01
7.693279770235913473e-01 9.218055603064516657e-01 1.886986391079149561e-01 1.186108043008153956e+01 1.196111726395227848e+01 1.197401733054869766e+01 1.169446834093905885e+01
4.943047086501672904e-01 6.232166352337215054e-02 4.486700790332466826e-01 1.193083064433730378e+01 1.193677698688151878e+01 1.195912816321067851e+01 1.186823253655780164e+01
2.976111175470711956e+01 2.929611320825592102e+01 5.060128438974302156e+01 -3.141820087513077553e+01 -5.427313903692375874e+01 6.722502497767412599e+00 -4.308714853290284736e+02
6.799645962401127397e-01 1.090394834881052988e-01 6.668531043020673454e-01 1.188382731204474396e+01 1.189472009646885553e+01 1.193318227294655465e+01 1.175922518298467523e+01
1.929434690290823369e+02 1.157331617897445142e+02 9.440183871167899099e+01 -3.650762281307638091e+02 -9.780525862007019100e+01 5.195274440132299887e+00 -1.860160071937917382e+04
5.629392284568085492e-01 1.203194126620921733e-01 6.650671064039161973e-01 1.190423522354442021e+01 1.189698992083716611e+01 1.193652749921064249e+01 1.183195082158689004e+01
1.005278446552159188e+01 8.972548209168031974e+00 1.366314940304319236e+01 3.739304460820854992e+00 -3.906786846386742340e+00 8.936170248990949361e+00 -3.853883664606145487e+01
8.743549133070372958e-01 3.702375304295946190e-01 5.283756262962951977e-01 1.183478151923178245e+01 1.188233693347345010e+01 1.192665881199351929e+01 1.160815285184258627e+01
1.936651810995042799e+00 1.156621966475209318e+00 8.984409024829460577e-01 1.123017097908412865e+01 1.150988590397686551e+01 1.173088355977236219e+01 1.011509099053947480e+01
5.347972740748851948e+02 1.534290445280134634e+02 3.950290592133195560e+02 -3.639635682100538361e+02 -3.548339867722137342e+02 -1.076461155187974761e+01 -1.429920717778549006e+05
2.203150646677617530e+01 1.653101706077074340e+01 7.063191395990930488e+00 -7.370811828031296642e+00 7.370899589265865970e+00 1.030248852494648659e+01 -2.307032374887455717e+02
3.331869799409414554e+02 2.103942693949382772e+02 4.005797174301116570e+02 -1.583495972641023855e+03 -4.609383077469587988e+03 -6.910965969707221213e+00 -5.549479139997360471e+04
5.506169534509844254e+00 7.377869271970595832e+00 4.200820412730129405e+00 7.892530167785519524e+00 9.681666741488056616e+00 1.082574648096891679e+01 -3.168550362327513525e+00
9.757526995910512646e-01 6.719850661075419396e-01 6.656256432272152912e-01 1.177599062739288627e+01 1.182554493676698115e+01 1.189000155456514030e+01 1.151435444367505134e+01
1.310534425807749814e+00 9.480835887370842041e-01 9.511737600218087563e-01 1.164059987868021295e+01 1.176751335948667609e+01 1.185630761926597643e+01 1.113165086844104046e+01
8.172216734477213862e+00 8.877195960645504869e+00 5.200224523567110957e+00 7.253137741166744590e+00 9.085754789933888631e+00 1.077356736916608959e+01 -2.140216206858004711e+01
1.617871068383596764e+02 1.798300954754719072e+01 1.591409941208862620e+02 -8.784857892850427064e+00 -4.337146606648359182e+01 2.405274972021242519e+00 -1.307554356845434995e+04
1.453734922285284199e+02 2.641602718653536286e+01 1.508540818462960260e+02 -1.316849938092598293e+01 -6.590168074166076906e+01 4.354889563399058083e+00 -1.055473572024994974e+04
2.519331722753506586e+00 4.025924104447562435e-01 2.220745238724314063e+00 1.079682362440252064e+01 1.076456952391400712e+01 1.141820697922622685e+01 8.816884944418589498e+00
3.101576048365423333e+01 2.687500678042188795e+01 5.371124715395636073e+00 -4.642625852384344398e+01 7.454440435971547707e+00 9.972375135701826210e+00 -4.689982980806490787e+02
2.182126113979154240e+02 1.698655297594937679e+02 5.432721002603084060e+01 -1.569507963683023945e+03 -4.817802530682700279e+01 4.306219023475279961e+00 -2.379638148543977150e+04
7.246980670081635267e+00 1.425269610083220284e+00 6.009874564145619935e+00 9.412968313492168448e+00 8.399066686008115568e+00 1.066872571752932153e+01 -1.426896330721376849e+01
6.062728966128329011e-01 3.492184293360474090e-01 3.594910603600393606e-01 1.191721441274063231e+01 1.195131125087437418e+01 1.196665867638485814e+01 1.180661769647100634e+01
3.316476489731133626e+01 1.289729315573800150e+01 2.121681651397839019e+01 2.543887502902494546e+00 3.744746352996338068e+00 9.177203740799246390e+00 -5.379604142379123459e+02
1.461792363263826999e+01 1.030142470690762302e+01 1.042818373725111414e+01 5.455939471099103599e+00 5.968131508601715929e+00 9.905317108774534418e+00 -9.485144455576757139e+01
1.981938519453659620e+00 1.346569699143555399e+00 2.988797089135617924e+00 1.104725661622471122e+01 1.075606172285791473e+01 1.135689765197620282e+01 1.002636096160758150e+01
5.017291944321866737e+01 1.474363938857922207e+01 5.581429919561064423e+01 1.244303666163468769e+00 -3.353603112890369431e+01 6.997476694737884806e+00 -1.246670521618800421e+03
9.042427289036634619e+00 1.178393603749326557e+00 9.283824269650649441e+00 9.009501119396334801e+00 6.471983194938256467e+00 1.015343660304434792e+01 -2.889234452970254807e+01
2.067391303336462705e-01 8.008912731130067922e-03 2.028310428682942868e-01 1.198157615897205197e+01 1.198339446218063031e+01 1.198623217316924183e+01 1.196903057504910883e+01
8.129596328081446499e-01 1.925170775362060049e-01 6.385436286624756042e-01 1.186148484576813011e+01 1.190136529686018285e+01 1.193829059001662429e+01 1.165994942676688773e+01
4.083405952482643819e-01 3.676659981372701891e-01 1.553404001191077133e-01 1.195569511354597481e+01 1.197816029131943871e+01 1.198391442193393708e+01 1.190703008819080999e+01
1.011287878347230418e+01 3.246262749153876026e+00 7.313008985919469573e+00 8.140267213266447754e+00 7.283888492351150212e+00 1.037307517748281072e+01 -3.914475753554747683e+01
1.028767103618716838e+01 8.162707909057540512e-01 1.054464549347073188e+01 8.857732523828120819e+00 5.638306222116437283e+00 9.968886813616705922e+00 -4.092768656534751415e+01
2.368298393788262501e+01 1.732073680662337267e+01 7.051872825667737210e+00 -1.174040136213798391e+01 7.241150684891493050e+00 1.025561964312750618e+01 -2.684514629919485174e+02
2.156108656715818750e+00 1.217838073503002327e+00 1.506388780637458957e+00 1.121068172726059586e+01 1.157636161196140456e+01 1.174746155149017035e+01 9.665998839272218035e+00
7.941810337467954284e+00 1.606245645445750325e+00 6.928647295216099344e+00 8.994214713564588237e+00 7.354605656017730198e+00 1.041433104566858425e+01 -1.954577460910176256e+01
1.740085271738924177e+01 1.092262494555946484e+00 1.707245082448879359e+01 7.755260432777861368e+00 3.535818001489614559e+00 9.174566008813853202e+00 -1.394044365370816365e+02
2.332933537888974562e-01 1.031659471310051590e-01 1.827026752750491034e-01 1.197691518860025006e+01 1.197854124450537228e+01 1.198357058311620449e+01 1.196318821459362880e+01
1.259462966412816058e+02 5.251110574025528877e+01 1.371049485589740868e+02 -8.995932196714387885e+01 -9.133472620716908352e+01 3.794304328797602821e+00 -7.919244417717795841e+03
8.745618855192786611e+01 8.105822930589984310e+01 7.844525222256881136e+01 -1.019513966337271711e+02 -1.379319506544221667e+02 4.555811615002497206e+00 -3.812302056906124562e+03
2.947367853534691662e+01 2.903693977506079804e+01 1.957491167456789638e+00 -4.718079477117306908e+01 8.300639791428983116e+00 9.779406549675737637e+00 -4.223584620934300915e+02
4.802296214378422023e-01 2.183693886077388291e-02 4.614877765006664689e-01 1.194141717305756067e+01 1.194891925880554417e+01 1.196613983152964167e+01 1.187509086440149808e+01
2.292396959742365681e+01 6.997652934897810262e+00 1.697383544448050685e+01 6.791031666720815707e+00 5.302556904413648020e+00 9.599189954074391906e+00 -2.507637899427474224e+02
2.575422914134221308e+00 9.941904282960463413e-02 2.561599507054236557e+00 1.099631586968539310e+01 1.100966940192083143e+01 1.148766145939395678e+01 8.673999515730862697e+00
9.321408835267613213e+00 2.355850974171468160e+00 7.205071498809438424e+00 8.849779066874139843e+00 7.731819012215007447e+00 1.047268764164861565e+01 -3.145393022804788785e+01
9.900165370359934514e+01 2.792594169735015086e+01 1.011985197846759092e+02 -2.095754626133802390e+01 -2.541464856544213902e+01 5.215221212795864147e+00 -4.888673316914648240e+03
3.582388416806404852e+00 2.771024238976205645e+00 4.790598147361967207e+00 9.840159245771147312e+00 8.977546691575790661e+00 1.083863990183043313e+01 5.573647724620315103e+00
2.899111143300622917e+00 1.875104421667139754e+00 4.166125707047783067e+00 1.022203269844976603e+01 9.464672454085174991e+00 1.094762218827826850e+01 7.787978398449742379e+00
2.938039438770770317e+01 5.380546290902707085e+01 6.165506083405610838e+01 -1.614272566472456845e+02 -2.588728704719023881e+02 6.223575175313301067e+00 -4.196133860795684996e+02
1.466885087793780684e+01 5.210563354614881071e+00 1.047914896577681709e+01 7.527876397515661289e+00 6.392869054770807580e+00 1.003442845571967545e+01 -9.559719193053372521e+01
1.680768518633697184e+01 5.712612358230911624e+00 1.579112599330534650e+01 7.145934612361997118e+00 2.133614384330407177e+00 9.130177536170315022e+00 -1.292587395524510043e+02
1.568032695009530997e+01 1.023909820181929753e+01 2.040240657361400167e+01 3.328594891974025138e+00 -9.212533247129652381e+00 8.538242008425084961e+00 -1.109459255218879861e+02
2.860253459841956558e-01 1.676392870049634165e-01 3.326196389374999618e-01 1.196905918132014435e+01 1.196884776633307190e+01 1.197828898674892351e+01 1.194949585978197426e+01
1.896745836414000408e+01 2.723374610658767292e+00 1.999478099497206784e+01 7.472531813315532290e+00 1.549887591205525883e+00 8.992420114934258635e+00 -1.678918372886376176e+02
3.740737028355247240e+00 3.504074422635278463e+00 3.494377463790336313e-01 9.729697901794027715e+00 1.152747903741039970e+01 1.173116078262723150e+01 4.993844351400641202e+00
3.860810455264982455e-01 2.212560470073665284e-02 4.051148083448271042e-01 1.195853921292684952e+01 1.196328806322353877e+01 1.197421732504410308e+01 1.191587182219724639e+01
7.693199590811735433e+00 4.233685874770845570e-01 7.314861260692975264e+00 9.457803834296079515e+00 7.447844192646678962e+00 1.045446757802402793e+01 -1.760225886297826747e+01
7.218791845457539580e+01 6.763845029281782217e+01 1.147600331624452785e+01 -2.084219729901148810e+02 2.301022535726222173e+00 7.965065085078799179e+00 -2.593557384293158975e+03
7.160537734190817218e+02 3.135298944215194865e+02 4.303976096570090135e+02 -2.482043464860968470e+03 -1.051180197042232976e+03 -1.151958599532066430e+01 -2.563545128127438074e+05
3.247206722589171335e+01 1.720798510541603221e+01 2.018724420156007682e+01 -2.453592209985959727e-01 1.342282376528777021e+00 9.034023291449667425e+00 -5.152271738523606928e+02
7.913755094873832263e+01 8.833822141174902498e+00 8.661192017181164715e+01 1.987059451156458323e+00 -4.966551840263778672e+01 6.111002501191232561e+00 -3.119385583973021767e+03
4.438601934111251701e+00 1.237357215150532763e+00 3.622446762640764817e+00 1.020037888643768298e+01 1.020195359480563013e+01 1.118553563796675476e+01 2.139807544306590259e+00
8.665356159050024987e-01 5.130816785026061366e-02 8.819577847446508079e-01 1.183952621086726431e+01 1.186539819852523259e+01 1.191696782276396505e+01 1.161495912223873361e+01
3.513322463020821260e+02 3.668058994166822799e+02 8.907820594209111675e+01 -1.211964062268153975e+04 -2.662275852913624021e+02 -1.234511620695287970e+00 -6.170518324472439417e+04
9.854486053602394122e+02 3.505152792798439236e+02 6.605898769411602416e+02 -2.070443283145817077e+03 -1.343187805552249301e+03 -7.860275880288375561e+01 -4.855424865021113656e+05
2.686516471144277940e-01 6.712355214719621654e-02 2.795780311997383416e-01 1.197139653118236602e+01 1.197107584184152174e+01 1.197875135425052484e+01 1.195431425530601643e+01
2.736648208863401988e-01 2.464409952926658876e-01 3.057808691650279811e-02 1.197521517983060058e+01 1.198512837707852086e+01 1.198719406297868950e+01 1.195295489195928873e+01
6.475319441751695715e-01 2.548143972538670088e-01 8.435689928481557853e-01 1.189065488381287672e+01 1.188562028054459141e+01 1.192752803801809591e+01 1.178075229969102722e+01
7.149922262871081236e-01 9.948363989504493965e-01 7.577349027435091866e-01 1.185157308104528617e+01 1.188206848073680888e+01 1.191429197759369352e+01 1.173479416722916646e+01
3.553464451246748812e+00 1.769345612620321972e+00 3.877466093754630361e+00 1.011844909330679165e+01 9.511110575316200411e+00 1.099542317688681692e+01 5.676846305917485402e+00
7.176069378037460922e+01 1.726788574518091579e+01 5.724163667959417978e+01 -1.666762763087504595e+00 -3.711710569308837471e+00 7.065250759551885196e+00 -2.562808184811292449e+03
2.361442185892735690e+00 8.443434918182408655e-01 2.046560405345971390e+00 1.107032193156167388e+01 1.122297561284419487e+01 1.159202292349227115e+01 9.202196510397733675e+00
1.846568401800567187e+02 1.981526402440511276e+02 3.175612605942234836e+02 -1.675252599020664547e+03 -5.019820780797008410e+03 2.442361986779097105e+00 -1.703708391153245248e+04
2.342749092413797314e+02 2.376543177779815323e+02 1.774097773945001677e+02 -1.010573867570360903e+03 -9.535892353497831664e+02 2.947192754029582140e+00 -2.743037614891930207e+04
1.615350914386715786e+01 1.692266009339395438e+01 2.302525369625170182e+00 -7.307063304552209537e+00 9.321922892828958140e+00 1.062257530051578591e+01 -1.184775277214452558e+02
1.793077969633646296e-01 1.764872343406369837e-01 1.944176023658278352e-02 1.198358106770070108e+01 1.198844305188242920e+01 1.198934007045310857e+01 1.197432546602873593e+01
1.157255112436146982e+00 4.230629414799180199e-01 7.830517312884689440e-01 1.169843851588211336e+01 1.174631406337672246e+01 1.185139344389842897e+01 1.132078141142486416e+01
1.948402117867860852e+02 9.338532055725356429e+01 1.800232864139055096e+02 -2.059799554324796134e+02 -2.593067470940272869e+02 3.819615502554489339e+00 -1.896936366345077113e+04
1.068324095143560637e+00 3.125499024915222024e-01 1.069817497915641402e+00 1.172352056645995155e+01 1.173536524299852601e+01 1.184051078721389416e+01 1.141974292292251114e+01
5.746272059966359702e-01 7.444255713645159256e-01 2.015125156514337157e-01 1.191587983553723440e+01 1.196874431487648849e+01 1.197715270591550052e+01 1.182530289611891483e+01
5.390506082165198443e+00 6.049638176792917932e+00 8.540064889708359530e+00 8.670674711596994655e+00 6.406955613099928115e+00 1.008615639693854327e+01 -2.538376801875335431e+00
4.075484764294951545e-01 6.248016189511925722e-01 3.233672611769187744e-01 1.194633381196515565e+01 1.197368957998523342e+01 1.197943976310852854e+01 1.190735322873466373e+01
6.292933906671720479e+01 2.897620368351466169e+01 5.098331470287394751e+01 -1.124447019301747375e+01 -1.272429420071490291e+01 6.855618077217623174e+00 -1.968060456577875584e+03
1.250497676600493158e+00 1.137994615127134068e+00 1.302618940125953029e-01 1.167600713818877090e+01 1.185153147859271527e+01 1.190240988285530221e+01 1.120852888946304837e+01
6.648035682794520840e-01 2.265329152657719058e-01 7.692727148291114148e-01 1.187369761701980586e+01 1.186611455670406023e+01 1.191641184921071250e+01 1.176941921685611803e+01
6.443457607303096779e+01 1.098446780609360616e+02 1.017496140074359943e+02 -5.244704977630027543e+02 -5.267035408310033517e+02 4.982331817336907775e+00 -2.063916895746552655e+03
6.154571648865517774e-01 7.409857772654342423e-01 1.131186365597445231e+00 1.186828632232569092e+01 1.183628481810571031e+01 1.189809228936097085e+01 1.180100734814956809e+01
1.959823967413106232e+02 1.166807622005933709e+01 1.961174870837714082e+02 -5.907119060360508378e-01 -1.085737246012931934e+02 3.618015540589186507e+00 -1.919255951512518368e+04
7.124144734972075177e-02 1.115285102555468588e-01 5.345275551500132394e-02 1.198907307380078713e+01 1.198993540659273194e+01 1.199012624824445261e+01 1.198786343714442282e+01
2.961981669257972793e+00 4.432975715540567130e+00 2.864948549706306746e+00 1.003845910454756130e+01 1.063997335145043088e+01 1.127321439351105781e+01 7.603733404544540164e+00
4.611972390568951141e+00 6.423450215849298983e-01 4.042562542814057025e+00 1.001129903702105395e+01 9.395185040273446475e+00 1.098831102168348117e+01 1.355256443369521335e+00
3.146911590546108428e+01 8.297684056168042943e+00 3.450551803743075396e+01 3.620606569400223851e+00 -1.317845357433658826e+01 7.550157688185731075e+00 -4.831622268266172568e+02
2.344724413486139358e+00 2.169059785837869347e-01 2.525729533510529645e+00 1.100189880415606147e+01 1.091993091486467726e+01 1.144965198047756338e+01 9.241534821455704929e+00
2.198944774429144378e+00 1.205244558789795750e+00 1.887112406449910296e+00 1.112548054915311191e+01 1.130474896563557863e+01 1.163559993007863902e+01 9.572722048560043717e+00
1.941818471038217364e+00 2.840297608581880406e-01 2.023446579846909454e+00 1.127342413148197764e+01 1.122804274663267243e+01 1.159735867680961263e+01 1.010507162182206464e+01
7.717642914074318128e+00 1.410945090185639650e+01 1.267975481968369422e+01 -3.576316028299302729e+00 -4.657725253926319198e+00 9.118929029316065638e+00 -1.779060496552610715e+01
4.216615793064566020e+00 3.071800064217988235e-01 3.952050404530780714e+00 1.013557611981669027e+01 9.645141155076236927e+00 1.102110967616314419e+01 3.100476735893904490e+00
2.493934897608950152e+00 3.413580880716461929e-01 2.527371486794723676e+00 1.081309993118510171e+01 1.066829086235336099e+01 1.136672709331392817e+01 8.880545472298782883e+00
3.820293954612913878e-01 5.940254514573151123e-02 4.315324218758516683e-01 1.195890793962833776e+01 1.196167650775577584e+01 1.197343318930273348e+01 1.191742787955640459e+01
2.176242640631734915e+01 1.765721163324092569e+00 2.295814497639059582e+01 7.116837140031207376e+00 1.125381818334229678e+00 8.689219493316768350e+00 -2.248112004361346408e+02
2.011462237450786006e+00 1.292706995210293197e+00 2.286811405442105372e+00 1.118331423927044810e+01 1.115900444832614724e+01 1.155764258042676396e+01 9.967410942709403088e+00
4.934989662703336499e+00 3.934593830737183939e+00 3.488235979040626322e+00 9.295810728219146668e+00 9.549403602682861703e+00 1.100647168617401661e+01 -1.866603764397307685e-01
8.518769721433905318e-02 8.765592812713647597e-02 1.316881520044315412e-01 1.198816406508584720e+01 1.198780880943564142e+01 1.198877308932886265e+01 1.198677263717632258e+01
1.473530024316883953e+02 4.556259977982015386e+01 1.459477516570001114e+02 -7.694259558309386193e+01 -2.334713204948117209e+02 4.238566669376075069e+00 -1.084446326170752764e+04
2.497755440020617002e+01 1.844671773242936297e+01 1.061375145308635659e+01 -3.369477805247778512e+00 4.658446509818380932e+00 9.751061326028054310e+00 -2.999487107985746093e+02
3.142925973989834532e+01 2.101410895413729563e+01 1.341940825481082555e+01 -8.927417241098272171e+00 4.107650845881034130e+00 9.605250878441239593e+00 -4.819087827899428476e+02
4.279570723794394738e+00 8.578694004416906438e+00 6.674394144354398151e+00 7.162171092535097650e+00 7.750746372195423284e+00 1.029479432212843548e+01 2.833038319075624756e+00
2.448574524383552031e+01 7.883744899560943153e+00 1.728223938951648009e+01 6.076573598463236081e+00 5.179682708254556900e+00 9.552755066686081875e+00 -2.877854589639521805e+02
1.875216526555234742e+00 9.784842177369564853e-01 1.499440409924060802e+00 1.131154225972210803e+01 1.138742025455866091e+01 1.166008759043236687e+01 1.023218259832172450e+01
3.435060564949968254e-01 4.181998703858710170e-02 3.426120797204544322e-01 1.196543994751756479e+01 1.196929060273876466e+01 1.197802812626208890e+01 1.193140290363029266e+01
2.181808235336905266e+00 2.574076776136561495e+00 2.599970233257814289e+00 1.090631076107902331e+01 1.088776559590008475e+01 1.139584646977138149e+01 9.610257521162694161e+00
3.676627541354728379e+01 4.320671712426570821e+01 4.789792855113785208e+01 -4.601336415651905298e+01 -8.932218869821510054e+01 6.618426845199000930e+00 -6.638891027833509497e+02
2.278135857095951451e+02 1.301203357339043407e+02 1.348413147439190993e+02 -2.967381527605737119e+02 -1.664988762101869781e+02 1.145620750475989880e+00 -2.593752451582247159e+04
5.809837413425534436e+01 5.661146289996581515e+01 1.119542371590042329e+01 -2.572695428568970328e+02 3.622422343790007826e+00 7.650132538323345166e+00 -1.675720137412900840e+03
1.280662168112531418e+00 9.000907985849792015e-01 1.080268133401729891e+00 1.159392803082686463e+01 1.165309050264379742e+01 1.181037294464173115e+01 1.117035331463731929e+01
3.527087722087411947e+01 2.749185393025571500e+01 8.866395143719572047e+00 -4.332289569166097465e+01 6.059472500293786368e+00 9.873000351417880793e+00 -6.100269888559338369e+02
9.015390700075249697e+01 3.669150543173869750e+01 6.239148764072758979e+01 -3.102404392138289424e+01 -1.593307404723955045e+01 6.377558932744495479e+00 -4.051873072641110866e+03
1.479507868549073066e+02 3.544813062466700870e+01 1.650028059569734182e+02 -2.477294701073868310e+01 -2.882014476248799042e+02 4.632076475546368144e+00 -1.093272726438405152e+04
3.644053720540119912e+01 1.939399007454393242e+01 1.917455141385605089e+01 -5.664328594007764117e+00 2.564864714224056375e+00 9.382667617151108530e+00 -6.519659748000597119e+02
3.800573743174836538e-01 1.497659275249489386e-01 2.469802989921983383e-01 1.195863300569045684e+01 1.196911348636761829e+01 1.197795212457949710e+01 1.191817930516811508e+01
3.653096802248082327e+02 9.133665964558046824e+01 2.899330636036352757e+02 -1.254467402894447048e+02 -1.622685780431123419e+02 -1.072587118915928528e+01 -6.671359083186677890e+04
1.248577568673620952e+01 1.589464236731447544e+00 1.362693632974233715e+01 8.431742072852038916e+00 4.197162264870028636e+00 9.628073014805183405e+00 -6.595689614069186746e+01
1.505140793411119116e-01 1.594030735918071928e-01 1.102420197945309412e-02 1.198493838312362136e+01 1.198743454856328938e+01 1.198843067982905275e+01 1.197907386501471372e+01
5.813870975551447273e+00 3.962639209028159915e+00 2.758668021760843025e+00 8.736019583469337491e+00 9.693029348675983314e+00 1.103601862936258549e+01 -4.910146751125106235e+00
1.175076253119667413e+01 1.260221207024174639e+01 7.888464139197400193e+00 4.959881965427180184e+00 6.519269597741371491e+00 1.010554174905329816e+01 -5.704980892323316510e+01
3.036223760769101165e-01 8.548576354700600233e-02 3.021965067875187483e-01 1.196704549892137592e+01 1.196753445491428636e+01 1.197733755494332186e+01 1.194430783542737018e+01
4.274763496853310474e-01 5.039056779743166237e-01 2.135796111299068933e-01 1.194778133725800373e+01 1.197493208447326118e+01 1.198268088372883255e+01 1.189903309428451728e+01
3.593216949326969711e+01 1.157125871669465056e+01 2.549563437570586188e+01 3.794536267904923488e+00 3.256540040454544371e+00 9.123244632438472834e+00 -6.335700011374760834e+02
2.883545084435369610e+00 3.116970117449644473e+00 2.726380213955565068e+00 1.057845574048443993e+01 1.068959874313847713e+01 1.131495953780333963e+01 7.832984982068973423e+00
5.354102213488027928e+01 1.317590061918042110e+01 5.169260967128107609e+01 1.690162897319165580e+00 -1.213390278054111526e+01 7.333282450784392559e+00 -1.421330124514815452e+03
2.447350732358454195e+01 6.079276456360815040e+00 2.954131740079600021e+01 5.285646881702436239e+00 -7.410102037916487916e+00 8.195109221016782186e+00 -2.874858792497184368e+02
4.856538450782177940e-01 2.254561556349505835e-01 4.160533119195916618e-01 1.193865640703131881e+01 1.195093495286991292e+01 1.196659581242587933e+01 1.187247128043503608e+01
3.298129577959854952e+00 1.017403165143454968e+00 2.409968401065310850e+00 1.045286670884815017e+01 1.071755275115905803e+01 1.138756303233083678e+01 6.551571752547838301e+00
6.528482219500960859e+00 3.336738409780113934e-01 6.438749102639125255e+00 9.487437897064683767e+00 7.635121373771366571e+00 1.048109830008647059e+01 -9.320138936115432315e+00
1.659160076886415425e+01 2.398267369226032564e+00 1.821480142543630620e+01 7.787222751011337429e+00 2.242987026009112039e+00 9.192172600543305094e+00 -1.256502069276321265e+02
3.697261876313353923e+01 2.542333267732741220e+01 3.498824049404904457e+01 -9.835690398903089715e+00 -2.744237939877526955e+01 7.298429155604124752e+00 -6.714968679929523887e+02
2.634331099835102385e+00 4.426889308487951813e-01 2.518601795230300144e+00 1.094181096911842666e+01 1.087358435201180740e+01 1.144641981211572102e+01 8.520550937275453762e+00
7.560038160356043591e+01 2.620364950084155353e+01 7.349437395302170728e+01 -1.408532300357733291e+01 -1.617950346770006220e+01 6.016015403431000941e+00 -2.845718448192924370e+03
6.034009852850581979e+01 5.769947826333421403e+01 3.141788839726604277e+00 -2.159705136810713100e+02 5.110838659782890758e+00 6.942188216275321011e+00 -1.808473344105840624e+03
6.013886381178603635e-01 4.653966435525948575e-01 1.981180049813922872e-01 1.191617457495634191e+01 1.195246070983940889e+01 1.196710183771731728e+01 1.180956696202603773e+01
5.779856985940227260e-02 6.259625650945001285e-02 1.612545488214173553e-02 1.198959711552340224e+01 1.198991355720763963e+01 1.199007854453355471e+01 1.198873077171576895e+01
3.466401058869492999e+02 6.235139857732715285e+01 3.212310994247589520e+02 -7.131611492583597567e+01 -3.678658174143478732e+02 -8.032598985933947944e+00 -6.006769110354865552e+04
2.603864411864626760e+01 3.269439261434709643e+00 2.381335236672580891e+01 6.816397361986374470e+00 3.449338025459768087e+00 8.757493406489368581e+00 -3.270150926597012813e+02
2.528074383178612905e+01 3.493204223494961180e+00 2.417464297219268943e+01 6.958692467546388372e+00 3.129552974938737631e+00 8.728613693234589022e+00 -3.075676032351415188e+02
6.882821798503662158e-01 9.997909403488305369e-01 1.314210139516665876e+00 1.182627020273916507e+01 1.178724527798659061e+01 1.186774064707387666e+01 1.175353492950487855e+01
2.011439156003096418e-01 1.974839267291778055e-01 8.099336938662273291e-03 1.198195074694907269e+01 1.198816225048992479e+01 1.198916741879662062e+01 1.197017167166315232e+01
5.546683628771300612e+00 1.245675752476475884e+00 4.437704255961627986e+00 9.798260431778647472e+00 9.491059105834942500e+00 1.096484960075792792e+01 -3.392448529785118794e+00
8.551414313072038453e+01 8.721617275855038542e+01 4.471291104994117660e+01 -1.695983210511448078e+02 -7.469733224646276426e+01 6.084844535227391660e+00 -3.644343936581611615e+03
1.755540975385218019e+02 1.214851387308445396e+02 1.945963430917058758e+02 -4.100496479624813446e+02 -9.952312569437382308e+02 6.660682909437882770e-01 -1.539763018017336071e+04
5.365138614601953293e+00 6.382050539333059547e+00 2.557842992520434677e+00 7.696421390483799030e+00 1.013706851097522765e+01 1.088728098184598103e+01 -2.401955067891819340e+00
6.035776743280957390e+01 6.918053736268061016e+01 6.891933147438130902e+01 -2.091154731362484824e+02 -1.805105626966399939e+02 5.411673547848868893e+00 -1.809539643627509349e+03
1.415740692634564812e+00 1.800904690011520426e+00 1.500439795422715994e+00 1.146106128092947252e+01 1.159210027161901735e+01 1.178575362760716594e+01 1.098824025466396570e+01
2.247667149245243579e+00 3.248211314784014703e-01 2.394497181514498862e+00 1.117352165829867161e+01 1.117529949810083778e+01 1.156086876024019006e+01 9.464397302156545067e+00
7.326905849005231453e+00 3.513205247022421318e+00 4.248693704721463682e+00 8.543320668234256843e+00 8.915641813968607110e+00 1.084139529342272112e+01 -1.485137355103887380e+01
5.725822111438109152e-01 1.138000049075371112e-01 6.542871542561365938e-01 1.191615924878571242e+01 1.191885646178151248e+01 1.194869332291454533e+01 1.182647591479549654e+01
4.101673935462122889e-01 1.629475128449134891e-01 2.601199315698236036e-01 1.195779682009705169e+01 1.197294652837092421e+01 1.198012510705045841e+01 1.190628246369041676e+01
3.592226330399744816e-01 1.130756496739140776e-01 2.964944785822470341e-01 1.196114146080882534e+01 1.196527892439940466e+01 1.197576606542650168e+01 1.192588065901057881e+01
2.647641877606711205e+02 1.630479392622411581e+02 3.906633635702571041e+02 -1.554216339229470123e+03 -4.798636034452884815e+03 1.904788625986241435e+00 -3.503804715917490830e+04
3.491003877093407759e+00 8.956395556933991475e-01 3.829630789594777429e+00 1.042161240492657370e+01 9.998179453277332485e+00 1.110714982256910766e+01 5.896847074114061726e+00
3.834824514201982026e+01 1.938727579217806962e+01 2.440233867552122149e+01 -8.472284793226387833e-01 1.421265748453947708e+00 8.729952045087669532e+00 -7.233035516271687584e+02
7.509621443716863354e+00 3.187959085978435692e-01 7.361386947891531030e+00 9.485271269720279008e+00 7.347569667081490508e+00 1.044175413546181908e+01 -1.620680600491140666e+01
1.629051497538371507e+01 7.323670704138236509e+00 2.242120851130049175e+01 5.337817052369736359e+00 -2.872420313083111409e+00 8.530013366773513184e+00 -1.207000379725458856e+02
2.085102531014502460e+02 3.367644457380590097e+02 3.296234528785619204e+02 -4.845249684990724745e+03 -4.846568326602594425e+03 -8.957486967039636205e-01 -2.172627242310636575e+04
3.435154711941484607e+01 3.563240624159342218e+01 2.045536409738455674e+01 -1.774774968018507337e+01 -5.426155409791591389e+00 8.434381808411142600e+00 -5.780239936396345684e+02
1.817338870816655216e+01 5.607332620482524455e+00 2.273872422107716673e+01 5.760935109567480339e+00 -4.746239755153131235e+00 8.571182473516834932e+00 -1.531456274600031406e+02
2.779694536531975402e+00 8.938464021704227713e-01 1.954226140993785998e+00 1.087121070260656452e+01 1.105132276811182379e+01 1.151768512612403406e+01 8.127050250841808321e+00
1.692541554680228799e+01 3.579102259450986168e+01 2.961053395479646611e+01 -4.793265024146421638e+01 -4.515260301350544125e+01 7.537560856719706770e+00 -1.312444446069136461e+02
2.513544695059918510e+00 4.170321410198888357e-01 2.150285631378317408e+00 1.102223707743226910e+01 1.107666572161213026e+01 1.153059881737586423e+01 8.831447642022734357e+00
1.066250761480706188e+00 7.759347982331439297e-01 3.802401215946710211e-01 1.172853023615557255e+01 1.182080574916506954e+01 1.189136546990841481e+01 1.142195576587557149e+01
2.016857989539000684e+01 5.651037856726792263e+00 2.396667866611942088e+01 5.596705575383465359e+00 -1.450597287480284603e+00 8.517512302223618548e+00 -1.913954063893102955e+02
6.518768770050084038e-01 3.301388760816819506e-02 6.314422279111683300e-01 1.188608866258255325e+01 1.189237641750689356e+01 1.193345186305564098e+01 1.177792937766776227e+01
5.426141017478700590e+00 2.770145126928657664e+00 7.490727982808540020e+00 9.127469427930115842e+00 6.625798718731347847e+00 1.027585236697584925e+01 -2.731102061727730401e+00
1.630625554412537781e+01 1.446442101063041363e+01 1.108425583797185610e+01 -3.129549768894346329e-02 3.350133079266618630e+00 9.280557951167514474e+00 -1.209565838261051454e+02
1.401345493143819709e+01 2.313622694912367805e+01 1.140421911262384036e+01 -2.123819346973142430e+01 8.729537260998121440e-01 8.833448558747461377e+00 -8.619805844867009625e+01
3.204997547757727716e+01 1.884806932619168052e+01 2.910855092239109254e+01 -6.820844008235155798e+00 -1.376938989819187498e+01 7.887247389276818232e+00 -5.016100629475976120e+02
6.988787775389370127e-01 6.605727448255160894e-01 4.268724635883545254e-02 1.188849580747675638e+01 1.194660927664784644e+01 1.196248352285499372e+01 1.174618533620750505e+01
2.038167511904316243e+01 2.006232150602717823e+01 4.660260355366386165e+00 -2.108353361758117472e+01 9.002678427907387260e+00 1.055067516215873802e+01 -1.957159392200568959e+02
1.103832012007719854e+00 1.813581442269107946e-01 1.072524503417933595e+00 1.168982099887132442e+01 1.169250886402324774e+01 1.182670926916102694e+01 1.138117855368815867e+01
3.243222510661376390e+01 3.182624991113799595e+01 3.940935199014071344e+01 -2.869130568471400267e+01 -6.287409856476340053e+01 7.007299682861766854e+00 -5.139342115739794963e+02
5.399688232425342571e-01 2.705107612565734176e-01 3.382969612099175349e-01 1.193258892360980283e+01 1.195796143756255070e+01 1.197082076852556476e+01 1.184461794401770085e+01
9.746817953577200377e-01 1.425296220944278769e+00 1.607897377246038317e+00 1.168110903733449391e+01 1.166416422538084774e+01 1.181079969072000679e+01 1.151539880795379034e+01
4.465020934746151227e+01 2.276050279098620166e+01 2.327207161596125573e+01 -1.378649571406696595e+01 1.822046563025939925e+00 9.216972238982258148e+00 -9.848301962770151476e+02
1.412073208839593974e+00 3.711318025330274939e-02 1.437217665631253860e+00 1.151625913733597706e+01 1.149274407605344983e+01 1.172345217064725098e+01 1.099342573549339086e+01
1.087108428292851592e+01 1.124910760948975863e+01 7.400807669350721874e-01 -1.420037140897623118e-01 1.043882714973650749e+01 1.106899867760848544e+01 -4.709983563421302932e+01
1.813653976407878288e+00 1.725308825963090431e+00 3.945720362190253683e-01 1.132871970727859789e+01 1.178518944273202784e+01 1.186237587559191020e+01 1.034573073598460979e+01
6.092117210928599036e+01 9.577575954479121023e+00 5.272163592598892734e+01 3.183429773553419384e+00 -5.266424147900412578e-01 7.275834579349298892e+00 -1.843704204475568076e+03
4.686473292987780148e+00 4.553357904258875877e+00 5.176342580179500441e-01 9.067286500270533622e+00 1.112744476388023429e+01 1.144892036231822630e+01 1.008885146110801045e+00
4.037713285262774510e-01 1.513073948960806658e-01 2.711396184376482221e-01 1.195589553486053447e+01 1.196859471527861984e+01 1.197770726237668626e+01 1.190888546618472610e+01
7.606504859391701245e+01 2.611405776145408097e+01 6.195788095435049314e+01 -6.246169293370635422e+00 -8.572226821657286777e+00 6.501511785211214978e+00 -2.880955407688423747e+03
3.396222326130690305e+01 2.785564989608601394e+01 4.041788985086681407e+01 -1.703292974931854786e+01 -1.935401956779554311e+01 7.276824526071229648e+00 -5.647259033163730919e+02
5.319469922026422992e+00 2.846277603630785191e-01 5.504543545465576670e+00 9.602086732234077715e+00 7.992972365662508238e+00 1.060918591032423741e+01 -2.157979016617233015e+00
8.156122260547959968e+00 1.860412434289752115e+00 6.870028887119580929e+00 9.058977545646001772e+00 7.651629407058054611e+00 1.049083775132171859e+01 -2.127076405544831772e+01
1.502079709996250401e+01 5.727498096759985557e+00 9.808541843116312720e+00 7.174179518345826345e+00 6.828555529253231171e+00 1.019375783818925463e+01 -1.008217716500663386e+02
1.832416794491877665e+00 2.460408786501326883e+00 8.032739744744670229e-01 1.124897872292480372e+01 1.168534324832450899e+01 1.178040171330729535e+01 1.031152545468671988e+01
4.244919423033001493e+01 2.088088095006277101e+01 4.377140416975281312e+01 -5.280121698746627956e+00 -7.725475326777230478e+00 7.181664232793232294e+00 -8.889766442930867925e+02
7.287605372075095289e+00 2.627073183216768193e+00 5.872191313519201650e+00 9.109175537729038652e+00 7.925578762241309860e+00 1.054930122084662614e+01 -1.456419492049422892e+01
2.227326706979244619e+01 9.920838302014789889e+00 1.316785597654157058e+01 2.866703032201349366e+00 5.653051975114328442e+00 9.921095106333261526e+00 -2.360588118720956174e+02
2.375516456977127266e-01 2.502537119253716025e-01 1.370432899468834453e-01 1.197749862491648720e+01 1.198498329983338273e+01 1.198764213051602212e+01 1.196218571686781829e+01
4.724880716018769533e+01 4.338267398350956761e+00 4.590140221316976010e+01 5.596322289776611392e+00 -4.501712634718254336e+00 7.475333511221978533e+00 -1.104234487921247364e+03
1.511826370019245580e+01 1.420160433491695740e+00 1.402026944034034805e+01 8.408796857299327243e+00 5.479283890310775007e+00 9.742372618270573881e+00 -1.022905475452237880e+02
1.673503487541733747e+01 6.513326985004030512e+00 1.533908190149834816e+01 6.865283568533559588e+00 2.024383854808581518e+00 9.177091082876115635e+00 -1.280402950316626516e+02
4.124307915395062452e+01 2.671213703003264683e+01 1.788489638974192175e+01 -1.928439799068720006e+01 2.587549433715536029e+00 9.075900993048984233e+00 -8.385053879404637200e+02
3.152020373113780582e+00 5.337953068300747894e+00 6.027501390428130712e+00 8.546880321811066494e+00 8.009059166906322247e+00 1.043337124752781797e+01 7.022784892792496514e+00
1.115710582881676949e+01 4.264289900472403083e+00 7.745918278914568411e+00 7.830918531597638399e+00 7.088044010053775601e+00 1.030954680925965761e+01 -5.025010412865390919e+01
1.157801327268429681e+01 6.205641035250796911e+00 1.279128625007187381e+01 7.270778723560987089e+00 4.886939302609664360e+00 9.582173007700438561e+00 -5.503479456217220189e+01
3.026476381907006741e-01 2.357327813413750695e-01 1.446870051622496933e-01 1.196873051845834190e+01 1.197537389301294297e+01 1.198051612479054562e+01 1.194460331260346031e+01
2.918742492145890566e+01 1.246154417811274939e+01 1.882701692434034513e+01 2.387809467498513971e+00 3.962533241061835465e+00 9.330035828466677117e+00 -4.139624856638455412e+02
1.483454924535215191e+01 9.499360001500987138e-01 1.549095737912485049e+01 7.910979546356514902e+00 3.908616253709937816e+00 9.296113614683553905e+00 -9.804152454733439015e+01
1.160496700714845417e+02 2.045578015931901916e+01 9.878158825876948868e+01 -6.845747101811256563e+00 -1.008377011305146809e+01 5.924712545756618098e+00 -6.721772560741152120e+03
4.150616406617548826e+00 8.691143785380428533e-01 4.660121476934699913e+00 9.932055044591713511e+00 8.732588917601137979e+00 1.078711325910222563e+01 3.376592831613278278e+00
4.800484526193938173e+00 3.026993744981675949e+00 3.325894992916123005e+00 9.330029541731251541e+00 1.036990585293147227e+01 1.122782433692821158e+01 4.680752659409428418e-01
2.295362181205103269e+00 2.059813029966737347e-02 2.284168379281124928e+00 1.113507362973861525e+01 1.118725286081597048e+01 1.156555827856216467e+01 9.356057337601338730e+00
5.476602896263489839e+00 1.177065719720159276e+00 4.416516692317717485e+00 9.866534210792401893e+00 9.523745805782915852e+00 1.097366155247338071e+01 -3.006188532626159926e+00
1.538570040764872582e+00 7.362126264658609420e-01 9.425432845840533425e-01 1.151581873233955200e+01 1.161916628513223237e+01 1.177820632460299244e+01 1.080680222388505385e+01
5.672801492202463047e-02 5.891849551614929126e-02 6.190492666239096574e-03 1.198962015769863143e+01 1.198992223102171195e+01 1.199007592708782965e+01 1.198879207521616763e+01
2.541970481918785083e+02 2.545440642172595176e+02 2.894582700025648023e+02 -1.758059434630429678e+03 -3.057147293695273675e+03 -5.882190138577616523e+00 -3.229607925362305104e+04
6.084594331340934525e-01 5.163268143664728749e-01 1.505068779542891866e-01 1.191689746904971692e+01 1.196677479218327456e+01 1.197717163853987543e+01 1.180528966816973302e+01
1.394019087944185498e-01 1.004015903075203275e-01 5.023033431108481911e-02 1.198651792591709864e+01 1.198874865706468817e+01 1.198939347982838832e+01 1.198068466296690104e+01
4.761016685153744987e+00 9.837098212390430474e-01 4.337088994805472275e+00 9.831286087080014724e+00 8.955827693705440851e+00 1.087177853902932867e+01 6.567611708984877339e-01
5.890493483752618609e+00 3.594157843908607930e+00 2.576021978606093388e+00 9.020794816363455482e+00 1.045884910088389397e+01 1.126997976673966839e+01 -5.358555632011364978e+00
1.145694961846477566e+00 1.289077528613196133e+00 1.759000172331476597e-01 1.171464827029446631e+01 1.190312320066400886e+01 1.193521200713753139e+01 1.133409263625446428e+01
2.093174680454461267e+01 2.084656373442450139e+00 1.943131648595785421e+01 7.461827109631074428e+00 3.518948641345206685e+00 9.033413489375014649e+00 -2.070786110357271070e+02
1.857554395184128015e+00 2.874052130758131263e+00 3.458674086886277532e+00 1.083623708974470645e+01 1.056076579888527434e+01 1.124506063386467503e+01 1.026514694352072787e+01
4.905780050763647870e-01 1.446861849311267267e-01 5.729988352143934316e-01 1.193703181628545984e+01 1.193957605151556756e+01 1.196069507652862640e+01 1.187006771952231077e+01
5.893655454982969388e+00 2.518928283731351581e+00 4.839654060418271619e+00 9.456197127833245730e+00 8.580483025532849695e+00 1.076716861403568615e+01 -5.377186201970593160e+00
2.280664357278773835e+01 1.471433385459975796e+01 3.431249683630226599e+01 -4.965491720129304731e+00 -2.405017276936294479e+01 7.764005677161957664e+00 -2.480810944190354519e+02
6.332846772676450087e+01 1.715200040604029752e+01 4.987073279139242032e+01 5.101519622235901608e-01 -3.153850209899030421e+00 7.271839061783030189e+00 -1.993257011200872057e+03
8.350987881415629088e-01 3.830114366843844209e-01 4.829491474677438112e-01 1.185573577085096275e+01 1.192238369675464682e+01 1.195110000316293331e+01 1.164170611607691086e+01
3.596026184608046350e+01 2.320480092971873987e+01 1.750031120554177022e+01 -9.718796010418554232e+00 1.105671648517803973e+00 9.195496045383404038e+00 -6.345798149102804473e+02
1.140922049229313018e+02 1.027625123166748722e+02 3.837458231892355798e+01 -3.170326541670299321e+02 -3.477374970859168712e+01 6.887795101377574447e+00 -6.496525210979019903e+03
4.400943532063216423e+00 3.517843481350368062e+00 1.485936266438663944e+00 9.407630898847198608e+00 1.058582303620211640e+01 1.126428479653153225e+01 2.306249122850134725e+00
2.661138487183462686e+00 2.521958576194841761e+00 3.189768269449318350e+00 1.060979954516160362e+01 1.035320846479525514e+01 1.119602215673816836e+01 8.449572085070119698e+00
1.652821576119660918e+01 1.489937755705356359e+01 1.661857473047691158e+01 2.771065768277551911e+00 8.664469402919126040e-01 8.961222630582311055e+00 -1.246005570152793211e+02
1.122455263718445506e+00 1.215976165183666330e-01 1.164807935553975549e+00 1.167551100973045131e+01 1.166519344750291687e+01 1.181176493674978012e+01 1.136044819953004215e+01
7.187243393124934698e+01 2.101270801272628930e+01 7.105588270592376432e+01 -8.244090093377497652e+00 -1.049538540627829519e+01 6.171668659358455322e+00 -2.570832978491846461e+03
7.843209746119333303e+00 1.072509416304736973e+01 3.574520806036640241e+00 1.655825241999714592e+00 1.022587528416811864e+01 1.091815995280442841e+01 -1.876756845175598443e+01
