# Injected 220 mode. Syntax=[snr, nofilter, evidence220, evidence220_221]
5.103502369131058458e+01
-1.739051844985760226e+03
-4.465040447089896247e+02
-4.449810632824757590e+02
3.933725239324618883e+01
-1.142852114925575961e+03
-3.766733932865841439e+02
-3.735565937200934172e+02
4.367607564139058951e+01
-1.318986317661664089e+03
-3.727938898107730097e+02
-3.729147985413054585e+02
4.209785466609800153e+01
-1.273046808345306772e+03
-3.990182662051446982e+02
-3.986833024288235379e+02
3.328680595063853076e+01
-9.560800785814068377e+02
-4.112284746009001424e+02
-4.094228643245121475e+02
2.893687220308204644e+01
-8.415159165614805943e+02
-4.278546928618936249e+02
-4.289978979739918827e+02
2.921171281181075940e+01
-8.065402255688394462e+02
-3.880503376093657266e+02
-3.865463616018306539e+02
4.221760103137382458e+01
-1.314408772887135910e+03
-4.410205996926877674e+02
-4.398397446000087143e+02
4.484594759847453815e+01
-1.360127033898157833e+03
-3.662365272731304344e+02
-3.634786953203462758e+02
3.803273202185145863e+01
-1.074747833942535635e+03
-3.568849812901684686e+02
-3.560891568096080277e+02
4.389128534837539064e+01
-1.366283798059690753e+03
-4.248911252838704513e+02
-4.235162472370161026e+02
2.393195633506305242e+01
-7.243465131153513994e+02
-4.452237539199990124e+02
-4.441290278572878378e+02
3.481774449135201621e+01
-9.902789038906507812e+02
-3.987039459477535956e+02
-3.958217459577309114e+02
3.845993591525547828e+01
-1.109874495881793337e+03
-3.763500683526153807e+02
-3.744877874905288309e+02
4.030676610906586177e+01
-1.192903705712367582e+03
-3.960284319328019933e+02
-3.945571663818728325e+02
5.108586102769729820e+01
-1.709206320130315817e+03
-4.143915715514075373e+02
-4.118181856209407670e+02
2.979601321707412609e+01
-8.312667643749946365e+02
-3.961117498009598421e+02
-3.952647885162887178e+02
4.631495269165317552e+01
-1.474806016318541651e+03
-4.290246158592570964e+02
-4.271376807836533658e+02
4.459630879620781485e+01
-1.403260566553972239e+03
-4.223715891964976095e+02
-4.191044937516905406e+02
3.910185349975972713e+01
-1.163574285967365995e+03
-4.037471256061745635e+02
-4.014124865560253852e+02
2.590493364854999925e+01
-7.222192383991680344e+02
-3.926357378565498948e+02
-3.913523372847641895e+02
3.316302189677490020e+01
-1.001287802587139595e+03
-4.617575097294354691e+02
-4.605418616411631660e+02
4.674271602650314605e+01
-1.486463596178713033e+03
-4.044674622790645913e+02
-4.047113381163405279e+02
4.507016770611543421e+01
-1.372718201887836585e+03
-3.624593856021089664e+02
-3.602892559318318035e+02
3.353418102732106121e+01
-9.408903563617661803e+02
-3.886489705016219887e+02
-3.875899187375711108e+02
4.478744898668007579e+01
-1.410381676783644252e+03
-4.206690646992851157e+02
-4.189039517501547607e+02
3.227659482040357375e+01
-9.292560977228841921e+02
-4.285359002097634402e+02
-4.269651097109020270e+02
2.405711313817939256e+01
-6.797417826021372775e+02
-3.911547633395106232e+02
-3.907196864524539137e+02
3.914412774281745300e+01
-1.159419881178162314e+03
-4.024196592680087861e+02
-4.015087169173348798e+02
4.291848049724879388e+01
-1.300113810967259042e+03
-3.839212959119723791e+02
-3.823843903655216536e+02
4.552264494295102537e+01
-1.413739755871630450e+03
-3.898621927588798712e+02
-3.862844563116971131e+02
4.315405211077806769e+01
-1.329087540900140539e+03
-4.036457693042154347e+02
-4.024878309245635819e+02
2.383368694406889077e+01
-6.800625885280491048e+02
-4.031716411974592802e+02
-4.014697385955594200e+02
2.763480503129283505e+01
-7.913484755061481337e+02
-4.143700165418355823e+02
-4.131325535181900932e+02
2.424783064211219852e+01
-6.675454620242670671e+02
-3.769882524673817557e+02
-3.753232669841734719e+02
3.890213641720343674e+01
-1.139982618886165255e+03
-3.889447193036901353e+02
-3.883135155391295257e+02
4.373324818191336050e+01
-1.368639520482290436e+03
-4.244757255491609271e+02
-4.228514052773037406e+02
2.705748644647285062e+01
-7.682246256358314440e+02
-4.070678596822504005e+02
-4.057957581009884507e+02
4.832730110240944299e+01
-1.549587798925916104e+03
-3.880884613196721489e+02
-3.860235214668375647e+02
4.690855855253109041e+01
-1.491086532295268626e+03
-4.026939514190692080e+02
-4.031469427810209822e+02
3.222722756884117956e+01
-9.089624108546005345e+02
-3.963177921446429082e+02
-3.934257343401092157e+02
4.715396118266725978e+01
-1.508260460743135809e+03
-4.136278280915511800e+02
-4.119393202047449449e+02
3.014485907714469093e+01
-8.058327826704656900e+02
-3.566055005727753269e+02
-3.564238924442799998e+02
4.274614093915835866e+01
-1.319696665765782200e+03
-4.133223817979130672e+02
-4.107532072027510708e+02
3.596566284608400821e+01
-1.009045869046171674e+03
-3.714665813193877284e+02
-3.691965670219357207e+02
3.927925353315033163e+01
-1.171754715916076975e+03
-4.064510724264709438e+02
-4.056197142241090319e+02
4.299493768034636076e+01
-1.304453725853726382e+03
-3.914260817913453252e+02
-3.880457690384880038e+02
3.387232352422729775e+01
-9.905126321571851804e+02
-4.253702039335735208e+02
-4.201809937962044614e+02
4.500231385123127836e+01
-1.396201333460972364e+03
-3.888305635643075675e+02
-3.888497734555277248e+02
5.088023086269831197e+01
-1.702868404627901327e+03
-4.191801357589869781e+02
-4.165150268445442521e+02
7.141362507535056636e+01
-2.968071600711115934e+03
-4.293242067346101862e+02
-4.259294755418188743e+02
1.637395027474119047e+01
-5.111261738929899821e+02
-3.837119299213223940e+02
-3.836308066348371995e+02
6.648220873373398376e+01
-2.594905309192389723e+03
-4.007020342185242612e+02
-3.998969760967044067e+02
6.111506303162106946e+01
-2.229405428485034008e+03
-3.697962650827612947e+02
-3.682299383119408276e+02
2.521101695172761836e+01
-7.134580633801499516e+02
-4.033206384413494447e+02
-4.018825727382595119e+02
4.939550788072627086e+01
-1.617253164863086340e+03
-4.030255326824067197e+02
-4.013400681161119223e+02
5.332177752857923991e+01
-1.809516099097285860e+03
-3.960724709352678019e+02
-3.945374687473596964e+02
5.889584410057435093e+01
-2.141301805431687171e+03
-4.226258245713568726e+02
-4.212003070541155125e+02
3.432119986001183065e+01
-1.008729760796782784e+03
-4.267637241568948525e+02
-4.263494399600300540e+02
1.357257884889983046e+01
-5.321918084389116075e+02
-4.398885461570855000e+02
-4.391891011710958423e+02
5.857652485298361711e+01
-2.082126298833280998e+03
-4.126456150076994049e+02
-4.101971452056024532e+02
2.489707500434636600e+01
-7.395384379979583400e+02
-4.348187987658778866e+02
-4.330838701069957892e+02
5.840927228468926558e+01
-2.077114764791197103e+03
-3.856894097829942893e+02
-3.844278407810699036e+02
4.392461704969284852e+01
-1.326668907127799457e+03
-3.754555828125934340e+02
-3.737791150861463052e+02
1.565956309800919755e+01
-4.928981783180061598e+02
-3.739427275315785550e+02
-3.721597606488595034e+02
6.871364431351385349e+01
-2.744579143130889861e+03
-3.996336470262045282e+02
-3.987720789168952251e+02
2.545514301791199685e+01
-7.046723389196948801e+02
-3.855134260100513757e+02
-3.839962448942521860e+02
7.572480368072871215e+01
-3.250429991636920022e+03
-3.990530575740905306e+02
-3.984532439090091316e+02
5.738663867774688043e+01
-2.029430753321067868e+03
-3.950822977748912876e+02
-3.943043327926185384e+02
5.502086230563482872e+01
-1.914330375126387253e+03
-4.362813923065681365e+02
-4.334378345660471155e+02
6.777330296137097321e+01
-2.715147390132460259e+03
-4.264580694524128717e+02
-4.238468049726072309e+02
4.528584231189896059e+01
-1.400553624163275799e+03
-3.816173565711990250e+02
-3.829660388717871911e+02
7.113902135061158560e+01
-2.947298829622770882e+03
-4.272114192408415647e+02
-4.263680760707774198e+02
3.268284745023009918e+01
-9.094837694772789973e+02
-3.806154906693844282e+02
-3.791002948718540324e+02
4.547447660463209473e+01
-1.429675954390042534e+03
-3.999247882431050698e+02
-3.984616309976055959e+02
5.105430618203364901e+01
-1.691071808082992675e+03
-3.978559898108630932e+02
-3.984989780079181401e+02
6.211876873399817356e+01
-2.322593768054001430e+03
-4.239661040242014565e+02
-4.233516554347277179e+02
3.108198493724281519e+01
-8.708058352888839408e+02
-3.958751764987781030e+02
-3.935825520788917515e+02
3.690494033372521443e+01
-1.097182392463044152e+03
-4.214777364658019678e+02
-4.197896577052278531e+02
3.230417695176571868e+01
-9.098082426048991920e+02
-3.952528911911671798e+02
-3.937210743705352911e+02
4.898532908260938257e+01
-1.554690579293558585e+03
-3.675520084685724100e+02
-3.635168773682633514e+02
4.847545145752844320e+01
-1.574698006388715385e+03
-4.115790951503961992e+02
-4.093801710265303200e+02
7.100725171847125239e+01
-2.932385552042032486e+03
-4.269242223220542769e+02
-4.248946516927315429e+02
3.074873709001543887e+01
-8.515123225490943923e+02
-3.853301976136027633e+02
-3.852163834353725065e+02
2.873244123336429467e+01
-7.887822565236865557e+02
-3.820893471909303116e+02
-3.802377619300351625e+02
2.901995498236658833e+01
-8.323851653812942004e+02
-4.163361534106030035e+02
-4.143323945540393538e+02
6.028837289323508486e+01
-2.168164876642891159e+03
-3.665897491205185474e+02
-3.667890206781867732e+02
5.852244113314741725e+01
-2.117433616950339456e+03
-4.125193216159472627e+02
-4.107109963338596117e+02
4.316492407556443567e+01
-1.299906597114033957e+03
-3.740075933901343319e+02
-3.740247439883145262e+02
6.386067019470804951e+01
-2.425734613837383222e+03
-3.978758592518420301e+02
-3.957276476212822445e+02
4.334437919407656636e+01
-1.324579658343691335e+03
-3.934913530145640834e+02
-3.914689126756808264e+02
6.238212942037999653e+01
-2.320199027311673944e+03
-3.859216571466841970e+02
-3.851994500472796972e+02
6.718989902158917005e+01
-2.638896565957933944e+03
-3.878693267445237325e+02
-3.864963637788783331e+02
3.329966186683300577e+01
-9.338532415182894511e+02
-3.849005307716042807e+02
-3.817808447906410265e+02
4.103511678527098638e+01
-1.247813800416063941e+03
-4.157785777379165211e+02
-4.134707977373449808e+02
1.283764837535912129e+01
-4.812385715780639543e+02
-4.010837837101395280e+02
-4.007963869720414891e+02
9.578457254686226108e+00
-4.529402136413969515e+02
-4.094467553097352379e+02
-4.080679223046924449e+02
6.658212256084502201e+01
-2.623323519460840998e+03
-4.130672360175363451e+02
-4.111891801681348966e+02
4.586609819006214650e+01
-1.445366635485009738e+03
-4.030536584809726719e+02
-3.996161726085405803e+02
4.332207941070761592e+01
-1.340438350526730119e+03
-4.093929471897791359e+02
-4.083489101241056005e+02
7.349687446145644287e+01
-3.070982860016358245e+03
-3.895555083769121438e+02
-3.878547453453981007e+02
6.876530846600371660e+01
-2.748266891095554911e+03
-4.012032352203983123e+02
-4.008693274207987542e+02
4.919264827859110056e+01
-1.638719301935942212e+03
-4.348618182095586917e+02
-4.332482910632248831e+02
4.556194379098430147e+01
-1.439357895734231988e+03
-4.083764401737589083e+02
-4.080268827630046644e+02
3.645058029612877704e+01
-1.038644660311897724e+03
-3.846816899844183695e+02
-3.843924676332731565e+02
6.187292536747003879e+01
-2.281661260083744310e+03
-3.751773671315438605e+02
-3.734547744663926210e+02
3.034177934101761664e+01
-8.690690068159668726e+02
-4.150041400917064607e+02
-4.140097473430842570e+02
4.932560944916522772e+01
-1.575520590693232180e+03
-3.657928785296869592e+02
-3.643845282877717864e+02
5.024721535208780665e+01
-1.686443920209654380e+03
-4.435100119803705638e+02
-4.415685754712246762e+02
4.660718784685698068e+01
-1.474626631039419408e+03
-3.981310334717027786e+02
-3.965821958583788955e+02
3.693990737825660631e+01
-1.095481325886611558e+03
-4.222008913910233332e+02
-4.171545795973223676e+02
1.041354147161405486e+01
-4.415461202996672796e+02
-3.907039581452260109e+02
-3.906519941338275430e+02
6.357882832988949673e+01
-2.382059798062096434e+03
-3.708199973296751182e+02
-3.695279559219352450e+02
3.336121116638938133e+01
-9.545658380477466380e+02
-4.023566222871471041e+02
-4.008512297881939048e+02
7.044777565461974689e+01
-2.853433513750792827e+03
-3.785351818266629493e+02
-3.780004654681904981e+02
5.127812654987967989e+01
-1.731963749735409010e+03
-4.246518284696057890e+02
-4.248704970993208008e+02
2.599408800617809590e+01
-7.256928068962668021e+02
-3.927218249393017118e+02
-3.908467047796787028e+02
3.602385113647613224e+01
-1.063273890222044201e+03
-4.222147437437609483e+02
-4.175229930827771909e+02
2.182651328699874682e+01
-6.298886825591075649e+02
-3.961741088372726267e+02
-3.936033097562638545e+02
5.143302982843447069e+01
-1.685636565754994081e+03
-3.716048521556872402e+02
-3.693796299447824367e+02
4.413908263452022851e+01
-1.366089484625635578e+03
-3.981731291385690952e+02
-3.974210657099541777e+02
5.857614280996931200e+01
-2.113689861570135690e+03
-4.114272908043427606e+02
-4.099649774586646913e+02
6.851936790616909434e+01
-2.770086694265058213e+03
-4.423712193980830421e+02
-4.409957185868206579e+02
7.847261689222236214e+01
-3.458071693964986025e+03
-3.982647609846576415e+02
-3.977689375773234701e+02
5.478025289782011953e+01
-1.880861852897798826e+03
-3.842921916873093551e+02
-3.821827109315913162e+02
5.817558873588361479e+01
-2.055964807595244110e+03
-3.715549938883157779e+02
-3.690903376797651845e+02
4.713842031511116204e+01
-1.464614566843992634e+03
-3.914655044786802023e+02
-3.899376811518180261e+02
6.742649264576441226e+01
-2.663538309236330861e+03
-4.040202756048078072e+02
-4.054089802831005045e+02
6.786912908387601817e+01
-2.698300773060400388e+03
-4.250929348453393004e+02
-4.236579571533051762e+02
5.350821085805982591e+01
-1.855549561201348979e+03
-4.330030923527437494e+02
-4.318118123470129603e+02
2.562126424820328197e+01
-7.534074788699762166e+02
-4.299518346010988807e+02
-4.298803889490067149e+02
7.720928633317666367e+01
-3.376528900941428674e+03
-4.077485491276242442e+02
-4.051199491184753469e+02
5.234633217334194910e+01
-1.755230862314814203e+03
-4.172521102986540882e+02
-4.163913593708870735e+02
4.363106627268618354e+01
-1.334281885588499790e+03
-3.879840074747779113e+02
-3.862145620006011200e+02
5.934040676627495259e+01
-2.125892137888073648e+03
-3.723439669585800402e+02
-3.706906639242296819e+02
2.941848647030148101e+01
-8.190933097153806557e+02
-3.935767362705296932e+02
-3.935144558353111393e+02
5.061334244357024659e+01
-1.671419983162551034e+03
-3.966387781698168737e+02
-3.946827620798617318e+02
2.132556099793882609e+01
-6.041394899030293573e+02
-3.828973084925005992e+02
-3.828144030778091746e+02
6.499388419564691333e+01
-2.507697849898655477e+03
-4.033696516385002155e+02
-4.038203295615978732e+02
7.953966727002639914e+01
-3.552063795346706684e+03
-4.067356089663906005e+02
-4.062440210307254915e+02
5.836062233424448209e+01
-2.067936632973204269e+03
-3.812656854568691642e+02
-3.799709739357886633e+02
6.541308128364589436e+01
-2.525264095315431405e+03
-4.180166871632536072e+02
-4.164876795147931716e+02
5.003341639239701522e+01
-1.645292586024923821e+03
-4.050653485047675417e+02
-4.067749911566455694e+02
5.908126349007012124e+01
-2.158088628770186460e+03
-4.196711924072191664e+02
-4.199805983405819347e+02
5.316711506262872433e+01
-1.824082804076776711e+03
-4.253404880880549968e+02
-4.235049577005838728e+02
5.238603889603944452e+01
-1.754202106400970933e+03
-3.971698212407293340e+02
-3.939986091814084830e+02
6.883673945808865824e+01
-2.738676716291257435e+03
-3.756991827932857291e+02
-3.729266055650305702e+02
5.276353523095678355e+01
-1.774694112417153519e+03
-3.891908536439842692e+02
-3.864386001968085793e+02
1.996627883010046034e+01
-5.436230512519354079e+02
-3.500417643826875747e+02
-3.497454707161496117e+02
2.684908801836355963e+01
-7.387542494279118728e+02
-3.873890422388034835e+02
-3.891094813682753397e+02
5.319388133243803196e+01
-1.778149692576786720e+03
-3.715141782210124006e+02
-3.691325638355839374e+02
8.391634777155771019e+01
-3.919526003735479662e+03
-4.091497829009817337e+02
-4.068439390914745672e+02
3.544422576478103792e+01
-1.013522193137958880e+03
-3.900958662339750163e+02
-3.880081348521097198e+02
6.389681771634108998e+01
-2.465254259650474978e+03
-4.277590267410984666e+02
-4.265653574706031463e+02
6.126914074019437351e+01
-2.275254880249479356e+03
-4.077723654836643732e+02
-4.040910333194550503e+02
2.577972517240642247e+01
-7.021517278494513903e+02
-3.738029111319176536e+02
-3.719336574164134959e+02
3.953773965499401299e+01
-1.146127028820250871e+03
-3.697776599220310914e+02
-3.724007602465172795e+02
4.743917976036951245e+01
-1.517684708398155635e+03
-4.055975869024796907e+02
-4.033288038251986336e+02
3.996619133997286610e+01
-1.192314592423075283e+03
-4.010777756739392430e+02
-4.005455642680545907e+02
3.279539203189914787e+01
-9.405973212240058956e+02
-4.080990748044151246e+02
-4.048788064092489662e+02
7.467301023292257867e+01
-3.188451075827739260e+03
-4.083806961849276149e+02
-4.056467790077590507e+02
7.331788811617425949e+01
-3.084127761328539691e+03
-4.017211528215635212e+02
-3.982216644087279747e+02
5.755608245235283960e+01
-2.070851014233483511e+03
-4.243626669607312465e+02
-4.254189521425170710e+02
3.067982412862942354e+01
-8.560154107834837305e+02
-3.981417426519660125e+02
-3.949087911935819193e+02
4.979165128302292942e+01
-1.619905137552962060e+03
-3.886613799706358918e+02
-3.859036750622447016e+02
5.599399195741807489e+01
-1.949510516127626261e+03
-4.162329262970912396e+02
-4.139660682695777609e+02
8.154143773713597909e+01
-3.707756987166914314e+03
-3.927271925553612277e+02
-3.904168004006973547e+02
5.222367379800424203e+01
-1.764530663049980831e+03
-4.285543726784588898e+02
-4.262603567292453022e+02
6.975545539122039429e+01
-2.812379698950231614e+03
-3.979688602467389842e+02
-3.962279224803286866e+02
4.777323899204353808e+01
-1.530246592567928019e+03
-3.966487499436599933e+02
-3.961416274147596255e+02
3.482218805141699391e+01
-9.977911599913305736e+02
-3.981880294685823287e+02
-3.977827648632245428e+02
6.587161193169528417e+01
-2.569626416113299001e+03
-4.093289909647385798e+02
-4.048783117322854537e+02
6.662690565820429356e+01
-2.606333799288781393e+03
-3.931393843484216859e+02
-3.908354987747228506e+02
1.843424872088308319e+01
-5.596383524186442173e+02
-3.934283538295944709e+02
-3.936185416763465241e+02
5.035014207509089346e+01
-1.655685427069201296e+03
-3.988695984128586929e+02
-3.959660168981473021e+02
1.561538577163087105e+01
-5.223929473898934930e+02
-4.044009562744365667e+02
-4.008134153130166624e+02
7.596847694404043239e+01
-3.279966984571032754e+03
-4.051906506099113585e+02
-4.033826231515610630e+02
5.797262891426505149e+01
-2.070666424208005083e+03
-4.105971945430782171e+02
-4.117618674793287710e+02
7.753803548312900773e+01
-3.439864069086083873e+03
-4.804236578941030302e+02
-4.821337045954313112e+02
6.715721222074448349e+01
-2.626137583362064561e+03
-3.783487705394666136e+02
-3.771173734727693727e+02
6.456800374739660242e+01
-2.506203704712463605e+03
-4.318791654358575443e+02
-4.296399082909748586e+02
6.252044379113143435e+01
-2.371456646410896155e+03
-4.352032329227691889e+02
-4.337446829651530038e+02
5.015368977896788039e+01
-1.631036801079088946e+03
-3.795632836029931241e+02
-3.762222110953868537e+02
6.051079421294994631e+01
-2.200501871972483059e+03
-3.764300954945072135e+02
-3.757473059540013196e+02
3.091651637488176263e+01
-9.202310890323266221e+02
-4.486023183391329781e+02
-4.477345945105824967e+02
2.346723909434033217e+01
-6.949467312893287954e+02
-4.218017069921709208e+02
-4.200427974714912693e+02
6.239376578450529820e+01
-2.343654739815915946e+03
-4.028383376416783790e+02
-4.001823710941077366e+02
2.974009707351998344e+01
-8.008983804190208957e+02
-3.602040135498791642e+02
-3.587050149697953998e+02
6.480280412075921959e+01
-2.478766578453955844e+03
-4.001707951240439911e+02
-3.989931810135443584e+02
1.892059841090198802e+01
-5.498420358523012510e+02
-3.753174542264995353e+02
-3.745655721683415322e+02
5.732571895490092828e+01
-2.037445174985333779e+03
-4.050925159559326403e+02
-4.031942563503639576e+02
5.266574865878030920e+01
-1.776601084682788951e+03
-3.978724607183494300e+02
-3.983553347419525608e+02
7.050077415140093251e+01
-2.892818968098285950e+03
-4.250698274898181808e+02
-4.234118357110567104e+02
4.311861011093065343e+01
-1.318141342222495268e+03
-3.926849498023854608e+02
-3.914148629240431774e+02
4.486886570715615363e+01
-1.378992270267769300e+03
-3.796144132933073365e+02
-3.774244560397175974e+02
3.702515124778248179e+01
-1.060770064745240006e+03
-3.803364178253621048e+02
-3.803320512562487465e+02
3.797099600549937293e+01
-1.116264858334584460e+03
-3.997992311111432855e+02
-3.968115530830311855e+02
6.833455145915267792e+01
-2.750334028162125833e+03
-4.241631965267559394e+02
-4.217721277723591129e+02
7.042496333220012161e+01
-2.833798552097237462e+03
-3.618021616348609655e+02
-3.618063324171637305e+02
7.587594852926768851e+01
-3.268451550094864615e+03
-3.971479295389879098e+02
-3.970941320888519499e+02
