# SNRtot, SNR220, evidence220_221 - evidence221, evidence220_221 - nofilter
5.164721121030488860e+00
3.299601820725003520e+00
1.105920968775828683e+00
1.249749865526288950e+01
1.175410952260965480e+01
7.509385361365954026e+00
2.854807388517543565e+00
6.752915142999594877e+01
8.070945727753925212e+02
5.156310785074088017e+02
9.136048568965477443e+02
3.256262109196207603e+05
3.008520661177821154e+01
1.922063170243435692e+01
4.942386609483746085e+00
4.500129107973725695e+02
9.077052244623043862e+02
5.799085257714411910e+02
1.154850285704589396e+03
4.118720728796404437e+05
2.114909431150206487e+01
1.351158919554469051e+01
3.995555789190498253e+00
2.215152795528805996e+02
4.083250835515472410e+00
2.608679457344160735e+00
7.504089590865170578e-01
7.674402812425681120e+00
1.558255658651447106e+02
9.955277522158748127e+01
3.756463498518976252e+01
1.213305266630431652e+04
1.970967799039567296e+02
1.259198470914475365e+02
5.778342078123860404e+01
1.941383664389486148e+04
3.546349792524899840e+02
2.265667779174909526e+02
1.790370611457889538e+02
6.286323699792483967e+04
7.700452808716369191e+01
4.919612794693914282e+01
1.234459313317631235e+01
2.960433581457982200e+03
8.660374485187399785e+01
5.532881011353256895e+01
1.450611434050747484e+01
3.745306113437015938e+03
1.020857780870557349e+03
6.521986596228244935e+02
1.460022189082399791e+03
5.209606637910231366e+05
2.378549434818059538e+01
1.519591447803898454e+01
4.270404506533964195e+00
2.806166210142885120e+02
4.592259991839762634e+00
2.933871757105396050e+00
9.134321805959633167e-01
9.796100389422873533e+00
7.176356727365605366e+02
4.584781863122750565e+02
7.229000266434233026e+02
2.574399092285358056e+05
2.675054227166805987e+01
1.709020408199036112e+01
4.581963968271187682e+00
3.553979904645908618e+02
1.045127619390476958e+01
6.677040086034199184e+00
2.621567926169751317e+00
5.316984251737228107e+01
5.808544007834384182e+00
3.710922997559173986e+00
1.327995487702363420e+00
1.593427452645355480e+01
9.739957907252914993e+01
6.222597908276658529e+01
1.722617523360325720e+01
4.738103262016930785e+03
6.846929490253373274e+01
4.374319635656917171e+01
1.061964336917338159e+01
2.339943587460546041e+03
3.988430034136108020e+02
2.548100990173880405e+02
2.255406244189142342e+02
7.951451345447539643e+04
1.752504415364831516e+02
1.119628073666955146e+02
4.647760929233724170e+01
1.534770070992442925e+04
1.385537563518081186e+02
8.851827930556214596e+01
3.054407524403123375e+01
9.591593978606475503e+03
4.813208012900319943e+01
3.075029522547624694e+01
7.217840706265834072e+00
1.155064558862542526e+03
6.088011264926685584e+01
3.889467133578413893e+01
9.236702822870153540e+00
1.849412247234791039e+03
1.095411984750978434e+02
6.998293411449776613e+01
2.066234698525524394e+01
5.993900206554041688e+03
2.492988902869006154e+02
1.592703754992394636e+02
9.025620910526346563e+01
3.106238251522203427e+04
2.803759470069542203e+02
1.791246736371811892e+02
1.132213242268917526e+02
3.929084143274142843e+04
6.380924567651336474e+02
4.076601587566511284e+02
5.721528500486309667e+02
2.035315739934255835e+05
3.805343053307709766e+01
2.431131628007837975e+01
5.871237680550885685e+00
7.211497281715973031e+02
1.148115688527952898e+03
7.335003241208713689e+02
1.846051785500724918e+03
6.589419995301571907e+05
1.672056534982976217e+01
1.068232080280099616e+01
3.516383790130288567e+00
1.379055029792461369e+02
1.321935121665593726e+01
8.445488985972213314e+00
3.077272206119413767e+00
8.571747085702908464e+01
6.532624453538145026e+00
4.173518576489251508e+00
1.575772367480766434e+00
2.030341310838225155e+01
9.292849779149362277e+00
5.936952515431697108e+00
2.373196940869977567e+00
4.183797015483445847e+01
5.044786535739430633e+02
3.222978830495606530e+02
3.588144114002195693e+02
1.272158649231124000e+05
3.153270019356231160e+02
2.014539653407157402e+02
1.422779729501244219e+02
4.969871668505651178e+04
2.216664352336146919e+02
1.416167409915293547e+02
7.211156066140931387e+01
2.455698070483229822e+04
1.231963657093984352e+02
7.870685426676587326e+01
2.501654199730836581e+01
7.582359495382767818e+03
5.413212041198138280e+01
3.458356005782559350e+01
8.121995742442411625e+00
1.461624511294719923e+03
4.279708830751860660e+01
2.734191202041932556e+01
6.479268738175217202e+00
9.127222867942884932e+02
8.262824119814208501e+00
5.278896744114923045e+00
2.110425778490320425e+00
3.289973718986831130e+01
4.485619035868793958e+02
2.865741710150313111e+02
2.843753776451710564e+02
1.005760310912156419e+05
1.486724674916125188e+01
9.498285249700431976e+00
3.295480089476924945e+00
1.087487249960637143e+02
7.346967190642888390e+00
4.693780312811012045e+00
1.840627293320155289e+00
2.585381641403069608e+01
1.291237289801437328e+03
8.249368770499534094e+02
2.334354735238785452e+03
8.334684742520947475e+05
1.880491461095166272e+01
1.201395564926341564e+01
3.747152507713613190e+00
1.748102490892548246e+02
5.673658638344097653e+02
3.624748352243470890e+02
4.529962310234160441e+02
1.609114608262269758e+05
3.383556294602728087e+01
2.161663379022698805e+01
5.366240546532987210e+00
5.697150725936243134e+02
