# SNRtot, SNR210, evidence220_210 - evidence220, evidence220_200 - nofilter
9.951881548783853759e+01
5.047280229463799373e+01
4.329415974874175177e+00
4.947525390258816515e+03
9.166233421523199354e+01
4.648824295216619618e+01
4.126740828165533337e+00
4.196744009548405302e+03
5.154551849263408769e+01
2.614226014749211302e+01
3.054828950360763073e+00
1.325309164967895413e+03
3.416799414101080856e+01
1.732892824969700385e+01
2.471052960898239448e+00
5.810595060887659429e+02
2.898617517677158162e+01
1.470087321481152998e+01
2.266892106771729587e+00
4.175997217561889556e+02
9.166233421523200420e+00
4.648824295216619440e+00
1.264028230208230852e+00
4.050130620173990081e+01
1.173096582688742906e+01
5.949575625505707954e+00
1.435970909668972340e+00
6.709739175080623852e+01
7.162226570064255782e+00
3.632455268767065704e+00
1.102649071403201120e+00
2.434267791294798400e+01
1.382809457257032193e+01
7.013173137678564650e+00
1.559078134473599775e+00
9.376232618606384506e+01
2.459021585847278288e+02
1.247138138977186230e+02
9.750584837438337260e+00
3.022425385266296871e+04
1.921407510435204244e+02
9.744772476063110389e+01
7.276048326290680102e+00
1.845147922950734937e+04
2.459021585847278502e+01
1.247138138977186372e+01
2.081197676489133563e+00
2.999959680379367910e+02
2.669787078604433361e+01
1.354031744918102831e+01
2.171719164839709393e+00
3.539678852238502031e+02
3.147061269836106945e+01
1.596090151424290404e+01
2.366709587372750612e+00
4.926183845243916153e+02
5.596354258280477012e+01
2.838294252843729737e+01
3.184430871768651805e+00
1.562679240531477035e+03
8.442608036076971700e+01
4.281824338113336381e+01
3.941395455238406065e+00
3.559835617994015593e+03
1.080486845648822509e+02
5.479888267867770679e+01
4.553200137675275982e+00
5.832537337658482102e+03
2.086093498982408221e+02
1.058000783330627286e+02
7.965403174072509529e+00
2.175074910200061640e+04
2.264894907957858550e+01
1.148683214798301577e+01
1.995218328329371182e+00
2.542189685757494146e+02
1.501331603758487354e+01
7.614280057870466578e+00
1.623977965516457900e+00
1.107857403279275417e+02
2.264894907957851160e+02
1.148683214798304135e+02
8.782048548191843551e+00
2.563985843138890777e+04
1.273644003957896054e+01
6.459520412335872486e+00
1.496507415671928243e+00
7.933053417993340872e+01
7.776109026796669710e+00
3.943797076031523741e+00
1.155488495681613159e+00
2.886013148262221861e+01
8.442608036076999056e+00
4.281824338113326078e+00
1.209248782736558780e+00
3.419751915936291198e+01
1.630012416110533380e+01
8.266908525072421909e+00
1.691527821767742523e+00
1.308640083680637360e+02
5.154551849263409480e+00
2.614226014749211568e+00
8.978621563413309303e-01
1.225128737842995186e+01
2.898617517677149635e+02
1.470087321481156550e+02
1.225839749359682251e+01
4.199830604698576644e+04
1.630012416110528477e+02
8.266908525072445002e+01
6.195838478447812214e+00
1.327820165572379665e+04
2.086093498982415184e+01
1.058000783330624550e+01
1.913570302865848838e+00
2.153940709688285722e+02
1.080486845648825955e+01
5.479888267867758067e+00
1.377200386487720252e+00
5.672952848794200520e+01
1.382809457257032477e+02
7.013173137678566604e+01
5.403498031214581943e+00
9.555145328937376689e+03
6.076024046329010275e+00
3.081567630447801243e+00
9.993070405712440873e-01
1.728921405961943236e+01
4.372827454953461768e+01
2.217760074017396121e+01
2.809239114728304010e+00
9.531346704907409730e+02
4.027615980723461320e+01
2.042679709533136290e+01
2.692502901402703763e+00
8.082362952925049058e+02
1.173096582688743297e+02
5.949575625505707421e+01
4.802749035421968848e+00
6.875776929936585475e+03
7.776109026796670776e+01
3.943797076031523119e+01
3.770301671480474681e+00
3.019530140602389110e+03
6.596806868854555717e+01
3.345692241567088132e+01
3.461254744823106577e+00
2.172346518999487216e+03
6.596806868854577566e+00
3.345692241567079783e+00
1.050633625893045320e+00
2.052087461378985367e+01
9.951881548783850562e+00
5.047280229463799728e+00
1.319955541994698223e+00
4.794413690866804245e+01
1.501331603758482913e+02
7.614280057870486473e+01
5.770579888570429361e+00
1.126392443306836685e+04
1.769722604934853791e+02
8.975474508752029124e+01
6.692402777181415630e+00
1.565259319896278430e+04
1.921407510435210497e+01
9.744772476063086941e+00
1.835966417858360344e+00
1.824669495785138906e+02
1.769722604934858623e+01
8.975474508752006031e+00
1.762071340578351908e+00
1.545431838488033520e+02
5.596354258280459071e+00
2.838294252843725829e+00
9.484686870353975507e-01
1.455807484602046920e+01
2.669787078604431372e+02
1.354031744918102049e+02
1.089883522157163931e+01
3.562823137746046996e+04
6.076024046328992512e+01
3.081567630447809947e+01
3.319543409297804004e+00
1.842495619192233562e+03
7.162226570064230202e+01
3.632455268767072454e+01
3.610942859515559711e+00
2.561176730402200064e+03
1.273644003957891755e+02
6.459520412335886874e+01
5.083812435326388268e+00
8.105531434856601663e+03
3.709657116656469356e+01
1.881421008801905970e+01
2.579723358311775350e+00
6.853226354092572592e+02
4.747627391070213321e+01
2.407846772526942303e+01
2.929935839359166572e+00
1.123948005761991681e+03
