# SNRtot, SNR200, evidence220_200 - evidence220, evidence220_200 - nofilter
5.017608689463729377e+01
2.614612342861090966e+01
5.171583004540420525e+00
1.254507279246965027e+03
3.326023858465607219e+01
1.733148910407376775e+01
3.510450443301247780e+00
5.497959455498634043e+02
2.204722486692113534e+02
1.148852966233350799e+02
5.822008194803008507e+01
2.429294292187366227e+04
2.821608719719644753e+01
1.470304569743549550e+01
3.102407543865652428e+00
3.950737482494063215e+02
2.030671370397349165e+02
1.058157133792562377e+02
4.977986704848382971e+01
2.060780937887453547e+04
9.687485701172475672e+01
5.048026112272055599e+01
1.312552354512419583e+01
4.686052536106765729e+03
8.922710220105732049e+01
4.649511294543506068e+01
1.147225019947135394e+01
3.974706956123629880e+03
8.922710220105734891e+00
4.649511294543506423e+00
1.526668024406852453e+00
3.836636332897553814e+01
6.971944666537321922e+00
3.632992069937893920e+00
1.301491728086764610e+00
2.311276616830751252e+01
1.141930429455348772e+01
5.950454848765273752e+00
1.773546487126528959e+00
6.349132443619801336e+01
1.346071773358336365e+01
7.014209538479923012e+00
1.954568093360746772e+00
8.869466246325154657e+01
2.393691718997709117e+01
1.247322439997746280e+01
2.773107320628435346e+00
2.837779199054062929e+02
8.218309696430664246e+01
4.282457102496631762e+01
1.006886326414968913e+01
3.371270847592413702e+03
1.051781094481282679e+02
5.480698081126413967e+01
1.507191422782637069e+01
5.524597450401086462e+03
1.870360664184267705e+02
9.746212550306935896e+01
4.261272065672174136e+01
1.748157798789699518e+04
2.393691718997706062e+02
1.247322439997754202e+02
6.816108278792628994e+01
2.863689269156347655e+04
2.598857715736789942e+01
1.354231842585442180e+01
2.929693314069526267e+00
3.348521694828498312e+02
3.063451961601836260e+01
1.596326020278445412e+01
3.294607561947733743e+00
4.660787473607269931e+02
5.447673546959887858e+01
2.838713693570553076e+01
5.687910643422883439e+00
1.479320565886100439e+03
2.204722486692117300e+01
1.148852966233343942e+01
2.629936710794741117e+00
2.404631738253302444e+02
1.461445091848590039e+01
7.615405289744656692e+00
2.051389918699134896e+00
1.047892908139723573e+02
7.569517848316502651e+00
3.944379887031586485e+00
1.374571483366425539e+00
2.737613839722309450e+01
1.239806564843406811e+01
6.460474994805220028e+00
1.862134138484980994e+00
7.505270395057763722e+01
8.218309696430676325e+00
4.282457102496604939e+00
1.449553629146139500e+00
3.241439077381662059e+01
5.017608689463730620e+00
2.614612342861091676e+00
1.024610093370904806e+00
1.170080394307172611e+01
1.586707186615789134e+01
8.268130201830135917e+00
2.153255385208928452e+00
1.237752276218662928e+02
2.030671370397352149e+01
1.058157133792555804e+01
2.497986690821849542e+00
2.037306906591207678e+02
1.051781094481282963e+01
5.480698081126416987e+00
1.688353342004280222e+00
5.369488250624402781e+01
5.914599744807595982e+00
3.082023021908852023e+00
1.160236020363138110e+00
1.645682602734843769e+01
1.141930429455348985e+02
5.950454848765274107e+01
1.736258702941074361e+01
6.513080184481153992e+03
7.569517848316492348e+01
3.944379887031610821e+01
8.878774610009561030e+00
2.859379878425184415e+03
6.421546709751052617e+01
3.346186665140002248e+01
7.018170958045339525e+00
2.056807631914740341e+03
2.598857715736788805e+02
1.354231842585441541e+02
7.987156331521980235e+01
3.375743428175526788e+04
1.722705635744151209e+02
8.976800896792173035e+01
3.652564214600209880e+01
1.482948737024703769e+04
1.461445091848588049e+02
7.615405289744705897e+01
2.696228111809900341e+01
1.067100687044456936e+04
4.256652697874300628e+01
2.218087812727501529e+01
4.357529263103959494e+00
9.020657322288450359e+02
3.920612602934404123e+01
2.042981575014896833e+01
4.034840938187841175e+00
7.648690565824368832e+02
6.421546709751045690e+00
3.346186665140023386e+00
1.230106353110215878e+00
1.950637645929604247e+01
9.687485701172487751e+00
5.048026112272022026e+00
1.606171115346352707e+00
4.539561542464096533e+01
1.870360664184267918e+01
9.746212550306935896e+00
2.375477553455806579e+00
1.725818536952340310e+02
5.447673546959888036e+00
2.838713693570554142e+00
1.091753211296021320e+00
1.387904743021191045e+01
1.722705635744151209e+01
8.976800896792170192e+00
2.260961366095924241e+00
1.461695602580728064e+02
3.611101086533133042e+01
1.881699043609103583e+01
3.755079235050468256e+00
6.484991765739441689e+02
1.346071773358336543e+02
7.014209538479923367e+01
2.322981976089658573e+01
9.051865320437385890e+03
4.621495165515514003e+01
2.408202602088777411e+01
4.732635759630369421e+00
1.063814598815971294e+03
1.586707186615787180e+02
8.268130201830187787e+01
3.135504729886624276e+01
1.257963083315277800e+04
2.821608719719644682e+02
1.470304569743549621e+02
9.366858245264836569e+01
3.979339788192255219e+04
5.914599744807605219e+01
3.082023021908833016e+01
6.297400712917494481e+00
1.744356531328154688e+03
6.971944666537348212e+01
3.632992069937902357e+01
7.870823572600944118e+00
2.425151364989507329e+03
1.239806564843406420e+02
6.460474994805217364e+01
2.005805687812424765e+01
7.678304343682439139e+03
