# Injected 220+221 mode, syntax=[snr_tot, snr_220, snr_221, nofilter, evidence220, evidence220_221]
6.499193999669245159e+01
4.946793439358322786e+01
1.552400560310921485e+01
-2.528042026765383071e+03
-4.318297696518441739e+02
-4.196851861111165931e+02
7.081350630886353770e+01
7.411372663876957745e+01
-3.300220329906005112e+00
-2.920824820916941007e+03
-4.206701742335465610e+02
-4.196395654063938423e+02
9.131023492120114327e+01
6.340760864364635552e+01
2.790262627755481617e+01
-4.586726563145000000e+03
-4.985847269987351638e+02
-4.618566375182583670e+02
3.022137009582275269e+01
3.778472687441438183e+01
-7.563356778591703744e+00
-8.648206867066036239e+02
-4.488023141679849459e+02
-4.155550548793271446e+02
7.608746414524347301e+01
6.619393894675815204e+01
9.893525198485445316e+00
-3.323291257874644998e+03
-4.421861241914311904e+02
-4.374858109010021963e+02
2.085415984641756637e+01
2.392342031246693090e-01
2.061492564329284960e+01
-5.918683448228565567e+02
-3.983711081775830394e+02
-3.838035461884182951e+02
6.159785268214741905e+01
3.504709728755827314e+01
2.655075539458934486e+01
-2.296801398305887687e+03
-4.709400169609289151e+02
-4.048229612807647300e+02
6.102327030902410598e+01
2.329736489818047573e+01
3.772590541084370841e+01
-2.280666151296519729e+03
-4.957953293844850009e+02
-4.354376720556368241e+02
3.691227410210859716e+01
1.535085017297580956e+00
3.537718908481098623e+01
-1.067410852026111115e+03
-4.396332882348571047e+02
-3.927724155975467966e+02
6.743917300285644956e+01
5.932845861978903201e+01
8.110714383067312738e+00
-2.660594893276398579e+03
-4.111026379974431961e+02
-3.897363052308249962e+02
5.701874084322165004e+01
6.044800487366831732e+01
-3.429264030446638412e+00
-2.033103986352609581e+03
-4.654744059475417544e+02
-4.174804293136679121e+02
2.172038100116481374e+01
2.723186878973538683e+01
-5.511487788570639701e+00
-6.165845298486639194e+02
-4.094462217539552285e+02
-3.839383726798149610e+02
1.093794856607763677e+02
5.978076493352958920e+01
4.959872072724648717e+01
-6.400041122801339952e+03
-5.234342786055251509e+02
-4.528055803990977779e+02
8.200619249062592075e+01
5.136880230801082092e+01
3.063739018261479430e+01
-3.763457521581399760e+03
-4.579213875740817343e+02
-4.303276205742671436e+02
2.466703706347981040e+01
1.572550463643780283e+01
8.941532427042034215e+00
-7.178823552817069640e+02
-4.353152654337312129e+02
-4.204059065277538139e+02
5.998708638285095418e+01
5.628927596276874112e+01
3.697810420082217497e+00
-2.212982803456061902e+03
-4.287463606154259992e+02
-4.269587307665726144e+02
7.636438912278002533e+01
6.370104932066582393e+01
1.266333980211426002e+01
-3.304284032600919090e+03
-3.981529067599914811e+02
-3.912454571626020652e+02
4.653650276328321667e+01
6.931892685614003824e+01
-2.278242409285686421e+01
-1.447326859380586257e+03
-4.172622647086929533e+02
-3.699428672132139013e+02
1.525290002428880243e+01
1.581662901039428526e+00
1.367123712324942808e+01
-4.925661206309133604e+02
-4.327967204735567179e+02
-3.806048996287397017e+02
7.042808544635008161e+01
3.216642075132244827e+01
3.826166469502761203e+01
-2.892321513724968554e+03
-4.915586128817698182e+02
-4.127769623092686402e+02
1.039370422714493287e+02
4.961633752942371700e+01
5.432070474202629384e+01
-5.785663283050102109e+03
-5.845260115306613216e+02
-3.941038987159353155e+02
4.296823259198934863e+01
3.925937205595213442e+01
3.708860536037062783e+00
-1.316831375389979712e+03
-4.190917659727797968e+02
-3.997417334160058431e+02
6.931047655287632381e+01
9.359070719474939892e+01
-2.428023064187302893e+01
-2.788029030858751867e+03
-4.728180505630889456e+02
-3.914488431242479010e+02
6.336826727631822820e+01
7.924690342434988111e+01
-1.587863614803161205e+01
-2.379403607633296815e+03
-4.217302098902943044e+02
-3.772418333992286534e+02
7.633629345114474063e+01
4.315641689869281805e+01
3.317987655245178047e+01
-3.333338465578844534e+03
-5.593171308359017075e+02
-4.329155439905131288e+02
1.175303960595499859e+02
6.270495995161030578e+01
5.482543610793955935e+01
-7.264948140935879564e+03
-5.134972791058229404e+02
-4.257796061428845178e+02
3.503933408481978518e+01
3.579852993780922787e+01
-7.591958529893059193e-01
-1.038219023509298040e+03
-5.633819662170579932e+02
-4.318965099523894651e+02
8.580673808058924124e+01
5.374263306853995203e+01
3.206410501204930341e+01
-4.073297790738976346e+03
-5.109500494761099958e+02
-3.995034025506871558e+02
7.240158288545484311e+01
2.762384224488716455e+01
4.477774064056767145e+01
-2.993783750959973986e+03
-5.032420929073320508e+02
-4.023072448725733921e+02
1.301364913763948152e+02
7.070583890253635673e+01
5.943065247385828798e+01
-8.866867612707314038e+03
-5.383639749055988659e+02
-4.390554762728867786e+02
6.299204190039269946e+01
6.202424808714101090e+01
9.677938132516049619e-01
-2.389655243021313709e+03
-4.279418178390675394e+02
-4.130537033562068245e+02
9.707651064044101474e+01
5.335124021892453072e+01
4.372527042151647692e+01
-5.095429094116916531e+03
-4.559055517940075219e+02
-3.886638302812618235e+02
9.135228353721687711e+01
1.068394750563256679e+02
-1.548719151910883518e+01
-4.570608865822973712e+03
-4.226440395290031233e+02
-4.144836912049393050e+02
1.032414242678784859e+02
3.930516621692606805e+01
6.393625805095260972e+01
-5.737909261295960277e+03
-5.951031445739453147e+02
-4.285539221695769356e+02
8.294159583457167173e+01
9.352662787023564306e+01
-1.058503203566398376e+01
-3.822320863404300781e+03
-5.003515592574865991e+02
-4.160462578934507292e+02
1.108634585696514137e+02
9.107555242451400090e+01
1.978790614513798118e+01
-6.545466150403618485e+03
-4.621011658226946111e+02
-4.236650901658848625e+02
1.274455240958461246e+02
8.483376622553167579e+01
4.261175787031443463e+01
-8.508430145455378806e+03
-4.590971486254059073e+02
-3.912536606434493933e+02
8.117300544395592965e+01
3.273632402531274721e+01
4.843668141864319665e+01
-3.723786171300158458e+03
-4.964306776853409247e+02
-4.339939461787512869e+02
6.509925352257266695e+01
2.643891724996953485e+01
3.866033627260298289e+01
-2.500565582698127855e+03
-4.557841194652538661e+02
-3.923097020470000871e+02
6.551471625428466439e+01
3.588885074405127540e+01
2.962586551023342807e+01
-2.567424581285784825e+03
-4.857580197351639413e+02
-4.334941981850695356e+02
7.258247541815019588e+01
5.169766360749718359e+01
2.088481181065310111e+01
-3.054448390024375840e+03
-4.519863216156555268e+02
-4.415917369693215164e+02
1.041492349765504315e+02
5.823401119541728121e+01
4.591522378113311476e+01
-5.817175519866845207e+03
-4.312135713460804141e+02
-3.952572879452656025e+02
4.627730305243946418e+01
5.933756983253417161e+01
-1.306026678009473763e+01
-1.465022129654480523e+03
-4.479701178252678346e+02
-4.007565236840773650e+02
6.617213204765609191e+01
3.061026588954662397e+00
6.311110545870189981e+01
-2.572026338876682530e+03
-4.999248223952988042e+02
-3.896107053909182696e+02
8.979168619484813973e+01
6.083255237473498767e+01
2.895913382011314852e+01
-4.432561924174494379e+03
-4.981802293033907745e+02
-4.080647482136984650e+02
2.906204404174497924e+01
2.691624007534723262e+01
2.145803966397696882e+00
-8.236560177016530133e+02
-4.948953638852763675e+02
-4.064390424540521281e+02
9.196374791809189730e+01
8.307479356671089477e+01
8.888954351381105567e+00
-4.615770140114973401e+03
-4.353857987735138977e+02
-3.992495032245748803e+02
9.808797347623641372e+01
8.271811523015621503e+01
1.536985824608014006e+01
-5.172454007074346009e+03
-3.962389098094607220e+02
-3.835690415614456583e+02
1.223301638997174194e+02
7.685280774013413918e+01
4.547735615958327315e+01
-7.888727809775006790e+03
-4.821224418071568039e+02
-4.448437550206586479e+02
6.072221853216603193e+01
4.964143538022494795e+01
1.108078315194105556e+01
-2.246245901074906669e+03
-4.365183345158424686e+02
-4.209078728191116170e+02
3.308099584974865337e+01
2.973012441815387064e+01
3.350871431594795169e+00
-9.490633060221362030e+02
-4.767875246262597670e+02
-4.097475798371289102e+02
1.037408207877026882e+02
7.221926966803840742e+01
3.152155111966421686e+01
-5.787403023175869748e+03
-5.595107545191193594e+02
-5.565834363303221153e+02
5.408108969029647994e+01
7.417490141173682616e+01
-2.009381172144038885e+01
-1.864700906872802989e+03
-4.676568533549358335e+02
-4.082101547714758567e+02
1.185869028709286255e+02
8.420315062068138445e+01
3.438375225024734050e+01
-7.435330051024919157e+03
-4.628051975977505208e+02
-4.358427276975572795e+02
5.276442356147305190e+01
7.516982479424152075e+01
-2.240540123276857543e+01
-1.770606848051546649e+03
-4.211821950580160774e+02
-3.903645552427624352e+02
9.473082732160244746e+01
5.462905743529355362e+01
4.010176988630887251e+01
-4.873866592588749882e+03
-4.711081396103148791e+02
-3.911420876660735644e+02
1.209349476673173882e+02
1.009098344222520041e+02
2.002511324506549073e+01
-7.695377704680452553e+03
-4.039055316541876550e+02
-3.962358964146873177e+02
9.031897905340032651e+01
7.618868784811027695e+01
1.413029120529002469e+01
-4.445180687648786261e+03
-3.876813814738475799e+02
-3.860495262792119888e+02
6.003585555918363781e+01
4.131589663062749906e+01
1.871995892855600019e+01
-2.189882324479474391e+03
-4.091969153260714052e+02
-3.937352941429710995e+02
7.428918767469950524e+01
8.782534106233283921e+01
-1.353615338763334286e+01
-3.138900077561656872e+03
-3.980908971751103422e+02
-3.875818740555764066e+02
3.189177188050368983e+01
4.225546748867309077e+01
-1.036369560816947732e+01
-8.805203087623256124e+02
-3.890738901750019068e+02
-3.754682053339680010e+02
3.096340247499502851e+01
1.335728883804177514e+01
1.760611363695329246e+01
-8.783705998042275951e+02
-4.530915491364822856e+02
-4.023968516206704749e+02
1.583257895034955887e+01
2.611049777123266225e+01
-1.027791882088304121e+01
-4.924932214353297013e+02
-3.953200475265502405e+02
-3.701733004802818527e+02
7.600874364919458515e+01
4.880714317635322175e+01
2.720160047284124616e+01
-3.283946476977353541e+03
-4.434028003201326555e+02
-4.152322509656589773e+02
6.707272432748837332e+01
6.477889287692883613e+01
2.293831450559515872e+00
-2.632757104380148576e+03
-4.505531143405427201e+02
-4.039099110633596297e+02
1.489572693736946292e+02
8.505223778277398594e+01
6.390503159092070717e+01
-1.146158038682662300e+04
-5.411508600123132737e+02
-4.080495202630553422e+02
1.361414089029961758e+02
8.314540768912873148e+01
5.299600121386743723e+01
-9.658804435513704448e+03
-4.891923888405220282e+02
-4.286704746629360443e+02
9.955313870362938644e+01
7.503107830437961923e+01
2.452206039924979919e+01
-5.313855061619235130e+03
-4.536910749295714140e+02
-3.986059175460719644e+02
7.289912561924937506e+01
8.289826187144022640e+01
-9.999136252190828245e+00
-3.044739178223403087e+03
-4.137569927332850739e+02
-3.978341162131370652e+02
2.154910352209985192e+01
-5.340398785475731103e+00
2.688950230757565052e+01
-6.149785373165221927e+02
-4.101555596008369662e+02
-3.830234264055558810e+02
6.266714979762631543e+01
8.341473324936801248e+01
-2.074758345174165441e+01
-2.349858076087117752e+03
-4.377191910086135636e+02
-3.965725381732828509e+02
1.099634177244830084e+02
9.124620795875379997e+01
1.871720976572907702e+01
-6.415499254797318827e+03
-3.912836946547398611e+02
-3.862436594417399647e+02
1.329193723382459780e+02
8.446534512176438625e+01
4.845402721648149225e+01
-9.229565087100594610e+03
-4.821403415409560012e+02
-4.111413562616604054e+02
4.566633544648996690e+01
2.334845111887622338e+01
2.231788432761367602e+01
-1.439545880234621563e+03
-4.265444129901587758e+02
-4.059042435746907813e+02
8.791272790837892614e+01
7.956893149268405807e+01
8.343796415694820112e+00
-4.276713674572458331e+03
-4.623866380173993775e+02
-4.520528667800513745e+02
7.348270450722259284e+01
7.560348425627107360e+01
-2.120779749048441243e+00
-3.116291113190419310e+03
-4.377937964542379063e+02
-4.260775956375869100e+02
7.303629887475258897e+01
2.690176596118360663e+01
4.613453291356904629e+01
-3.072680057671491795e+03
-4.869637032943882105e+02
-4.099659106103974295e+02
7.678134375055250871e+01
6.630843297806374892e+01
1.047291077248873314e+01
-3.317771390770526068e+03
-3.818078051648096221e+02
-3.740532912961542138e+02
6.800977259513466322e+01
4.563704856826995382e+01
2.237272402686469519e+01
-2.703783100183541592e+03
-4.364695937229008678e+02
-4.078872402138694611e+02
1.219398326673401698e+02
5.670385431356118744e+01
6.523597835377914578e+01
-7.821764546825937032e+03
-6.631691713244234734e+02
-4.090076088953521776e+02
6.338036991334642778e+01
8.071146727850667446e+01
-1.733109736516018984e+01
-2.398830770932224368e+03
-4.179571855146905932e+02
-3.969622674335097372e+02
4.250595246869739441e+01
6.200995239680066362e+01
-1.950399992810340066e+01
-1.279797928554872669e+03
-4.309674763583340109e+02
-3.852579953063220728e+02
6.904123419391817151e+01
4.357647026264476864e+01
2.546476393127343840e+01
-2.806137604012451902e+03
-5.561528823075034325e+02
-4.355152763769913804e+02
1.273865887907582390e+02
6.607078009909629657e+01
6.131580869166198511e+01
-8.482383342019398697e+03
-6.035338093252770477e+02
-4.613830629260713749e+02
8.650294000824905538e+01
8.740677663764699901e+01
-9.038366293980081290e-01
-4.152001870861658972e+03
-4.434342629798449593e+02
-4.170430894739397445e+02
1.120830544164041385e+02
8.389395484982739504e+01
2.818909956657687133e+01
-6.642645099051865145e+03
-4.188176850554560815e+02
-3.918296271665817017e+02
1.183596952460899416e+02
8.456942327457612407e+01
3.379027197151388862e+01
-7.369469704367662416e+03
-4.049221271256677142e+02
-3.915248982977706760e+02
1.012722492439083624e+02
7.661441546058262020e+01
2.465783378332563913e+01
-5.546081157735305169e+03
-4.684633891387032918e+02
-4.423491112022856555e+02
7.612347745896616402e+01
5.038981532103127137e+01
2.573366213793491042e+01
-3.298335176727262478e+03
-4.266063380173208088e+02
-4.155370240158190427e+02
1.065309891004324072e+02
9.766090429863436384e+01
8.870084801797823104e+00
-6.076434877291879275e+03
-4.363218420077128599e+02
-4.154597883363246638e+02
1.368195186756295527e+02
8.804016899178593292e+01
4.877934968384354164e+01
-9.733973667910118820e+03
-4.951506733782500760e+02
-3.855302752907513195e+02
1.098195938441814121e+02
9.089425286908296187e+01
1.892534097509836855e+01
-6.415025424758356166e+03
-4.218361922135118220e+02
-4.083065072875551209e+02
7.638792816606269298e+01
8.449366409949261936e+01
-8.105735933429853546e+00
-3.292665078751632791e+03
-4.599934935527963376e+02
-3.984735169933405246e+02
6.551560024678001071e+01
6.387361466057079440e+01
1.641985586209342651e+00
-2.578026297466277811e+03
-4.879526160948165625e+02
-4.396567948779271546e+02
9.410699934496395258e+01
6.071730154909287336e+01
3.338969779587116449e+01
-4.816305819636667366e+03
-4.652159623890570401e+02
-3.951280421226086332e+02
1.136899823752217600e+02
8.725199135580938048e+01
2.643799101941246477e+01
-6.825217637376836137e+03
-4.338486611871726382e+02
-4.253205503264609888e+02
8.552567376575433400e+01
3.762599716248360693e+01
4.789967660327084786e+01
-4.046302439865670294e+03
-4.567614941228566181e+02
-4.018125069040384574e+02
7.297822119829214671e+01
4.334038645305856363e+00
6.864418255298606653e+01
-3.047744463100507346e+03
-6.332688551025856896e+02
-4.027486631845182501e+02
9.194361909466880434e+01
8.316194941197508683e+01
8.781669682693738821e+00
-4.611129500632706367e+03
-4.138803553698267024e+02
-3.903760548988221899e+02
5.979652377946874253e+01
7.602518344810755480e+01
-1.622865966863879805e+01
-2.160760924899673228e+03
-4.886633002907273067e+02
-3.773110619448236775e+02
5.491045906598708370e+01
4.136867628645586592e+01
1.354178277953131015e+01
-1.879672921253148161e+03
-5.697807317557778788e+02
-3.845042271975259496e+02
6.032441924282382217e+01
4.901188646324620635e+01
1.131253277957763714e+01
-2.230486530793391466e+03
-4.265022343851383084e+02
-4.152897620605481848e+02
1.002156282421175177e+02
6.849969877910926641e+01
3.171592946300829396e+01
-5.401689573054119137e+03
-4.549483271688466175e+02
-3.867523688627389333e+02
2.685990226775166789e+01
1.314170920638131257e+01
1.371819306137025585e+01
-7.909245292626728769e+02
-5.871225213639174854e+02
-4.355138571468273767e+02
8.509972885890044836e+01
4.773409043602532620e+01
3.736563842287496584e+01
-4.033936144359030550e+03
-4.877881972448211059e+02
-4.252924655851662692e+02
1.061841018540597901e+02
9.208088369317883348e+01
1.410321816088096725e+01
-6.045121497623020332e+03
-4.217308721074408595e+02
-4.131550431880379506e+02
7.608418749029901562e+01
2.301085179907887479e+01
5.307333569122014438e+01
-3.300220986678317786e+03
-5.066391219603251557e+02
-4.088776936795511574e+02
6.800752214989415734e+01
4.809118724374658882e+01
1.991633490614753299e+01
-2.700019421403239903e+03
-6.006145197401899622e+02
-5.132289448543925801e+02
1.061086859840296057e+02
7.130094064875990512e+01
3.480774533526974324e+01
-6.008740931769723829e+03
-4.430562007884772129e+02
-3.999118468407739329e+02
5.731510772575882839e+01
4.275377941432886786e+01
1.456132831142996586e+01
-2.046258439022282801e+03
-4.161498583020369892e+02
-4.116669406841621708e+02
6.313830900605720586e+01
8.637160803579497781e+01
-2.323329902973774352e+01
-2.390606441294804881e+03
-5.043051185563646186e+02
-4.040942051685931915e+02
9.421405878940603884e+01
6.620525317996536785e+01
2.800880560944070652e+01
-4.820846358955021060e+03
-4.394655273377593403e+02
-4.136723979030478517e+02
7.721776083051584294e+01
4.179085351783420066e+01
3.542690731268164228e+01
-3.384917390513588543e+03
-4.913665394920509470e+02
-4.096601363413046784e+02
1.049554722429245572e+02
4.928320076853230347e+01
5.567227147439224666e+01
-5.909674931320189899e+03
-5.772154505608287991e+02
-4.300236045350241625e+02
7.997141191726403520e+01
6.151053780124880177e+01
1.846087411601562067e+01
-3.578557528460008143e+03
-4.792489555563794852e+02
-3.909382890002110571e+02
4.326928922111068232e+01
3.832104920166553796e+01
4.948240019445133697e+00
-1.315753760733803801e+03
-4.459932839605000368e+02
-3.856410994263367229e+02
9.881892929109770307e+01
7.983722082406022480e+01
1.898170846703764170e+01
-5.314630128549551046e+03
-4.628468840425778126e+02
-4.484832153937396697e+02
3.366095414211827119e+01
2.039949035428493218e+01
1.326146378783335145e+01
-9.488650804157267658e+02
-4.567179515540226475e+02
-3.879405546927126238e+02
1.074654796390351521e+02
9.791054952510559417e+01
9.554930113929856361e+00
-6.143747844350508785e+03
-3.888254541934994677e+02
-3.867477140018789328e+02
5.734241316474763295e+01
7.616089788703440888e+01
-1.881848472228677593e+01
-2.033980173178447330e+03
-4.486242613009916340e+02
-3.933834631607520009e+02
1.294479231117634868e+02
8.362927208928689993e+01
4.581865102247680710e+01
-8.765363312432469684e+03
-4.765273404312476941e+02
-4.041701382947928209e+02
1.112859475059853622e+02
5.995130503714358383e+01
5.133464246884172155e+01
-6.597533206232229531e+03
-5.141851512660657590e+02
-4.116871586415738307e+02
1.047289179810449440e+02
9.016155279654698518e+01
1.456736518449809736e+01
-5.897393430201096635e+03
-4.580718298584629338e+02
-4.354103028868017873e+02
7.630465987572142694e+01
8.090674428475276159e+01
-4.602084409031288459e+00
-3.298887521376559562e+03
-4.333621515279004939e+02
-4.014669049257462348e+02
9.265118502794013011e+01
7.513428942720713621e+01
1.751689560073307206e+01
-4.704008844738036714e+03
-4.671247389754762480e+02
-4.517370202305158955e+02
5.694025796825822283e+01
7.116838614369738991e+01
-1.422812817543906050e+01
-2.067424017413190541e+03
-5.057234279457718458e+02
-4.544544010423767872e+02
5.873873091357999243e+01
8.029021331604383249e+01
-2.155148240246387559e+01
-2.094776951795830882e+03
-5.472843868786756047e+02
-3.742543986606019644e+02
6.150869248195576233e+01
3.478642836481540002e+01
2.672226411714046534e+01
-2.292280575859231703e+03
-4.348515471391069696e+02
-4.069736504448296728e+02
6.313499837720709706e+01
4.037699737121908328e+01
2.275800100598805287e+01
-2.386752758062770226e+03
-4.968767019016066229e+02
-4.010211561112903382e+02
1.204040560317420443e+02
9.587653456987833067e+01
2.452752146186362481e+01
-7.649440452362450742e+03
-4.269306218386765863e+02
-4.116945699115408388e+02
5.025769782560205812e+01
4.899593025969442550e+01
1.261767565907654154e+00
-1.671552298369169421e+03
-5.807490152861231536e+02
-4.193871303558937029e+02
4.123483784256114149e+01
3.470220555674390084e-02
4.120013563700429415e+01
-1.222869833502708389e+03
-4.939010199520291735e+02
-3.791117816903050084e+02
7.348814457309308068e+01
8.524994222788572529e+01
-1.176179765479259132e+01
-3.077052047112958462e+03
-4.190924270619243543e+02
-3.836261258812486972e+02
8.923982170098035738e+01
7.660133968117217762e+01
1.263848201980826680e+01
-4.379563793778803301e+03
-4.341405108001978874e+02
-4.136490506870175068e+02
1.234947385321764415e+02
5.995881493122293193e+01
6.353592360095351665e+01
-7.993021856200442926e+03
-5.512284545045442883e+02
-3.850497467165600369e+02
3.946066047005687949e+01
1.866155635717102257e+01
2.079910411288584271e+01
-1.174666357805331927e+03
-4.300132896619400640e+02
-3.965066741219649202e+02
1.328833501635215271e+02
9.613529606337316125e+01
3.674805410014855767e+01
-9.215833525602713053e+03
-4.199197209490930049e+02
-4.022614675180917061e+02
3.814678057906363762e+01
3.313645010837488059e+01
5.010330470688546534e+00
-1.130856352504328015e+03
-5.687837529548097564e+02
-4.112724506957108019e+02
6.247583361556215920e+01
8.558167336943095904e+01
-2.310583975386873945e+01
-2.336547056443880592e+03
-4.334454911861788560e+02
-3.886315816970732158e+02
5.021993173914766828e+01
5.853460573735993933e+01
-8.314673998212306572e+00
-1.657485754351449486e+03
-5.072695453970074482e+02
-4.043434370034040057e+02
1.017470655052985080e+02
7.768665962880267273e+01
2.406040587649584950e+01
-5.575897511315642078e+03
-4.748350974018583202e+02
-4.158876759158305276e+02
8.750232528861718606e+01
8.075762819587285435e+01
6.744697092744227795e+00
-4.215891810677546346e+03
-4.186591069669840977e+02
-3.918248636941202676e+02
7.924069721286960544e+01
6.938131549036938850e+01
9.859381722500222267e+00
-3.501337415810903167e+03
-3.760444157092761657e+02
-3.716705768574713602e+02
5.036234198754150526e+01
5.326206501428243456e+01
-2.899723026740952392e+00
-1.647244200526008854e+03
-4.564915832021790152e+02
-3.829414139789356568e+02
9.089305152317018610e+01
7.912644380514710463e+01
1.176660771802321470e+01
-4.485265619905155290e+03
-4.491653689654029336e+02
-4.447074964795395431e+02
5.475040772691523472e+01
4.127547020992181359e+01
1.347493751699329856e+01
-1.886514457214698268e+03
-4.177685519709051505e+02
-3.971402899807479798e+02
8.813020811512448915e+01
3.677266047127942272e+01
5.135754764384493853e+01
-4.221510306679705536e+03
-4.425403462190268442e+02
-3.585330935102650756e+02
7.590779193086365240e+01
4.001962218676239758e+01
3.588816974410087113e+01
-3.270246215375027077e+03
-4.581763410103179694e+02
-3.957840498968838574e+02
4.691353490879365751e+01
2.625049799060400701e+01
2.066303691818973931e+01
-1.479145143404955434e+03
-5.826339829478977208e+02
-3.842804076049341120e+02
1.229091027875885374e+02
8.830300312389393014e+01
3.460609966369454327e+01
-7.949373913023676323e+03
-4.972238436084781483e+02
-4.680990684918294846e+02
1.359509985048117926e+02
8.769357933504605285e+01
4.825741916976581791e+01
-9.620573636363946207e+03
-4.634433365079825080e+02
-3.928541208164777458e+02
7.174083511246685418e+01
5.106831605068892799e+01
2.067251906177794041e+01
-2.968939671992648982e+03
-4.181501273687199500e+02
-4.025882364134815248e+02
5.951154984977637952e+01
2.683410749430455411e+01
3.267744235547184672e+01
-2.157994176750937640e+03
-4.818222067381091165e+02
-4.004549006521812089e+02
1.093892781893623720e+02
5.832736492886636626e+01
5.106191326049602708e+01
-6.387628015445317033e+03
-4.826474482131509376e+02
-4.079049786456677111e+02
8.017258189145850622e+01
9.188287905921390575e+01
-1.171029716775541374e+01
-3.581811669666137277e+03
-3.841671748366002248e+02
-3.770096937814840885e+02
4.273382734474772349e+01
6.011309613872545299e+01
-1.737926879397758384e+01
-1.289370111841600647e+03
-4.278131549046515829e+02
-3.829758158490988080e+02
4.833601378240651769e+01
6.424370340254471046e+01
-1.590768962013815901e+01
-1.575746658753641896e+03
-4.226610355545834636e+02
-4.108552251958833494e+02
1.372365912550920939e+02
6.898181528495288717e+01
6.825477597013917830e+01
-9.787854032219249348e+03
-6.098393439916370653e+02
-3.892086899792153076e+02
1.124163556043786230e+02
7.331404028837906139e+01
3.910231531599959709e+01
-6.776924610318403211e+03
-5.055098378869094518e+02
-4.782991269916368537e+02
1.249505628989629429e+02
9.620161668798682797e+01
2.874894621097610070e+01
-8.239727362499823357e+03
-5.077253102878446498e+02
-4.963005644247264172e+02
1.214088290019017506e+02
7.886519958994628610e+01
4.254362941195557113e+01
-7.754603189991741601e+03
-4.675024247671396438e+02
-4.001762446147141645e+02
1.092653251453079264e+02
6.925543915403792994e+01
4.000988599126995382e+01
-6.370721697467710328e+03
-4.649971914084640048e+02
-4.104543125371500878e+02
5.897714543498499040e+01
1.895838947039030842e+01
4.001875596459470330e+01
-2.160833781893834384e+03
-5.182886959849597588e+02
-4.489589620943732484e+02
3.323491220810154090e+01
3.251625829678800272e+01
7.186539113136738433e-01
-9.219294543866639060e+02
-4.404987729637419420e+02
-3.741255453721238950e+02
8.774034521223036620e+01
6.677008681908669985e+01
2.097025839314397544e+01
-4.226522744070995941e+03
-4.360706469836707697e+02
-4.005464038003949554e+02
3.954862593700456586e+01
2.655814507395928814e+01
1.299048086304521732e+01
-1.177182104734995846e+03
-4.342908894287803037e+02
-3.985822475780008745e+02
5.942566047968367116e+01
5.202627852771907868e+01
7.399381951964496551e+00
-2.164388700530891583e+03
-5.795552746799795614e+02
-4.159981400309164314e+02
5.558597647149561283e+01
5.287660547329660687e+01
2.709370998198972647e+00
-1.954479370748940482e+03
-5.399805873913867345e+02
-4.141919680431627739e+02
1.072366154586234046e+02
6.570948691880983006e+01
4.152712853981364560e+01
-6.140891747143054999e+03
-4.695863322324730120e+02
-4.283944940447104273e+02
5.156699173894030253e+01
3.272339289896410719e+01
1.884359883997622021e+01
-1.758515635517468581e+03
-4.437591224515848012e+02
-4.332372179345902623e+02
3.646697366669121010e+01
4.027005512242733509e+00
3.243996815444846504e+01
-1.067195031123259923e+03
-4.636790232608572069e+02
-4.059171180742540059e+02
1.149069929432399135e+02
7.356124907745443409e+01
4.134574386578552208e+01
-6.999687711401592423e+03
-4.744515149890569319e+02
-4.314800508741852241e+02
1.284343858664946652e+02
9.089984551847066996e+01
3.753454034802399519e+01
-8.636688762384688744e+03
-4.342923996649599303e+02
-4.165854643138885649e+02
8.713992541064619957e+01
7.064229591874368452e+01
1.649762949190264649e+01
-4.180136524553822710e+03
-4.376819459718590224e+02
-3.942184375884149290e+02
5.166657750359524925e+01
5.641237649685841404e+01
-4.745798993263174559e+00
-1.717318974095287103e+03
-4.075976306035137213e+02
-3.859141171943951463e+02
5.679516194139210228e+01
7.827434645683169379e+01
-2.147918451543943164e+01
-2.010080884709506563e+03
-5.095621432842618219e+02
-4.029726667996280298e+02
9.961689431129288153e+01
4.309230191197671900e+01
5.652459239931626911e+01
-5.365757840193703487e+03
-5.767921160113156702e+02
-4.171468473295273611e+02
4.066004906616968384e+01
4.604947117069780660e+01
-5.389422104528097890e+00
-1.204962461901081724e+03
-4.202247144214706509e+02
-3.873570868983639457e+02
4.746810149021568037e+01
-9.464207108379001809e+00
5.693230859859465198e+01
-1.546845228722618913e+03
-5.806708781253385041e+02
-4.305679427779684261e+02
5.357048054653265723e+01
7.528750010819314298e+01
-2.171701956166052483e+01
-1.845296031773995537e+03
-4.815170442697106523e+02
-4.178601959814034217e+02
2.523016767179064956e+01
3.460534716679796929e+01
-9.375179495007335717e+00
-6.937222813341497840e+02
-4.178372870224541202e+02
-3.792211502268557979e+02
9.072863532755002325e+01
9.686477837537286462e+01
-6.136143047823035879e+00
-4.498102575769671603e+03
-4.141395843515390993e+02
-4.116913627328729035e+02
3.953971728718917689e+01
2.165031470985127982e+01
1.788940257733793615e+01
-1.202916306808739364e+03
-4.548594901063387965e+02
-4.248935285868508345e+02
9.848017059141375285e+01
7.163528839778368251e+01
2.684488219363011652e+01
-5.226136552817335541e+03
-4.065805830069515991e+02
-3.905214094875011028e+02
3.829652380220295527e+01
5.886023114693623626e+01
-2.056370734473322059e+01
-1.163271559581727161e+03
-5.657628292894177093e+02
-4.355319630000323059e+02
6.918493545985668902e+01
1.596572668409190854e+01
5.321920877576478404e+01
-2.764032846015483301e+03
-5.378776420490792134e+02
-3.856524181998047425e+02
8.270193373756885080e+01
6.889349307268312828e+01
1.380844066488580424e+01
-3.803306827392342711e+03
-4.339719428600880065e+02
-3.885490232291314783e+02
8.915480514641102161e+01
4.457576024908186696e+01
4.457904489732916176e+01
-4.386840789898539697e+03
-4.925188526783922498e+02
-4.170023721878218907e+02
1.222578065321813767e+02
7.838730866416102572e+01
4.387049786802047890e+01
-7.844667461214172363e+03
-4.431403101511348268e+02
-3.980549170611620866e+02
1.015475110891455301e+02
8.022685020790477495e+01
2.132066088124091507e+01
-5.562710207157948389e+03
-5.129641098119217304e+02
-4.316320607599744790e+02
6.884779269582121231e+01
6.719027931023676103e+01
1.657513385584570509e+00
-2.782248747059974903e+03
-5.394977926929782370e+02
-4.295316374403248005e+02
1.150469485291975360e+02
7.856380147899295707e+01
3.648314705020464288e+01
-6.982729358144624712e+03
-4.376621183616618964e+02
-3.864149331602454254e+02
5.491133760299592126e+01
3.246509485692261876e+01
2.244624274607334513e+01
-1.882761640650664503e+03
-5.077606263740768213e+02
-3.863452083277831548e+02
4.835463948924835620e+01
3.876658655741593407e+01
9.588052931832409698e+00
-1.608022717319330013e+03
-6.014713662710273638e+02
-4.478789259945557433e+02
8.189587562153681688e+01
7.599674056218961482e+01
5.899135059347236698e+00
-3.741530250467202677e+03
-4.656916042876283655e+02
-3.972046840575051760e+02
5.021269624690549449e+01
3.552862705398256082e+01
1.468406919292296386e+01
-1.657974940839347710e+03
-4.074910871531715202e+02
-4.004559412706645958e+02
4.566943356927163933e+01
1.931415262434594737e+01
2.635528094492557827e+01
-1.456076173483612592e+03
-4.598124480039087416e+02
-4.250869272285635247e+02
9.389184314755877381e+01
6.759378976623837332e+01
2.629805338132050707e+01
-4.816751794719015379e+03
-4.469965781630789365e+02
-4.168528606860256787e+02
1.166329732631569840e+02
7.506439228627327509e+01
4.156858097688353837e+01
-7.201328846745211195e+03
-4.407337592934762256e+02
-4.114499619373650603e+02
7.381625195151794117e+01
6.901252890988412503e+01
4.803723041633870317e+00
-3.139404397217576388e+03
-4.288831266414643437e+02
-4.272409122964734252e+02
4.288358703676146888e+01
4.455015491802816285e+01
-1.666567881266725948e+00
-1.315966746618888919e+03
-4.851610549999707018e+02
-3.973813058233001243e+02
1.438596969415015394e+02
9.418800132037209494e+01
4.967169562112983527e+01
-1.072684377396165110e+04
-4.654202603451905134e+02
-3.876371851336285204e+02
6.856560820369435305e+01
4.982548558290154972e+01
1.874012262079271451e+01
-2.781699798224964525e+03
-4.907600682645806955e+02
-4.464338681276784655e+02
5.155286491619057898e+01
7.845011393991954662e+01
-2.689724902372890725e+01
-1.698754643412801670e+03
-5.106084443769381096e+02
-3.792131212157697178e+02
8.999955180202124438e+01
6.880899593952673854e+01
2.119055586249443479e+01
-4.427662166535808865e+03
-4.231541408423423718e+02
-4.088003535131162494e+02
5.385623913373688509e+01
4.997141712543660219e+01
3.884822008300311325e+00
-1.863733358962359716e+03
-4.280742794603491461e+02
-4.180599595629156511e+02
9.551259628156009285e+01
7.471428208993266651e+01
2.079831419162750450e+01
-4.934497326067596987e+03
-4.138347921887720986e+02
-3.924064611082335432e+02
8.393275236587021482e+01
8.312392587050700854e+01
8.088264953631584264e-01
-3.934050163389758836e+03
-4.572590117720744161e+02
-4.425838175546425077e+02
2.641512112934281475e+01
1.175552782643936922e+01
1.465959330290339402e+01
-7.598677692712728913e+02
-6.123192967060581395e+02
-4.135542984653273493e+02
5.133478000703064481e+01
5.247649896874170139e+01
-1.141718961711058355e+00
-1.690375708432752845e+03
-3.783452117052403310e+02
-3.780330148720345278e+02
7.181967104649278610e+01
5.419675578871068211e+01
1.762291525778215018e+01
-2.958007832310922367e+03
-4.026668933787923947e+02
-3.835803361400820108e+02
1.024095298737643986e+02
7.551681250730499073e+01
2.689271736645940081e+01
-5.633763005650760533e+03
-4.474175027842791792e+02
-3.928677760180410132e+02
5.712819856714121869e+01
3.974835416836059920e+01
1.737984439878066567e+01
-2.016943757641195589e+03
-4.391033286263295849e+02
-3.918085816277534263e+02
5.714550680269872629e+01
3.608142347422038654e+01
2.106408332847828291e+01
-1.998254264136367738e+03
-4.151064672514757490e+02
-3.696646069714597047e+02
5.990702920096011042e+01
7.333901672693104956e+01
-1.343198752597089118e+01
-2.206629573341375362e+03
-6.317563766430911301e+02
-4.170802559941099616e+02
1.360542018181327819e+02
9.969915115036630482e+01
3.635505066776681815e+01
-9.627773815379849111e+03
-4.186562972063106827e+02
-4.063376315334667765e+02
2.616907300655276458e+01
4.002239272095249589e+01
-1.385331971439976684e+01
-7.348996099236950386e+02
-4.464746097555355959e+02
-4.005068986715235724e+02
9.271332139715183018e+01
4.336743608092383795e+01
4.934588531622786434e+01
-4.718280699274477229e+03
-6.217677571735666788e+02
-4.368172017498421837e+02
9.192276764748602602e+01
6.936775422649887446e+01
2.255501342098713025e+01
-4.637191642789576690e+03
-4.359829299795662223e+02
-4.145717472110043218e+02
1.006939929195756491e+02
6.523129515755115904e+01
3.546269776202466062e+01
-5.480036524267468849e+03
-4.587038135306318622e+02
-4.194815757945432892e+02
