4.870743531130549542e+01
4.825578103384334128e+01
4.505348694236363372e+01
-1.553539602640962130e+03
-3.834826638957391651e+02
-3.770191639054594361e+02
-3.767062061875053018e+02
-3.752569015190944128e+02
4.748114557645085654e+01
4.706669879592882921e+01
4.389553368947657930e+01
-1.503055884737478891e+03
-3.866794714243575299e+02
-3.847970073071839465e+02
-3.853280134173608076e+02
-3.853308649736327425e+02
4.788624221806287551e+01
4.757649200438661552e+01
4.390002932997484208e+01
-1.507608301856013895e+03
-3.747317662268987988e+02
-3.715697565976538499e+02
-3.708450068234725450e+02
-3.708223766195646363e+02
5.074925481720354981e+01
4.999387994345350705e+01
4.730713045960627738e+01
-1.692897163680915810e+03
-4.591102023576764282e+02
-4.465419635691827125e+02
-4.491259613172481409e+02
-4.494682849734900287e+02
4.960795214178425283e+01
4.893867127383530402e+01
4.624357801098638276e+01
-1.637543153344686743e+03
-4.232562841010861234e+02
-4.124462778235823635e+02
-4.137544222978811490e+02
-4.137552343958372489e+02
4.920985978784751325e+01
4.879675972104235626e+01
4.533586917323319909e+01
-1.609030361585546643e+03
-4.166220397995892881e+02
-4.119119102131807608e+02
-4.123250124834382291e+02
-4.117213245282414960e+02
4.822783711800944673e+01
4.768077678973654798e+01
4.484384790599079906e+01
-1.582348850572564288e+03
-4.364595609694229665e+02
-4.301356975900154680e+02
-4.292314095905811087e+02
-4.290838806215110139e+02
4.922544117844543621e+01
4.851438789411384533e+01
4.598686666427449410e+01
-1.570582980264504386e+03
-3.817692139707044703e+02
-3.734105616071745999e+02
-3.735664435375518337e+02
-3.735243296709114702e+02
5.102031629666203827e+01
5.027396661678830014e+01
4.784368177236053299e+01
-1.687606649713454317e+03
-4.097171912712537960e+02
-3.938507675768217950e+02
-3.957410411656004499e+02
-3.955366201397949908e+02
4.903349867457905020e+01
4.844546077061688294e+01
4.562150343777871342e+01
-1.609076596078752800e+03
-4.303719470121182553e+02
-4.236022620341874472e+02
-4.231254236998902343e+02
-4.227741464945847270e+02
4.773877756433898156e+01
4.716082212080732461e+01
4.423048223367862875e+01
-1.512676639166163113e+03
-3.976290961688882248e+02
-3.923869732144786440e+02
-3.925178189707273759e+02
-3.930660996023865437e+02
4.765412062703341434e+01
4.708256392989870420e+01
4.444106553623681322e+01
-1.511968080104825958e+03
-3.930888136237686012e+02
-3.882513542497441108e+02
-3.875308365869718727e+02
-3.877130782471861039e+02
5.050406186980058010e+01
5.000354158196207521e+01
4.679526285608762493e+01
-1.673922128675068279e+03
-4.201032029089313369e+02
-4.129079986423099058e+02
-4.146418588203546278e+02
-4.144649789582348376e+02
4.788804405738036962e+01
4.765051614341922459e+01
4.369538571927034809e+01
-1.548245471522551497e+03
-4.187741712776175973e+02
-4.140950006173175098e+02
-4.147151488215817494e+02
-4.149527789700761673e+02
4.931674287405967050e+01
4.879033922253484690e+01
4.571900513367680929e+01
-1.636378603105077445e+03
-4.323531636485694207e+02
-4.292595481401459097e+02
-4.287128527523391881e+02
-4.284749302397066799e+02
5.060850221415951466e+01
5.000304730010029175e+01
4.706484595138099536e+01
-1.716343629858029999e+03
-4.534874980234396844e+02
-4.498642723112814110e+02
-4.498780572939873537e+02
-4.499759943620505851e+02
4.961450797275949043e+01
4.898270302608501225e+01
4.614940124425553591e+01
-1.626048778054322838e+03
-4.299965309870797796e+02
-4.208995284789063476e+02
-4.231105529042186504e+02
-4.226906288976458654e+02
4.781573546356739968e+01
4.717733244418738536e+01
4.456425320680077817e+01
-1.524333539900089136e+03
-4.235598337877403878e+02
-4.136701534583427247e+02
-4.143911995514353634e+02
-4.132874480100928167e+02
4.870528234258367917e+01
4.777075104647816062e+01
4.620100639158818012e+01
-1.551320026322241119e+03
-3.876651183418062487e+02
-3.737850869540554868e+02
-3.747401344921998430e+02
-3.748660035732650044e+02
5.064284459651521075e+01
4.995022614764170754e+01
4.726948318114636294e+01
-1.678034514727792612e+03
-4.416445107550272269e+02
-4.309844894308567973e+02
-4.290589685113262703e+02
-4.299197473181807254e+02
4.885451317409458483e+01
4.804798806127256228e+01
4.584188411686777442e+01
-1.589920593129629424e+03
-4.639897122564152028e+02
-4.527453647954434928e+02
-4.543903652573869181e+02
-4.541721071270287666e+02
4.967620109997194078e+01
4.908235131724789824e+01
4.620148203733087655e+01
-1.604831835357168757e+03
-3.856052402367677132e+02
-3.803282888556845478e+02
-3.796401390085393359e+02
-3.790975455803564955e+02
4.981187548745456439e+01
4.918034706303884462e+01
4.637947054285091752e+01
-1.633857840598589746e+03
-4.131432576472382152e+02
-4.067654218854214605e+02
-4.075570042545530214e+02
-4.076189643363741197e+02
5.055136689661764393e+01
5.017975430818038518e+01
4.636977437307054828e+01
-1.680174236861521194e+03
-4.215316055800106483e+02
-4.192901242945374065e+02
-4.174187341354630121e+02
-4.180000620783162049e+02
4.634532365175960678e+01
4.573966976053487343e+01
4.321576537511622718e+01
-1.430403736709131181e+03
-3.710211046192126787e+02
-3.681719973443472895e+02
-3.670662820902518888e+02
-3.671537999080229611e+02
4.800845831612011949e+01
4.728854877235590948e+01
4.502295697014902487e+01
-1.536652198101679915e+03
-4.201171220997165392e+02
-4.109596862159159514e+02
-4.123933549198998207e+02
-4.124799514910665152e+02
4.967502201360347414e+01
4.901710201135233547e+01
4.622517856375205980e+01
-1.608110386534254985e+03
-4.077683368154075083e+02
-4.001765534047038386e+02
-4.004243758004010374e+02
-3.998539902656899017e+02
5.079971607759837582e+01
5.020035050328849024e+01
4.723888308583907047e+01
-1.695661329926432927e+03
-4.336186846500274328e+02
-4.289992020235590644e+02
-4.299600781703476287e+02
-4.299409718893323316e+02
5.028985061926103839e+01
4.937927464177694503e+01
4.721181454656731091e+01
-1.676827781144501159e+03
-4.487812936346642800e+02
-4.395455108305819749e+02
-4.394763228440360194e+02
-4.395242005029670054e+02
4.815012416641358328e+01
4.756656149167847758e+01
4.465020965829181421e+01
-1.551465448457778848e+03
-4.245665417322394433e+02
-4.136715007707455811e+02
-4.145970917995995251e+02
-4.145241104778271506e+02
4.875922583518820375e+01
4.808634585566269948e+01
4.564563861278356427e+01
-1.560246943189263902e+03
-3.875657137059956767e+02
-3.774890368111255725e+02
-3.785100056393196724e+02
-3.783134888638675761e+02
4.863483767792710211e+01
4.808838080604539300e+01
4.514978614924956446e+01
-1.590826546382613515e+03
-4.240407319122440413e+02
-4.211780707925933029e+02
-4.215151084372102446e+02
-4.213794597417605132e+02
4.743030071596753316e+01
4.700805748521929672e+01
4.378124080455500433e+01
-1.539065402029535790e+03
-4.303911649725837947e+02
-4.254704915919663790e+02
-4.266345450405771658e+02
-4.264713267586270717e+02
4.977020561930797271e+01
4.907109683302421388e+01
4.656546849859479664e+01
-1.597935404854801618e+03
-3.788423217826272094e+02
-3.677928553382927817e+02
-3.688013338890856403e+02
-3.685646596227339273e+02
4.963316379783024956e+01
4.895123428334971294e+01
4.628914271432238792e+01
-1.614658155422840309e+03
-4.122050779728254497e+02
-4.102510837139132605e+02
-4.093114400562314472e+02
-4.092485175630382059e+02
4.734081137614172974e+01
4.668444697828077494e+01
4.419931116575622099e+01
-1.502280273993884066e+03
-4.224852069725242814e+02
-4.096499039596390617e+02
-4.111413026253027283e+02
-4.112724783116496496e+02
4.772429671758949610e+01
4.728849513910201807e+01
4.408441425556392090e+01
-1.522351118716333531e+03
-4.042466453381682072e+02
-4.030410069398876658e+02
-4.012412728031671918e+02
-4.014327448395866327e+02
4.828516998532168003e+01
4.809696634013341310e+01
4.403999613264127788e+01
-1.540481241683649387e+03
-3.935420793441686556e+02
-3.900457855873668223e+02
-3.903146543552379626e+02
-3.901814923329961857e+02
5.109515441620944642e+01
5.039937507156778196e+01
4.767340974658468866e+01
-1.676360619567167760e+03
-4.049280185241040613e+02
-3.967012690820805574e+02
-3.970639976254931867e+02
-3.968070318296535675e+02
5.174464340642744986e+01
5.093038955132436030e+01
4.842699829789213339e+01
-1.749432080063582362e+03
-4.324489964301600935e+02
-4.256725954578039932e+02
-4.279595503160453518e+02
-4.277608407287100931e+02
4.966689078423641490e+01
4.903043607206241461e+01
4.633049741146909639e+01
-1.587896040560910251e+03
-3.745207699671954629e+02
-3.680382951413242267e+02
-3.696574230400768784e+02
-3.694027054259149736e+02
4.634335503683279711e+01
4.594182023864850350e+01
4.268495790394173639e+01
-1.472927332911865506e+03
-4.172571535239154059e+02
-4.098073282773055439e+02
-4.099869419288696122e+02
-4.100427998325323529e+02
