# SNRtot, SNR221, evidence220_221 - evidence220, evidence220_221 - nofilter]
2.723474345340157470e+02
1.329536586258289503e+02
5.141916097799057752e+02
3.659264956102730503e+04
2.510590423452306084e+02
7.504978975751816961e+01
9.371457079160171588e+01
3.185197047577871854e+04
3.802248123269009739e+01
1.110371140644331867e+01
2.546557776821259722e+00
7.361583934916695853e+02
1.276455927761708011e+02
5.853403855272608070e+01
7.572112461897160074e+01
8.247358879914418139e+03
1.153583422596993842e+03
5.878745093649604314e+02
1.025177457813141518e+04
6.633522630742997862e+05
1.115686797531025377e+03
5.362006486024613423e+02
7.660284739183709462e+03
6.183046044028449105e+05
6.191552679363593370e+01
2.338392093849141773e+01
1.205919614699547537e+01
1.962305059954374656e+03
2.744823497252829370e+01
1.103686046968861412e+01
8.213397654405412140e+00
3.587502301694709672e+02
3.707708134587794291e+01
1.818007641660677720e+01
1.683738194881482286e+01
6.810058743783198452e+02
1.106638891328810992e+01
2.774477573483246307e+00
1.043699268822592785e+00
5.447777311594921912e+01
1.011734910239444574e+01
2.705565295616749300e+00
-2.415432396278447413e-01
3.119443267445149104e+01
2.518649618994965422e+01
8.606935891941226657e+00
3.130296076723709575e+00
2.690345450633288351e+02
8.931972034631036195e+02
2.095306561405476202e+02
5.038116730735232522e+02
3.983262255900352029e+05
8.610908745175704837e+01
2.867814017599160081e+01
1.489683136555777310e+01
3.712826498556642036e+03
1.102341267325948451e+02
5.721764404092043321e+01
1.297509421301033967e+02
6.147255864036873390e+03
1.479886335501143321e+03
7.537456104460375172e+02
1.730333246825695096e+04
1.091724990844933083e+06
5.585690558728678923e+01
3.139387928903255798e+01
4.914847976822568398e+01
1.631767712370897243e+03
2.343961727530657413e+02
1.229605936961982309e+02
4.880219169861307478e+02
2.766537778443314164e+04
2.300521211845929201e+02
1.010039167278472263e+02
2.055723541813504198e+02
2.634474024791832926e+04
8.733666925514297574e+00
4.825186381963205484e+00
1.585606321312923228e+00
2.934834014172713523e+01
1.442843318203915004e+01
7.089770322073492892e+00
5.248408409267824482e+00
9.393845310115329994e+01
1.340714870910574064e+01
5.616608303029748228e+00
6.167585884773870930e+00
1.049805372382890596e+02
4.596413685571397423e+01
2.410161292523370236e+01
2.088334883099912531e+01
1.063618924515812751e+03
2.386916498247662588e+01
1.038878227308069491e+01
1.806321846608568649e+00
3.096267784854599654e+02
1.588549214081739436e+01
5.182652893906743330e+00
3.799430515709218525e+00
1.465943963999497441e+02
6.705305995166920496e+00
1.674417268685581162e+00
3.812081935745311512e+00
2.835662489344701953e+01
6.600862999720837898e+00
3.234665170597434969e+00
3.981637853547681516e-01
2.053456873399096594e+01
2.143409480081184171e+01
1.230158775348001754e+01
1.032660555935939328e+01
2.035263110608140096e+02
3.042145181556610467e+01
7.971035217490989311e+00
7.829212413386471781e+00
4.573809512376365092e+02
1.498833603832429731e+02
6.618691348641742422e+01
9.384273776869207495e+01
1.134421499853446221e+04
8.668519069232158927e+02
4.314141010562811971e+02
5.422106358925888344e+03
3.726278136339212069e+05
9.454911842958860007e+02
3.308128337766762002e+02
1.525871178251151377e+03
4.441585371623029932e+05
1.150288546228085949e+02
4.983803254309788144e+01
7.177318086339585079e+01
6.567189520803653977e+03
5.297535309915992912e+02
1.433838809431080108e+02
2.454760626394838710e+02
1.394348395616099879e+05
1.706315732617255492e+02
4.775878831121590906e+01
2.969090529187934635e+01
1.474142497265893326e+04
6.673218918977312342e+02
2.717605258183114643e+02
1.454704225583246398e+03
2.225656127113660041e+05
1.819541231167994226e+02
1.056177274687344863e+02
4.376351890951684709e+02
1.633288775454445749e+04
4.382232103735818640e+01
2.261611335828335356e+01
1.460159891920250175e+01
9.760396484214402335e+02
5.004559967032570889e+00
1.651795802829015392e+00
2.827552200949753569e+00
1.435987057130517996e+01
2.314260872662476842e+01
1.228066326163375876e+01
6.335444622022976091e+00
2.676187706146621395e+02
6.772914311858463599e+00
3.206415341000969033e+00
2.371660526078130715e+00
3.304541878352199546e+01
1.883634907288025673e+01
8.359343464421302272e+00
3.469874021625003024e+00
1.734816146338053500e+02
2.981332546938969585e+02
1.120806204799454235e+02
2.465951756736303651e+02
4.406760874161707034e+04
4.048389697337660209e+02
2.641394855893930185e+02
3.021131172048071676e+03
8.179894351648687734e+04
2.166827855126795725e+02
5.286092053044963990e+01
3.074820156934828219e+01
2.325683523094418706e+04
6.844818214088479635e+02
2.402245177778046354e+02
8.212856225906991767e+02
2.332534707556083158e+05
7.743138802516208443e+02
3.705213432173155184e+02
3.671291995408219009e+03
2.972574208093627822e+05
1.132139889828407178e+02
4.204975999371193041e+01
3.937415098769315591e+01
6.540922363761939778e+03
1.449850268378808948e+02
5.716302977086422743e+01
8.224434532705998890e+01
1.028750903895036208e+04
2.193891845544910666e+03
8.744662175721654194e+02
1.397174305826359341e+04
2.399275738071370404e+06
