0.000000000000000000e+00
1.058584494861424190e+02
-5.988617533896757777e+03
-4.501675356124711698e+02
-4.141634297737818429e+02
-3.964638176285826603e+02
2.564102564102564319e+00
6.159554692460890379e+01
-2.287143062626180381e+03
-4.000918510379603390e+02
-4.006365437163114507e+02
-3.942825877333831386e+02
5.128205128205128460e+01
3.543790678814932260e+00
-4.174230608263075624e+02
-4.174256605184283444e+02
-4.175036844426048219e+02
-4.178271167462434619e+02
5.384615384615385381e+01
3.393262966747863540e+00
-4.164862767755697632e+02
-4.170233287567131129e+02
-4.171908171352068280e+02
-4.170244319043119958e+02
5.641025641025641590e+01
2.388652388498114121e+00
-3.834758843714776049e+02
-3.822760845256691482e+02
-3.821795964093693669e+02
-3.805269612114131519e+02
5.897435897435897800e+01
2.323309020313044204e+00
-3.823912178784077582e+02
-3.818304372613767441e+02
-3.822495874486447178e+02
-3.804104948420369396e+02
6.153846153846154721e+01
3.111983846326538128e+00
-3.839370604810902705e+02
-3.821504433558066580e+02
-3.816827782228121464e+02
-3.808479326472715911e+02
6.410256410256410220e+01
2.931696756323526110e+00
-3.827016561370945169e+02
-3.819130352951828513e+02
-3.819036798271877160e+02
-3.812180470873329341e+02
6.666666666666667140e+01
1.746494454324476697e+00
-3.540480143106643141e+02
-3.542586917206269845e+02
-3.546114423850803519e+02
-3.540484308522009087e+02
6.923076923076924061e+01
1.716715623335549834e+00
-3.561631972516462952e+02
-3.564570883901329807e+02
-3.565189936781907249e+02
-3.547695713802663704e+02
7.179487179487179560e+01
1.974750838098766614e+00
-3.650939890568343458e+02
-3.640428930788567072e+02
-3.650000593269271008e+02
-3.634274330140594316e+02
7.435897435897436480e+01
1.962968629711234758e+00
-3.667645839049657184e+02
-3.653642325881221495e+02
-3.664349698943626095e+02
-3.653746763333928698e+02
7.692307692307693401e+01
4.846284915380178582e+00
-4.252726204274843553e+02
-4.234793095871610262e+02
-4.224525324572433078e+02
-4.221718665608505603e+02
7.948717948717948900e+01
4.773600624144314963e+00
-4.224079134805433000e+02
-4.225054225043988936e+02
-4.223792546145691063e+02
-4.223286602104578833e+02
8.205128205128205821e+01
3.583182819803651054e+00
-4.071531123534961694e+02
-4.082280625005420802e+02
-4.089541484113779575e+02
-4.088364465468101798e+02
8.461538461538462741e+01
3.700596335965468775e+00
-4.125332461436578342e+02
-4.138460581537328267e+02
-4.142507332655212053e+02
-4.139498328915520347e+02
8.717948717948718240e+01
2.903097778838702236e+00
-3.879852583362156224e+02
-3.878401630324077587e+02
-3.878791626659252643e+02
-3.871142318867036352e+02
8.974358974358975161e+01
2.887684364844872675e+00
-3.874506538163255982e+02
-3.873451903036324211e+02
-3.879057032228704429e+02
-3.874134033935318371e+02
9.230769230769232081e+01
2.436185273180165201e+00
-3.735142592769345242e+02
-3.711758934702639863e+02
-3.715415841836225468e+02
-3.708066839917515267e+02
9.487179487179487580e+01
2.389922774384771298e+00
-3.757175552759297830e+02
-3.742107467337905291e+02
-3.734710337539472107e+02
-3.726979723645636682e+02
9.743589743589744501e+01
1.815422544280010486e+00
-3.719126997331962912e+02
-3.714724708106396065e+02
-3.716924076136344866e+02
-3.713511276019862066e+02
1.000000000000000000e+02
1.813070895945680494e+00
-3.729732555582545501e+02
-3.724086962848898565e+02
-3.723154128203910886e+02
-3.719247849853192633e+02
5.128205128205128638e+00
5.947324905441014664e+01
-2.177174406920360070e+03
-4.215799923574712693e+02
-4.242160853560772011e+02
-4.118840460183482719e+02
7.692307692307693401e+00
3.859457305504704294e+01
-1.150207892940866259e+03
-4.161510230265527639e+02
-4.212803766604902762e+02
-4.095348879681738481e+02
1.025641025641025728e+01
2.764514020370201663e+01
-7.738750530270310719e+02
-3.909503733541819770e+02
-3.964844175701043696e+02
-3.901252740133156749e+02
1.282051282051282115e+01
2.500052430409874304e+01
-6.978923877376407745e+02
-3.896572996090942524e+02
-3.940181905828096092e+02
-3.897149624466810565e+02
1.538461538461538680e+01
1.583564067054707003e+01
-5.317389971560245385e+02
-4.106263078050179729e+02
-4.124624332478605879e+02
-4.066376775642756911e+02
1.794871794871794890e+01
1.490858317615617779e+01
-5.161144162590244377e+02
-4.102460834101900105e+02
-4.116695996063023131e+02
-4.047474651286839276e+02
2.051282051282051455e+01
1.103273358104989299e+01
-4.723599572408971312e+02
-4.138351423165397591e+02
-4.130962614981982028e+02
-4.114219678521094465e+02
2.307692307692308020e+01
5.997279680946125069e+00
-4.271884450409343685e+02
-4.132162618090110300e+02
-4.139730167772919458e+02
-4.124206596422471307e+02
2.564102564102564230e+01
7.483127054194245176e+00
-4.440430681407805764e+02
-4.214902976101757304e+02
-4.254058072940857187e+02
-4.204190421586023376e+02
2.820512820512820795e+01
4.893516839010163544e+00
-4.305240871188217398e+02
-4.229402778173620163e+02
-4.271706127044856771e+02
-4.207767372084919089e+02
3.076923076923077360e+01
6.467977424094353722e+00
-3.903542421331936225e+02
-3.751278194892714168e+02
-3.786246452315927513e+02
-3.734383691673456838e+02
3.333333333333333570e+01
6.069967080960571693e+00
-3.917462466565965542e+02
-3.787196742926914794e+02
-3.812053823437041160e+02
-3.767858069248080710e+02
3.589743589743589780e+01
3.912590233041109755e+00
-3.999399968092536142e+02
-3.962036931054274760e+02
-3.966438851107000119e+02
-3.954784714441105962e+02
3.846153846153846700e+01
3.887710847190295915e+00
-3.998195899056543681e+02
-3.957182193767794729e+02
-3.960478312425355512e+02
-3.955856792681954062e+02
4.102564102564102910e+01
2.564995675060221192e+00
-3.951335511284545987e+02
-3.953406155289015942e+02
-3.968689926180849739e+02
-3.967961393470141047e+02
4.358974358974359120e+01
2.348954876939350012e+00
-3.985032880627602481e+02
-3.983404120516134412e+02
-3.988914254479758483e+02
-3.981322196902757469e+02
4.615384615384616041e+01
2.511241162670288407e+00
-3.660675930135307112e+02
-3.622249014884721419e+02
-3.631720562224454625e+02
-3.619694007654359211e+02
4.871794871794872250e+01
1.692350611482213329e+00
-3.647340247399199029e+02
-3.634383639414742220e+02
-3.636449899154899299e+02
-3.633343655335702920e+02
