# MF SNR, Injected 220+221 mode, syntax=[snr_tot, snr_220, snr_221, nofilter, evidence220, evidence220_221]
2.436418304134783952e+01
0.000000000000000000e+00
1.070669553271659780e+01
-7.082026166047647848e+02
-4.202238690862385511e+02
-4.150897565986878135e+02
2.245563143552287144e+01
0.000000000000000000e+00
1.757631468880221348e+01
-6.443982123953982182e+02
-4.148102871877696316e+02
-3.973687304070125492e+02
1.336224637473961785e+01
0.000000000000000000e+00
1.367540276623142859e+01
-4.767363193598481530e+02
-4.014881751856951837e+02
-3.880648594665117912e+02
2.353864316380839838e+01
0.000000000000000000e+00
5.890949661249396563e+00
-6.717839623214928224e+02
-4.005196638653691252e+02
-3.991717886753563675e+02
2.940202027584607691e+01
0.000000000000000000e+00
6.840873145436545677e+00
-8.016364426283996636e+02
-3.749225012206178462e+02
-3.703841075263029552e+02
2.161474883350776821e+01
0.000000000000000000e+00
1.593175682790155356e+01
-6.342567044687574480e+02
-4.073642175309090021e+02
-4.027922791028186680e+02
1.660146283171503256e+01
0.000000000000000000e+00
9.475601875598608004e+00
-5.103448032990759202e+02
-3.780295713020192352e+02
-3.752507079195367510e+02
2.908557057507963606e+01
0.000000000000000000e+00
1.318870561486781590e+01
-8.471743361985614911e+02
-4.346355541388070947e+02
-4.347547964463091716e+02
3.130179103144566000e+01
0.000000000000000000e+00
1.287480984705802456e+01
-8.817978801257279429e+02
-4.007638450140822215e+02
-3.946917516168763882e+02
2.018595744850146900e+01
0.000000000000000000e+00
9.336616664318116321e+00
-5.908631947900260002e+02
-3.929507450979917849e+02
-3.884393463260151975e+02
2.277612718548991566e+01
0.000000000000000000e+00
6.023632934548552420e+00
-6.541431150343562422e+02
-3.941823225995946700e+02
-3.926155887946362100e+02
3.660917563878244607e+01
0.000000000000000000e+00
1.044307556920477431e+01
-1.086550959501833631e+03
-4.259995265751070974e+02
-4.206032844206176264e+02
3.170765450268627461e+01
0.000000000000000000e+00
1.461774768449432038e+01
-8.815165445591781008e+02
-3.900009544012482934e+02
-3.860855373981640355e+02
1.349800596931354413e+01
0.000000000000000000e+00
2.093219573151480617e+01
-5.201914102583202748e+02
-4.530050671459414957e+02
-4.337184494784813751e+02
2.498931418277812000e+01
0.000000000000000000e+00
9.101204455989105213e+00
-7.148269685145000949e+02
-4.096836962060951919e+02
-4.064196639974123286e+02
2.123220970856224099e+01
0.000000000000000000e+00
1.440911823810409409e+01
-6.632514749551393152e+02
-4.474089424818339467e+02
-4.370604221642310563e+02
2.435584094480188000e+01
0.000000000000000000e+00
8.895277624916872128e+00
-7.063108034550396042e+02
-4.197782193374973190e+02
-4.113573689438769065e+02
2.150512834793785899e+01
0.000000000000000000e+00
1.935676070945449823e+01
-6.334339003370174623e+02
-4.158764292052200631e+02
-4.024365523432036866e+02
3.300934391863736295e+01
0.000000000000000000e+00
2.065532232927385081e+01
-9.240214783581416214e+02
-4.042368804415031605e+02
-3.824399569747200189e+02
1.600543818289561315e+01
0.000000000000000000e+00
4.870264530712167250e+00
-4.837600409001719868e+02
-3.599946691073776606e+02
-3.564455288451341630e+02
2.790519823890954143e+01
0.000000000000000000e+00
1.004526450913560964e+01
-7.663189614273384223e+02
-3.925006861925187991e+02
-3.818535211909967870e+02
1.983869684242834808e+01
0.000000000000000000e+00
1.416000325209966881e+01
-5.582010619735469845e+02
-3.771481221369736545e+02
-3.661806838076368535e+02
1.879350247621791326e+01
0.000000000000000000e+00
1.020142656774362955e+01
-5.581451209457186451e+02
-3.887477526360980278e+02
-3.828508710795134107e+02
1.014075181444078488e+01
0.000000000000000000e+00
2.636604564559018815e+00
-4.475592139677587511e+02
-4.031821891842899959e+02
-4.004198818337811190e+02
2.169824401990475593e+01
0.000000000000000000e+00
1.008307146862538772e+01
-6.111888459344413604e+02
-3.818060958363763007e+02
-3.781029781432875438e+02
3.398230355135428482e+01
0.000000000000000000e+00
9.710438954183214122e+00
-9.930326529706794645e+02
-4.284369253598607088e+02
-4.158619180339159698e+02
1.912752620534976700e+01
0.000000000000000000e+00
1.409315487584026094e+01
-5.492767305679540186e+02
-3.833673930754612798e+02
-3.674141731627159402e+02
2.975679157933886998e+01
0.000000000000000000e+00
8.429952577222367793e+00
-8.333856498775160162e+02
-3.964424573318912621e+02
-3.955091504783945311e+02
1.919516595105686463e+01
0.000000000000000000e+00
1.487718136608108210e+01
-5.865710583102057853e+02
-4.084489505780704803e+02
-4.044756764503203499e+02
3.638450483984225770e+01
0.000000000000000000e+00
1.142081024667399269e+01
-1.033934947545252271e+03
-3.779442744553088005e+02
-3.741984844289368652e+02
3.556267468478176141e+01
0.000000000000000000e+00
1.878234793347078835e+01
-1.042381555079382906e+03
-4.198240391608154027e+02
-4.149649419584224006e+02
2.204686893143849957e+01
0.000000000000000000e+00
1.392290764881417964e+01
-6.342476555562691374e+02
-4.019937207608257381e+02
-3.963841557484971077e+02
2.613016070885503339e+01
0.000000000000000000e+00
7.506100153700718813e+00
-7.365305505173334950e+02
-4.026784697442609513e+02
-4.002656976247413922e+02
2.919966318312175346e+01
0.000000000000000000e+00
1.398601814456759129e+01
-8.033131067909029071e+02
-3.917174429802261670e+02
-3.820199452995493061e+02
1.716241917708756048e+01
0.000000000000000000e+00
9.309620863355505094e+00
-5.329679806853952186e+02
-3.959149125371788500e+02
-3.925012896316903266e+02
7.747841000277902346e+00
0.000000000000000000e+00
1.518515523100655962e+01
-3.968787133117446047e+02
-3.759448059667906250e+02
-3.693947997001842509e+02
4.109093426352678335e+01
0.000000000000000000e+00
1.628681483773118543e+01
-1.270100383287144950e+03
-4.412949555710124514e+02
-4.276931097930042256e+02
2.602487886040019305e+01
0.000000000000000000e+00
1.048619495264329515e+01
-7.016863002533426652e+02
-3.765072334052658221e+02
-3.702845043923298931e+02
3.180758615002683598e+01
0.000000000000000000e+00
2.213880020873257237e+01
-8.911875443837926696e+02
-4.071181705699691520e+02
-3.963074972367311375e+02
1.838771524594952567e+01
0.000000000000000000e+00
6.549038260701298242e+00
-5.627751606242719618e+02
-4.020353925902772403e+02
-4.018606953945149485e+02
1.990644786721752979e+01
0.000000000000000000e+00
1.732191692301957531e+01
-5.813080626933414123e+02
-3.939501783972084468e+02
-3.868498812189837395e+02
6.539872302422763184e+00
0.000000000000000000e+00
5.755570907864355767e+00
-4.295228151889092487e+02
-4.135859886433001975e+02
-4.102388438514419136e+02
2.142130873637815469e+01
0.000000000000000000e+00
1.221494272981218288e+01
-5.912034480589585428e+02
-3.744632929765819540e+02
-3.659029847857401023e+02
1.695461636435444319e+01
0.000000000000000000e+00
8.909463189825126861e+00
-5.386434281403616069e+02
-4.000408353974121383e+02
-3.973002049286257602e+02
3.361556871166940397e+01
0.000000000000000000e+00
1.540130121407170805e+01
-9.502513163923041475e+02
-3.963209521193936098e+02
-3.910931706075719489e+02
4.359517709563502308e+01
0.000000000000000000e+00
2.201778662780152018e+01
-1.337566974007637327e+03
-4.114027678679971700e+02
-3.906204104763045848e+02
3.566281980384082573e+01
0.000000000000000000e+00
1.752650408769513035e+01
-1.052654080365251048e+03
-4.307026939096017486e+02
-4.246439676454960477e+02
3.403038743930693499e+01
0.000000000000000000e+00
7.079406418300789205e+00
-9.278946564889067758e+02
-3.552747915059620141e+02
-3.519886062080983038e+02
1.229781361081929525e+01
0.000000000000000000e+00
1.625237772300089034e+01
-4.680295174024792573e+02
-4.105397489037480341e+02
-3.982591027465976481e+02
2.991571585693958824e+01
0.000000000000000000e+00
2.066910805861665068e+01
-8.404608946637666804e+02
-4.160802157094155973e+02
-3.941007121216838982e+02
1.186562696624694624e+01
0.000000000000000000e+00
1.121194622701485244e+01
-4.460871973221570101e+02
-3.791879725132467343e+02
-3.774751892982885124e+02
6.773927798929873845e+00
0.000000000000000000e+00
4.901638882646472517e+00
-4.366024605282229345e+02
-4.166924304067553635e+02
-4.145859827592453257e+02
2.984789537023802453e+01
0.000000000000000000e+00
2.132037928785586089e+01
-8.204449935260042821e+02
-3.989541343258844108e+02
-3.807719105459850653e+02
1.136718977307467782e+01
0.000000000000000000e+00
1.106717872658969704e+01
-4.616422520042036695e+02
-4.021391681875712720e+02
-4.002661895876379958e+02
2.715136258649647161e+01
0.000000000000000000e+00
1.501770216705475924e+01
-7.644696779451094244e+02
-4.109998650128956115e+02
-4.025754228951535652e+02
2.673418539768878688e+01
0.000000000000000000e+00
1.637645952230118240e+01
-7.422556581837620797e+02
-4.022735611507594626e+02
-3.878722376150396371e+02
2.154762483506486603e+01
0.000000000000000000e+00
6.642441416725931802e+00
-6.133465222681644491e+02
-3.873058723970796109e+02
-3.848132880178741857e+02
3.042703529284951358e+01
0.000000000000000000e+00
7.478029901086939546e+00
-8.500279968365111927e+02
-3.929105572284726122e+02
-3.906708299034977472e+02
2.681025411648323953e+01
0.000000000000000000e+00
3.848544770355013078e+00
-7.857430851716402458e+02
-4.339715476711567135e+02
-4.286884805696493572e+02
2.730411707709695079e+01
0.000000000000000000e+00
1.518126158758681932e+01
-7.580530174376200421e+02
-3.955820665844345854e+02
-3.862684389729187160e+02
7.831376207284373336e+00
0.000000000000000000e+00
1.212215648227721765e+01
-4.572349737000748178e+02
-4.458931560076832739e+02
-4.305290992395084118e+02
4.354385099372739631e+01
0.000000000000000000e+00
1.776909931698408940e+01
-1.334568040299251152e+03
-4.043705507270545922e+02
-3.951285023521472226e+02
2.953189282855207765e+01
0.000000000000000000e+00
2.837869048803984384e+00
-8.191711538157562700e+02
-3.903902431285692387e+02
-3.877142920864803841e+02
1.343994712214193044e+01
0.000000000000000000e+00
1.442897342745026634e+01
-4.569474725415685725e+02
-3.817550698905203603e+02
-3.729574857030578414e+02
7.850865305340489542e+00
0.000000000000000000e+00
1.511251107813121841e+01
-4.329513870497428911e+02
-4.175860082865847289e+02
-4.043705403521081507e+02
3.429483746418307533e+01
0.000000000000000000e+00
8.399099619865310729e+00
-1.000072801366912472e+03
-4.163585252811786290e+02
-4.122371053121889304e+02
3.138728068440511976e+01
0.000000000000000000e+00
1.920053758657940790e+01
-8.876531498086222882e+02
-4.164528608670880203e+02
-3.967837679949020071e+02
2.402496096860391006e+01
0.000000000000000000e+00
1.440433061485381216e+01
-6.664010436413240086e+02
-3.843861459140255192e+02
-3.799638182506889734e+02
4.201265623745138100e+01
0.000000000000000000e+00
1.510385451171213944e+01
-1.304560623180208950e+03
-4.374100105645705412e+02
-4.232421628090638706e+02
2.366446249190629203e+01
0.000000000000000000e+00
1.824594511252376350e+01
-6.373550915311346898e+02
-3.684103881646636864e+02
-3.594961781562391820e+02
3.148198187330311626e+01
0.000000000000000000e+00
1.616717208242812376e+01
-8.893565200627248259e+02
-4.009170511398093595e+02
-3.962699784921473452e+02
2.135332700202363299e+01
0.000000000000000000e+00
1.327449672114283885e+01
-6.091117330324306067e+02
-3.875460830195742687e+02
-3.830604806116512009e+02
1.115756847691197784e+01
0.000000000000000000e+00
1.583118607953284851e+01
-4.425719922198944118e+02
-3.848824543989169342e+02
-3.817308487054144734e+02
1.917619887428674019e+01
0.000000000000000000e+00
1.953820647456660353e+01
-5.909332424172071114e+02
-4.352099053442450440e+02
-4.090013598422016230e+02
2.574421168079137701e+01
0.000000000000000000e+00
1.769581851947419793e+01
-7.322927948333235690e+02
-4.267137068443352632e+02
-4.067767822227324359e+02
2.010277282371882990e+01
0.000000000000000000e+00
1.292486811189062301e+01
-6.102052295811329259e+02
-4.231614880623755539e+02
-4.149075180811357768e+02
9.000318889029419012e+00
0.000000000000000000e+00
1.056106370766977598e+01
-4.366520187575313798e+02
-4.053000250460404459e+02
-4.001711619138004039e+02
1.611032428467001765e+01
0.000000000000000000e+00
1.575311332346846704e+01
-5.605752946972435211e+02
-4.417186739427752968e+02
-4.337179340992576613e+02
1.129906521030063793e+01
0.000000000000000000e+00
5.416829349390484438e+00
-4.432438299033534577e+02
-3.842985094547238418e+02
-3.797285193437206203e+02
1.844351930978810827e+01
0.000000000000000000e+00
1.019550930831376512e+01
-5.563182412985112251e+02
-3.919567529016584331e+02
-3.896650224143078276e+02
2.996507111106568289e+01
0.000000000000000000e+00
1.683115282330971141e+01
-8.416113319513694933e+02
-4.092475303663038062e+02
-3.973747731473075646e+02
2.704450962948991233e+01
0.000000000000000000e+00
3.967875560368935073e+00
-7.564931787640055063e+02
-3.971891616080187646e+02
-3.959301383306187745e+02
1.025175040767835455e+01
0.000000000000000000e+00
1.271962008497143160e+01
-4.595795466764568573e+02
-4.193113038546105145e+02
-4.108038449157528476e+02
3.346451569815486948e+01
0.000000000000000000e+00
1.597969513827214527e+01
-9.697191979041623426e+02
-4.265217625224020139e+02
-4.144414599228549605e+02
2.860219696972104941e+01
0.000000000000000000e+00
1.076037558469553623e+01
-8.156015093004482424e+02
-4.134653196814051057e+02
-4.096695349549113985e+02
2.722447097464312904e+01
0.000000000000000000e+00
1.037255777997104644e+01
-7.530890138518745971e+02
-3.882669028256370325e+02
-3.870226599221763877e+02
2.016947851933147717e+01
0.000000000000000000e+00
1.744364055666479274e+01
-6.023225092462000703e+02
-4.063990858387994649e+02
-4.000892411154372894e+02
2.492449519446975259e+01
0.000000000000000000e+00
1.495127091745432146e+01
-7.112570784086771027e+02
-4.057161955564464506e+02
-4.001957611504798251e+02
2.759322595927329047e+01
0.000000000000000000e+00
6.984718348022131096e+00
-7.690085166412310400e+02
-3.950536058378863800e+02
-3.916233649561247603e+02
3.794822353919379765e+01
0.000000000000000000e+00
1.601048470326054840e+01
-1.088444752415896346e+03
-3.824301158082004690e+02
-3.699905767971283694e+02
2.234007985326129386e+01
0.000000000000000000e+00
1.658989644827090970e+01
-6.615865849103638539e+02
-4.314007648636025465e+02
-4.179114129937703410e+02
2.783318624178888356e+01
0.000000000000000000e+00
2.193206817214916526e+01
-7.754493671050267949e+02
-4.078929391021457036e+02
-3.923592102144417026e+02
3.098516905034766467e+01
0.000000000000000000e+00
1.730884297715130060e+01
-8.526115125306669142e+02
-3.861653987814214588e+02
-3.724543458315598627e+02
3.135449403966477178e+01
0.000000000000000000e+00
1.302711879765268499e+01
-9.011584690462910885e+02
-4.191255423884402944e+02
-4.155748404322333158e+02
3.990076496125731609e+01
0.000000000000000000e+00
1.388314606406876983e+01
-1.183174703500130136e+03
-4.001041709439656984e+02
-3.899570345269331142e+02
1.339045024546508778e+01
0.000000000000000000e+00
8.931966285791798299e+00
-4.728344289004041343e+02
-3.859838571816792410e+02
-3.841826691065239174e+02
1.359372575301599007e+01
0.000000000000000000e+00
1.354313924098816102e+01
-4.698337854964339613e+02
-3.952341910487020300e+02
-3.799382754127641419e+02
2.063865376035762011e+01
0.000000000000000000e+00
1.624872460385297046e+01
-5.752749571941590148e+02
-3.728510012430369898e+02
-3.644583231259794047e+02
3.703663740363439594e+00
0.000000000000000000e+00
6.950179778627080474e+00
-4.071040717925517924e+02
-4.016792383662704538e+02
-4.013895860648201506e+02
1.462927311261193353e+01
0.000000000000000000e+00
1.031101527943586582e+01
-5.056654671353346657e+02
-4.090222776392265587e+02
-3.995943116090907665e+02
