# Not optimal SNR, Injected 220+221 mode, syntax=[snr_tot, snr_220, snr_221, nofilter, evidence220, evidence220_221]
5.260179859657859680e+01
3.501636882302575771e+01
2.938778859159679069e+00
-1.795087841727085333e+03
-5.349438768471284220e+02
-4.163395575999581979e+02
9.000302641961144445e+01
8.481157896704706900e+01
3.438450459382064395e+01
-4.437033260671345488e+03
-4.067194149796970351e+02
-3.952763146083668744e+02
6.742361092834212855e+01
5.494822022720290278e+01
9.829305494239250152e+00
-2.667227353411270542e+03
-4.897593592454973646e+02
-4.256544307618844982e+02
1.241321867209367582e+02
1.175689339200230137e+02
1.146571594772420184e+02
-8.079007598592831528e+03
-5.452726826615645450e+02
-3.881714631403910971e+02
9.251986256095922556e+01
8.715984031018412281e+01
2.573157886716653309e+01
-4.637490388144611643e+03
-4.047705969508956514e+02
-3.715230583887778835e+02
3.876258226211026425e+01
-1.744495085559195502e+01
3.220291161295791227e+01
-1.180658174732826183e+03
-6.300126958318787729e+02
-4.354655653595978038e+02
7.181464969544030907e+01
3.480689453513080167e+01
5.996341236439086941e+01
-2.946931419728927722e+03
-4.546395629254234336e+02
-3.817625610480779983e+02
3.622052104865455391e+01
3.331323336584538453e+01
-2.305005615124765939e+01
-1.066847954292658414e+03
-4.662567481328059102e+02
-4.192241085963260048e+02
1.199268838408751492e+02
1.159081799212034554e+02
1.107965479594204794e+02
-7.603512753222662468e+03
-5.219668536775760685e+02
-4.211721546173930619e+02
7.149099307225854716e+01
6.983419233003183990e+01
-5.197925086990155563e+01
-2.988507180212212006e+03
-4.935873262445187493e+02
-4.472652919576929662e+02
9.294934212204508128e+01
8.357549271070887187e+01
6.168370917401770726e+01
-4.715055475955762631e+03
-4.263133394118450497e+02
-4.032974094752173642e+02
3.690614881159743987e+01
3.426760139120392523e+01
3.520791669850249406e+01
-1.060533249126274313e+03
-3.875230185159956591e+02
-3.781023528668723657e+02
5.962947551423393833e+01
4.668297495161575483e+01
-8.774718699297499924e+00
-2.186723977664746599e+03
-5.128696000319251880e+02
-4.170071142414286101e+02
5.466529697041624303e+01
5.196760251491038218e+01
5.271763626384807111e+01
-1.890318127037520753e+03
-4.497999571643401850e+02
-4.149412466977696567e+02
2.195681326183622417e+01
1.349509840775603386e+01
1.520776495535984540e-01
-6.172137064597610561e+02
-4.193044341748383772e+02
-3.818983241626076506e+02
4.042286639175305396e+01
2.943626060351312290e+01
-9.100446140908127646e+00
-1.191564165348693450e+03
-5.474788567630928355e+02
-3.829639271790289285e+02
1.140520770013624485e+02
9.119944629731679697e+01
9.615966458643875114e+01
-6.904098245848405895e+03
-5.815682435617453621e+02
-4.247374242843372940e+02
4.524688670193457796e+01
4.485556638615869218e+01
-2.698757357156451420e+01
-1.413490482208283538e+03
-4.032518346535306364e+02
-3.983620127133776805e+02
1.067976136221112711e+02
8.821552567339851691e+01
9.103430549561780083e+01
-6.104388720945139539e+03
-5.149619105698334351e+02
-4.258147613990645368e+02
5.505643340306788502e+01
4.183941614167544998e+01
1.617937109158921416e+01
-1.902716922098418081e+03
-4.524781557125563154e+02
-3.923887075090671601e+02
5.809417308845115713e+01
5.709068111536475953e+01
5.577850726249760527e+01
-2.063752278047003983e+03
-3.970395847819753499e+02
-3.812301184015167905e+02
5.935822926501440833e+01
3.999841668439376718e+01
2.530910950352569699e+01
-2.147395069369358680e+03
-4.237987762888173506e+02
-3.932112853278308080e+02
4.202224564391134720e+01
3.808362671681853584e+01
-2.848024445226734702e+00
-1.252256193735741817e+03
-3.882682388873146238e+02
-3.731078184678306116e+02
1.000658386260142692e+02
8.317167551768473288e+01
6.740333383046413473e+01
-5.387877382450715231e+03
-4.423391262439731122e+02
-3.845831610144197157e+02
1.043246091146075258e+02
8.833599446419819401e+01
9.432867590103448663e+01
-5.804727801724106939e+03
-4.821416341847547073e+02
-3.953646966344193743e+02
8.068372222965851392e+01
8.040593522299371898e+01
2.639575470150754910e+01
-3.643930958712398478e+03
-3.962256459498601657e+02
-3.951646805985254218e+02
1.076758140581644483e+02
1.000885513139446630e+02
8.084706514571563218e+01
-6.165805756974214091e+03
-4.134584500068510238e+02
-3.805824754417263307e+02
9.282138062823656810e+01
7.897790418039085125e+01
8.301367271396631509e+01
-4.698470420782588917e+03
-4.644552141124813716e+02
-3.902643430237133657e+02
5.574780494007281106e+01
3.753888394233017323e+01
2.102786777164768495e+01
-1.944567235204685403e+03
-4.235102530241296677e+02
-3.901352309966797520e+02
1.110622814741029458e+02
1.091828527893456311e+02
1.048875546977456992e+02
-6.554079197348916750e+03
-4.595599679919898222e+02
-4.216253356488577992e+02
4.401845396661164500e+01
-8.166973001995513570e+00
4.124877859680811554e+01
-1.387338868388067567e+03
-5.838725512638297914e+02
-4.306281816617494087e+02
4.021429546991628712e+01
3.556269823985421397e+01
-2.293315196527913713e+01
-1.230782611945447343e+03
-5.075023752800996135e+02
-4.250349951444764542e+02
7.161599264010936849e+01
6.993785356332026026e+01
-5.125576921651527584e+01
-2.989983833056117419e+03
-4.837090213253848674e+02
-4.309688675156871795e+02
5.057178955970658052e+01
3.927191124674587996e+01
-2.022724404037513679e+01
-1.636171831545284931e+03
-6.274412804498073228e+02
-3.608538620976024163e+02
2.011092479635649610e+01
5.335454731235071080e+00
9.575037775141963081e+00
-6.054606491825444436e+02
-4.204041072550804188e+02
-4.036967474130025835e+02
2.330539518837056079e+01
1.565361818972577268e+01
3.385645055553186289e+00
-6.771998455375868389e+02
-4.221243209035116024e+02
-4.069552231416454333e+02
3.790912154705421955e+01
3.658262637513658433e+01
-2.587881120154069237e+01
-1.144839975748682718e+03
-4.586707702890342944e+02
-4.336382059125386945e+02
8.901042930734001857e+01
8.853060425490436103e+01
7.688356602083206326e+01
-4.359506254428228203e+03
-4.192798943081453444e+02
-4.108622585440459716e+02
3.363251041205940339e+01
3.158953488876967253e+00
2.488858461761960328e+01
-9.625690764954522365e+02
-4.902419666068411175e+02
-4.059377922963618630e+02
9.933474896538083954e+01
9.681247656390910095e+01
9.179317675642951713e+01
-5.313396948073517706e+03
-4.254056583326963619e+02
-4.006872649324330382e+02
7.019444397721450457e+01
3.633781483033837389e+01
5.557002255915208622e+01
-2.843701665402506478e+03
-4.626818318991300885e+02
-3.857853491878912564e+02
4.118597104125984742e+01
3.192383667799090219e+01
-6.340811541097996162e+00
-1.212375428325027997e+03
-4.603407387165080422e+02
-3.713477238511341625e+02
9.802093620333309332e+01
9.660740352437166223e+01
8.464925041165437847e+01
-5.165972007298627432e+03
-3.864797435208380989e+02
-3.847404812035631494e+02
9.520469495286289430e+01
8.611442855925186279e+01
2.841627180908130157e+01
-4.907349251212232957e+03
-4.290116147627371106e+02
-3.895120171968441127e+02
6.457006882315998553e+01
6.210140266176011181e+01
-4.560098840396288011e+01
-2.496124992006002230e+03
-4.732401570865338272e+02
-4.204846248982935322e+02
1.265818067909300595e+02
1.243942338643200429e+02
1.096883740867720718e+02
-8.432796461683661619e+03
-4.847500649445478302e+02
-4.625123361332560989e+02
5.622861533930851863e+01
5.233802164239654786e+01
-3.247671407271548105e+01
-1.998387359172226070e+03
-5.138367621377519754e+02
-4.199657953463276954e+02
6.308463396330696327e+01
5.594928448872564530e+01
-8.485753703603908349e+00
-2.383942580663573608e+03
-4.378470115218925116e+02
-3.998699995156599698e+02
2.658162632302578388e+01
2.512616089300436784e+01
-1.727842144637128641e+01
-7.584564300221248914e+02
-4.183671264358702047e+02
-4.084966440556686962e+02
8.776161725904255206e+01
5.460095066785473961e+01
8.396296621310420960e+01
-4.199367351724679793e+03
-5.678928279068226175e+02
-3.641243193463009220e+02
7.532536982425031624e+01
5.745212362169005615e+01
6.284464924529192587e+01
-3.251860555953008770e+03
-4.996652110994180589e+02
-4.283424047351941795e+02
5.847361195774528397e+01
5.784835183631984989e+01
5.312229501613115445e+01
-2.098649827616183757e+03
-4.032295893798240627e+02
-3.925205304136857194e+02
8.719994510797768328e+01
8.562315190740071102e+01
7.427287272226210746e+01
-4.220401902280610557e+03
-4.446196849696943900e+02
-4.227951430340766024e+02
8.945844630620415217e+01
7.322154388460783991e+01
5.514463243233663547e+01
-4.413810850728749756e+03
-4.521002345475952779e+02
-4.156754160301069305e+02
1.133338677558643042e+02
1.001495496421225937e+02
1.022405731166222580e+02
-6.796225105468762195e+03
-5.125656410025986816e+02
-4.254484985604030953e+02
4.180775339724385731e+01
3.368290527709120141e+01
-1.650988688504147817e+01
-1.255958093582187303e+03
-5.146879417388012143e+02
-3.854741478876212000e+02
1.012263441962986690e+02
9.390596830432576780e+01
1.544360963383727103e+01
-5.503397535751106261e+03
-4.358439438852028047e+02
-3.845980643466430706e+02
1.249996072197669150e+02
1.238325081415163993e+02
1.168708445267068328e+02
-8.210380269738907373e+03
-4.535796008214290964e+02
-4.273200212129058855e+02
1.332510320344980528e+02
1.298597329777434197e+02
1.106865405354056833e+02
-9.281841036513154904e+03
-4.811626065089273538e+02
-4.503657133921549871e+02
7.663165986676467867e+01
7.658038056981244779e+01
6.678667196341697831e+01
-3.339735178489419468e+03
-4.129665115696483895e+02
-4.121906457709794722e+02
1.086431812807845319e+02
9.909593431401357577e+01
1.026014450041477630e+02
-6.285908776569687689e+03
-6.638938775199527527e+02
-4.408310086754925692e+02
7.839437088020909528e+01
6.923887321137308959e+01
-6.555476758650295999e+00
-3.476477740692985208e+03
-4.810118497545232117e+02
-4.154756511026012618e+02
4.540328969836054540e+01
3.260551217185153661e+01
1.058834803889477705e+01
-1.426594634147890019e+03
-4.828947632387020121e+02
-4.022489039820526955e+02
8.432376492549599334e+01
7.613167774003437671e+01
-1.025505175479323228e+01
-3.949087275116812179e+03
-4.884370361603603783e+02
-4.094483853736410310e+02
9.891953157471422742e+01
8.709683710676543456e+01
6.012680181752519104e+01
-5.276177366199232893e+03
-4.351145607625813909e+02
-4.012379766804770611e+02
1.134444311365414819e+02
1.091550889732610017e+02
8.028284609287644003e+01
-6.838260256463670885e+03
-4.479537381115676453e+02
-4.291747860097544276e+02
9.169015552867574570e+01
8.687068773689250634e+01
1.944488429485631897e+01
-4.607154460857398590e+03
-4.310757692099779774e+02
-4.101842689888594577e+02
1.008341285655423576e+02
8.214190502800920513e+01
9.447102460473526264e+01
-5.454194567828254549e+03
-5.757084792061804137e+02
-3.870832494925195419e+02
7.517461611261941812e+01
6.873968083512525595e+01
-2.579650244144124116e+01
-3.212232663711435634e+03
-4.807164900895269852e+02
-3.932548535476412326e+02
7.362487906754610378e+01
7.236510470687092322e+01
2.544356052974468696e+01
-3.078202978097210689e+03
-3.827726662477634818e+02
-3.758292626267240735e+02
1.068248547656755534e+02
1.052005778552156841e+02
5.210841143062363301e+01
-6.092550505334475019e+03
-4.119232531569260800e+02
-4.041567331702700585e+02
9.673880492363413452e+01
7.023025483742617325e+01
4.998381670177152358e+01
-5.092008246539497122e+03
-5.184094438023563498e+02
-4.526324328449958330e+02
5.557237844821390382e+01
4.425910158776480330e+01
1.981993807472665381e+01
-1.955667210560710600e+03
-4.446245385425810355e+02
-4.191700350408367513e+02
3.080244717181736291e+01
2.859103596987745632e+01
2.399686952089932035e+01
-8.626213112463232164e+02
-3.961256069950511574e+02
-3.921721413808389229e+02
3.692496322840964496e+01
3.596967819360822460e+01
3.168586853810268522e+01
-1.080366922204065759e+03
-4.086668390570701490e+02
-4.022690177007406760e+02
9.479191760599115923e+01
9.285542079656720205e+01
7.324049404279840303e+01
-4.892919334311312923e+03
-4.474458032079390364e+02
-4.394838069995403771e+02
1.066754251511586347e+02
1.013087754584239377e+02
5.463266571583103826e+01
-6.093243985334763238e+03
-4.782862796460355526e+02
-4.454091048951702874e+02
7.729147814604198174e+01
6.126457864456362046e+01
4.747292657344453204e+01
-3.403376107539441364e+03
-4.701019997068208909e+02
-4.420396078538393567e+02
6.130699726788258630e+01
5.873561083481982337e+01
4.634347662900925258e+01
-2.289897106772872576e+03
-4.324251029384806770e+02
-4.162363653825016172e+02
7.494303147811854160e+01
7.127764270598434848e+01
2.917440345039491589e+01
-3.215643233881735796e+03
-4.326395955039928367e+02
-4.225256134711981417e+02
5.893122044844555063e+01
4.695082977143584912e+01
-2.615084461480011502e+00
-2.159557705175443061e+03
-4.885431492282197041e+02
-4.352924842255343378e+02
4.820288014173177515e+01
3.631006128293789459e+01
1.289669345991741167e+01
-1.526828968215029818e+03
-4.390103129399568616e+02
-3.791669862209705002e+02
6.302716837123256965e+01
5.830850891284902815e+01
-2.820946594106096228e+01
-2.375344706121179115e+03
-4.431828439732391871e+02
-3.947757007649924503e+02
9.048117573170704020e+01
7.308115354127946262e+01
6.638411807127674535e+01
-4.482495861357120702e+03
-4.401107649885951787e+02
-4.064656672337324608e+02
6.474178999938044399e+01
6.338207224554673047e+01
4.126511847117059517e+01
-2.482512080053689260e+03
-3.974025016210573540e+02
-3.949470984893488321e+02
5.839212109952050156e+01
4.052626127663594247e+01
2.660607304618624269e+01
-2.107482398688705416e+03
-4.471876205599507443e+02
-4.147576111878655638e+02
6.538808176475376399e+01
1.613694156266573287e+01
6.154271841420548839e+01
-2.520033099470483194e+03
-5.756511912648358020e+02
-4.007179373732274712e+02
