7.851994630047590817e+01
-3.458757630811260697e+03
-2.247125282654385046e+03
-2.785829023789237453e+03
-7.008010617069697901e+02
-3.823125207254797715e+02
1.520608243297318931e-04
2.160864345738295223e-04
4.881952781112445074e-04
5.218087234893957309e-03
7.851994630047590817e+01
-3.458757630811260697e+03
-2.247125282654385046e+03
-2.785829023789237453e+03
-7.008010617069697901e+02
-3.823125207254797715e+02
1.520608243297318931e-04
2.160864345738295223e-04
4.881952781112445074e-04
5.218087234893957309e-03
1.342057310179319245e+02
-9.391207696850407956e+03
-3.502066803567160605e+03
-6.407383486688378980e+03
-1.170543611438465632e+03
-3.964693300146836350e+02
4.801920768307322868e-05
8.003201280512204328e-05
2.160864345738295223e-04
4.641856742697078727e-04
1.342057310179319245e+02
-9.391207696850407956e+03
-3.502066803567160605e+03
-6.407383486688378980e+03
-1.170543611438465632e+03
-3.964693300146836350e+02
4.801920768307322868e-05
8.003201280512204328e-05
2.160864345738295223e-04
4.641856742697078727e-04
1.412577352784510083e+02
-1.037953907347342829e+04
-3.460348487621262393e+03
-2.509333748831416870e+03
-7.020144084089686203e+02
-4.279720040289964800e+02
1.600640256102440866e-04
1.654261704681872849e-02
4.561824729891956792e-04
7.939175670268108082e-03
1.412577352784510083e+02
-1.037953907347342829e+04
-3.460348487621262393e+03
-2.509333748831416870e+03
-7.020144084089686203e+02
-4.279720040289964800e+02
1.600640256102440866e-04
1.654261704681872849e-02
4.561824729891956792e-04
7.939175670268108082e-03
1.477443401271718244e+02
-1.131200707917341060e+04
-2.507775856193527488e+03
-1.940820309920969521e+03
-8.878422915524681684e+02
-4.057155149756430319e+02
1.200480192076830785e-04
7.202881152460983896e-04
7.202881152460984980e-05
8.323329331732693152e-04
1.477443401271718244e+02
-1.131200707917341060e+04
-2.507775856193527488e+03
-1.940820309920969521e+03
-8.878422915524681684e+02
-4.057155149756430319e+02
1.200480192076830785e-04
7.202881152460983896e-04
7.202881152460984980e-05
8.323329331732693152e-04
1.207374739451857408e+02
-7.692035628836259093e+03
-2.877911359393601288e+03
-2.671109929855783321e+03
-7.843764580696415578e+02
-4.286381892981939927e+02
3.121248499399759796e-04
6.386554621848739184e-03
3.041216486594637862e-04
3.337334933973589400e-03
1.207374739451857408e+02
-7.692035628836259093e+03
-2.877911359393601288e+03
-2.671109929855783321e+03
-7.843764580696415578e+02
-4.286381892981939927e+02
3.121248499399759796e-04
6.386554621848739184e-03
3.041216486594637862e-04
3.337334933973589400e-03
2.467456840927643213e+02
-3.082771960816967476e+04
-2.233685371482176379e+03
-1.469045105366770031e+03
-9.297356756794935109e+02
-4.838897686686310067e+02
8.003201280512204328e-05
1.680672268907563072e-04
1.120448179271708714e-04
3.097238895558223487e-03
2.467456840927643213e+02
-3.082771960816967476e+04
-2.233685371482176379e+03
-1.469045105366770031e+03
-9.297356756794935109e+02
-4.838897686686310067e+02
8.003201280512204328e-05
1.680672268907563072e-04
1.120448179271708714e-04
3.097238895558223487e-03
1.377717942346033908e+02
-9.880757928797353088e+03
-1.656133735330555510e+03
-2.443163469204362173e+03
-6.472700210926350337e+02
-4.169099472537012048e+02
4.401760704281712923e-04
1.520608243297318931e-04
9.443777511004401324e-04
3.849539815926370651e-03
1.377717942346033908e+02
-9.880757928797353088e+03
-1.656133735330555510e+03
-2.443163469204362173e+03
-6.472700210926350337e+02
-4.169099472537012048e+02
4.401760704281712923e-04
1.520608243297318931e-04
9.443777511004401324e-04
3.849539815926370651e-03
1.027321800466235402e+02
-5.646451944057717810e+03
-1.357220922415616087e+03
-1.743068711234767761e+03
-6.152091226155710046e+02
-4.088665055113357880e+02
7.843137254901960459e-04
1.760704281712685006e-04
1.768707482993197308e-03
9.851940776310524547e-03
1.027321800466235402e+02
-5.646451944057717810e+03
-1.357220922415616087e+03
-1.743068711234767761e+03
-6.152091226155710046e+02
-4.088665055113357880e+02
7.843137254901960459e-04
1.760704281712685006e-04
1.768707482993197308e-03
9.851940776310524547e-03
1.250900694500950721e+02
-8.221488937111307678e+03
-2.028201883924932872e+03
-1.623641625343452915e+03
-7.898304685985297056e+02
-4.146228233449945151e+02
1.200480192076830785e-04
2.128851540616246395e-03
2.561024409763905710e-04
3.897559023609443920e-03
1.250900694500950721e+02
-8.221488937111307678e+03
-2.028201883924932872e+03
-1.623641625343452915e+03
-7.898304685985297056e+02
-4.146228233449945151e+02
1.200480192076830785e-04
2.128851540616246395e-03
2.561024409763905710e-04
3.897559023609443920e-03
1.349548975914056541e+02
-9.514984742955748516e+03
-2.205182434165776158e+03
-3.540959358424705897e+03
-8.370401532144284147e+02
-4.398703093093457142e+02
1.760704281712685006e-04
1.040416166466586644e-04
9.603841536614646278e-04
3.209283713485394304e-03
1.349548975914056541e+02
-9.514984742955748516e+03
-2.205182434165776158e+03
-3.540959358424705897e+03
-8.370401532144284147e+02
-4.398703093093457142e+02
1.760704281712685006e-04
1.040416166466586644e-04
9.603841536614646278e-04
3.209283713485394304e-03
1.352877182672361585e+02
-9.548455666851010392e+03
-9.569519598640659979e+02
-1.021781927426575180e+03
-7.603172791055153539e+02
-4.074992568573466656e+02
7.042817126850740026e-04
9.603841536614645736e-05
3.041216486594637862e-04
5.074029611844737934e-03
1.352877182672361585e+02
-9.548455666851010392e+03
-9.569519598640659979e+02
-1.021781927426575180e+03
-7.603172791055153539e+02
-4.074992568573466656e+02
7.042817126850740026e-04
9.603841536614645736e-05
3.041216486594637862e-04
5.074029611844737934e-03
1.396419269626367168e+02
-1.013812459765954191e+04
-1.320786411114413795e+03
-1.990226540103424668e+03
-7.675398114718716442e+02
-3.994309811314018930e+02
4.001600640256102706e-04
2.400960384153661434e-05
1.648659463785514135e-03
9.163665466186474498e-03
1.396419269626367168e+02
-1.013812459765954191e+04
-1.320786411114413795e+03
-1.990226540103424668e+03
-7.675398114718716442e+02
-3.994309811314018930e+02
4.001600640256102706e-04
2.400960384153661434e-05
1.648659463785514135e-03
9.163665466186474498e-03
1.071755723803511273e+02
-6.159121148500664276e+03
-4.230059458987672770e+03
-4.684170845069079405e+03
-1.061234371948238277e+03
-5.138376781475332109e+02
1.040416166466586644e-04
2.320928371348539364e-04
3.841536614645858294e-04
2.969187675070027958e-03
1.071755723803511273e+02
-6.159121148500664276e+03
-4.230059458987672770e+03
-4.684170845069079405e+03
-1.061234371948238277e+03
-5.138376781475332109e+02
1.040416166466586644e-04
2.320928371348539364e-04
3.841536614645858294e-04
2.969187675070027958e-03
2.501710491996433348e+02
-3.167199210600662627e+04
-1.732867599157340237e+03
-1.401580821839407236e+03
-1.033509464118210872e+03
-5.147620173648397213e+02
8.803521408563425032e-05
2.080832332933173288e-04
1.600640256102441069e-05
5.298119247699079569e-03
2.501710491996433348e+02
-3.167199210600662627e+04
-1.732867599157340237e+03
-1.401580821839407236e+03
-1.033509464118210872e+03
-5.147620173648397213e+02
8.803521408563425032e-05
2.080832332933173288e-04
1.600640256102441069e-05
5.298119247699079569e-03
2.309981835470368310e+02
-2.707088290932480959e+04
-3.345216186111206753e+03
-2.966887051516766405e+03
-1.209001821996809895e+03
-4.036694848054652880e+02
5.602240896358543572e-05
1.760704281712685006e-04
5.602240896358543572e-05
2.480992396958783775e-04
2.309981835470368310e+02
-2.707088290932480959e+04
-3.345216186111206753e+03
-2.966887051516766405e+03
-1.209001821996809895e+03
-4.036694848054652880e+02
5.602240896358543572e-05
1.760704281712685006e-04
5.602240896358543572e-05
2.480992396958783775e-04
1.406147577817716297e+02
-1.025579146341577871e+04
-1.734476363584171395e+03
-2.966153276913762056e+03
-7.990774705945675578e+02
-3.895709463661171981e+02
1.680672268907563072e-04
8.003201280512204328e-05
7.442977190876350242e-04
2.144857943177271107e-03
1.406147577817716297e+02
-1.025579146341577871e+04
-1.734476363584171395e+03
-2.966153276913762056e+03
-7.990774705945675578e+02
-3.895709463661171981e+02
1.680672268907563072e-04
8.003201280512204328e-05
7.442977190876350242e-04
2.144857943177271107e-03
1.409223288010215356e+02
-1.029625826252935622e+04
-1.540398964733384219e+03
-2.664228149424644926e+03
-7.796354872800410476e+02
-3.731919588177296987e+02
3.361344537815126143e-04
2.320928371348539364e-04
1.200480192076830649e-03
4.857943177270908006e-03
1.409223288010215356e+02
-1.029625826252935622e+04
-1.540398964733384219e+03
-2.664228149424644926e+03
-7.796354872800410476e+02
-3.731919588177296987e+02
3.361344537815126143e-04
2.320928371348539364e-04
1.200480192076830649e-03
4.857943177270908006e-03
1.149414600328288429e+02
-7.008897744921648155e+03
-3.336690925122817589e+03
-3.650010327320555007e+03
-8.664728851764044748e+02
-4.938569779376931024e+02
3.137254901960784183e-03
4.161664665866346576e-04
7.843137254901960459e-04
9.739895958383353730e-03
1.149414600328288429e+02
-7.008897744921648155e+03
-3.336690925122817589e+03
-3.650010327320555007e+03
-8.664728851764044748e+02
-4.938569779376931024e+02
3.137254901960784183e-03
4.161664665866346576e-04
7.843137254901960459e-04
9.739895958383353730e-03
1.796118143860084615e+02
-1.652763929123109483e+04
-3.721361573730872351e+03
-1.532081083013298212e+03
-6.316269889525716508e+02
-4.080058324043864104e+02
1.280512204881952855e-04
2.480992396958783559e-03
2.961184473789515927e-04
4.585834333733493536e-03
1.796118143860084615e+02
-1.652763929123109483e+04
-3.721361573730872351e+03
-1.532081083013298212e+03
-6.316269889525716508e+02
-4.080058324043864104e+02
1.280512204881952855e-04
2.480992396958783559e-03
2.961184473789515927e-04
4.585834333733493536e-03
1.269104703816477127e+02
-8.445502853082265574e+03
-1.450026490299278521e+03
-2.424456932632416283e+03
-7.312372606139213076e+02
-4.141388235469313486e+02
1.760704281712685006e-04
7.202881152460984980e-05
7.603041216486594112e-04
2.625050020008003367e-03
1.269104703816477127e+02
-8.445502853082265574e+03
-1.450026490299278521e+03
-2.424456932632416283e+03
-7.312372606139213076e+02
-4.141388235469313486e+02
1.760704281712685006e-04
7.202881152460984980e-05
7.603041216486594112e-04
2.625050020008003367e-03
2.696292619630709737e+02
-3.672836271253406449e+04
-1.972699844703129429e+03
-2.345496857905530760e+03
-1.471374259948938288e+03
-3.883407991686697187e+02
2.641056422569027645e-04
8.803521408563425032e-05
2.801120448179271515e-04
2.641056422569027645e-04
2.696292619630709737e+02
-3.672836271253406449e+04
-1.972699844703129429e+03
-2.345496857905530760e+03
-1.471374259948938288e+03
-3.883407991686697187e+02
2.641056422569027645e-04
8.803521408563425032e-05
2.801120448179271515e-04
2.641056422569027645e-04
1.893290639466200105e+02
-1.832180107250767833e+04
-2.166297812480758694e+03
-2.502054909080430207e+03
-1.027477786757116746e+03
-4.475594012118026512e+02
1.072428971588635553e-03
2.400960384153661434e-05
9.603841536614645736e-05
5.026010404161665099e-03
1.893290639466200105e+02
-1.832180107250767833e+04
-2.166297812480758694e+03
-2.502054909080430207e+03
-1.027477786757116746e+03
-4.475594012118026512e+02
1.072428971588635553e-03
2.400960384153661434e-05
9.603841536614645736e-05
5.026010404161665099e-03
2.254386419991856485e+02
-2.581454916680837050e+04
-2.243138299856670073e+03
-1.596701319899427517e+03
-8.391730457996916357e+02
-4.192233903816035081e+02
5.602240896358543572e-05
2.000800320128051353e-04
8.803521408563425032e-05
1.424569827931172501e-03
2.254386419991856485e+02
-2.581454916680837050e+04
-2.243138299856670073e+03
-1.596701319899427517e+03
-8.391730457996916357e+02
-4.192233903816035081e+02
5.602240896358543572e-05
2.000800320128051353e-04
8.803521408563425032e-05
1.424569827931172501e-03
2.247396967403532244e+02
-2.564689910250399043e+04
-3.748070526930749111e+03
-2.726862593793247470e+03
-1.079047508066578985e+03
-4.053239593568079613e+02
4.801920768307322868e-05
3.521408563425370013e-04
8.003201280512204328e-05
7.523009203681472719e-04
2.247396967403532244e+02
-2.564689910250399043e+04
-3.748070526930749111e+03
-2.726862593793247470e+03
-1.079047508066578985e+03
-4.053239593568079613e+02
4.801920768307322868e-05
3.521408563425370013e-04
8.003201280512204328e-05
7.523009203681472719e-04
2.139454087399547575e+02
-2.326163971294067596e+04
-1.329923439864793181e+03
-1.555036132464876346e+03
-8.461752078181763181e+02
-3.853104692015605792e+02
3.841536614645858294e-04
8.803521408563425032e-05
1.360544217687074790e-04
1.656662665066026491e-03
2.139454087399547575e+02
-2.326163971294067596e+04
-1.329923439864793181e+03
-1.555036132464876346e+03
-8.461752078181763181e+02
-3.853104692015605792e+02
3.841536614645858294e-04
8.803521408563425032e-05
1.360544217687074790e-04
1.656662665066026491e-03
1.807767894034444964e+02
-1.675940932121122751e+04
-2.461373600190545858e+03
-1.446997802646195851e+03
-8.494467346140442032e+02
-4.319169664923578580e+02
9.603841536614645736e-05
5.682272909163665507e-04
2.160864345738295223e-04
3.561424569827931035e-03
1.807767894034444964e+02
-1.675940932121122751e+04
-2.461373600190545858e+03
-1.446997802646195851e+03
-8.494467346140442032e+02
-4.319169664923578580e+02
9.603841536614645736e-05
5.682272909163665507e-04
2.160864345738295223e-04
3.561424569827931035e-03
1.382664950971506528e+02
-9.974804210284266446e+03
-1.652750113224096367e+03
-1.655174581171379486e+03
-1.048157494987400696e+03
-4.370113867619576808e+02
1.624649859943977500e-03
2.480992396958783775e-04
2.721088435374149580e-04
2.008803521408563438e-03
1.382664950971506528e+02
-9.974804210284266446e+03
-1.652750113224096367e+03
-1.655174581171379486e+03
-1.048157494987400696e+03
-4.370113867619576808e+02
1.624649859943977500e-03
2.480992396958783775e-04
2.721088435374149580e-04
2.008803521408563438e-03
9.779507880225899896e+01
-5.158540715305875892e+03
-1.695359554592035238e+03
-1.699327133261377639e+03
-6.838925919931640465e+02
-3.923297739043276806e+02
4.377751100440176180e-03
2.320928371348539364e-04
5.442176870748299160e-04
6.770708283313325339e-03
9.779507880225899896e+01
-5.158540715305875892e+03
-1.695359554592035238e+03
-1.699327133261377639e+03
-6.838925919931640465e+02
-3.923297739043276806e+02
4.377751100440176180e-03
2.320928371348539364e-04
5.442176870748299160e-04
6.770708283313325339e-03
2.082376418147721608e+02
-2.208543475390127423e+04
-1.308836952944536051e+03
-1.390192648024366918e+03
-1.017151910237003676e+03
-4.556539853250838519e+02
1.360544217687074736e-03
1.600640256102441069e-05
1.200480192076830785e-04
5.266106442577031012e-03
2.082376418147721608e+02
-2.208543475390127423e+04
-1.308836952944536051e+03
-1.390192648024366918e+03
-1.017151910237003676e+03
-4.556539853250838519e+02
1.360544217687074736e-03
1.600640256102441069e-05
1.200480192076830785e-04
5.266106442577031012e-03
1.868103927710855032e+02
-1.783507323832818656e+04
-1.139185704522567903e+03
-1.137313339375784835e+03
-8.938875420287257612e+02
-4.015815741524987175e+02
1.760704281712685006e-04
1.440576230492196996e-04
8.003201280512204328e-05
1.776710684273709448e-03
1.868103927710855032e+02
-1.783507323832818656e+04
-1.139185704522567903e+03
-1.137313339375784835e+03
-8.938875420287257612e+02
-4.015815741524987175e+02
1.760704281712685006e-04
1.440576230492196996e-04
8.003201280512204328e-05
1.776710684273709448e-03
1.959529426869799522e+02
-1.957216242823552966e+04
-1.778504932676741419e+03
-1.075090323240803627e+03
-7.154031531885011645e+02
-3.843462351004590118e+02
9.603841536614645736e-05
2.641056422569027645e-04
1.040416166466586644e-04
2.985194077631052236e-03
1.959529426869799522e+02
-1.957216242823552966e+04
-1.778504932676741419e+03
-1.075090323240803627e+03
-7.154031531885011645e+02
-3.843462351004590118e+02
9.603841536614645736e-05
2.641056422569027645e-04
1.040416166466586644e-04
2.985194077631052236e-03
1.203974458768746416e+02
-7.653490917381541294e+03
-2.141947642595502202e+03
-2.551470467078074307e+03
-6.678383301835395969e+02
-4.096251748428884412e+02
8.163265306122449282e-04
1.760704281712685006e-04
6.802721088435373679e-04
3.353341336534613679e-03
1.203974458768746416e+02
-7.653490917381541294e+03
-2.141947642595502202e+03
-2.551470467078074307e+03
-6.678383301835395969e+02
-4.096251748428884412e+02
8.163265306122449282e-04
1.760704281712685006e-04
6.802721088435373679e-04
3.353341336534613679e-03
9.538411232053390165e+01
-4.971100480159888320e+03
-3.130489587447068516e+03
-3.254335917229437200e+03
-6.640423570855964499e+02
-4.286816508228639009e+02
3.281312525010004208e-04
1.228491396558623397e-02
7.683073229291716589e-04
9.875950380152060532e-03
9.538411232053390165e+01
-4.971100480159888320e+03
-3.130489587447068516e+03
-3.254335917229437200e+03
-6.640423570855964499e+02
-4.286816508228639009e+02
3.281312525010004208e-04
1.228491396558623397e-02
7.683073229291716589e-04
9.875950380152060532e-03
2.435090563618774127e+02
-3.002864722969074865e+04
-1.828600412717186600e+03
-1.618968083147378138e+03
-1.098124589238676435e+03
-5.083023610641141659e+02
8.003201280512204328e-05
1.920768307322929147e-04
1.040416166466586644e-04
2.352941176470588029e-03
2.435090563618774127e+02
-3.002864722969074865e+04
-1.828600412717186600e+03
-1.618968083147378138e+03
-1.098124589238676435e+03
-5.083023610641141659e+02
8.003201280512204328e-05
1.920768307322929147e-04
1.040416166466586644e-04
2.352941176470588029e-03
1.645401809636992425e+02
-1.394939320866280650e+04
-3.463100870957849111e+03
-2.875760533588856106e+03
-9.015526588872309048e+02
-4.192501462912290435e+02
1.120448179271708714e-04
4.473789515806322718e-03
1.520608243297318931e-04
1.824729891956782717e-03
1.645401809636992425e+02
-1.394939320866280650e+04
-3.463100870957849111e+03
-2.875760533588856106e+03
-9.015526588872309048e+02
-4.192501462912290435e+02
1.120448179271708714e-04
4.473789515806322718e-03
1.520608243297318931e-04
1.824729891956782717e-03
1.351448471516350764e+02
-9.524406564431565130e+03
-1.815101103585288229e+03
-3.629271667016751053e+03
-8.348582380104456888e+02
-4.003373987656610211e+02
1.440576230492196996e-04
9.603841536614645736e-05
3.681472589035614425e-04
1.288515406162465049e-03
1.351448471516350764e+02
-9.524406564431565130e+03
-1.815101103585288229e+03
-3.629271667016751053e+03
-8.348582380104456888e+02
-4.003373987656610211e+02
1.440576230492196996e-04
9.603841536614645736e-05
3.681472589035614425e-04
1.288515406162465049e-03
1.137335995779979498e+02
-6.850150445442189266e+03
-1.927390275878611419e+03
-1.927806974644046932e+03
-9.645530888552103761e+02
-4.639630255863999082e+02
1.272509003601440553e-03
3.681472589035614425e-04
6.802721088435373679e-04
8.771508603441375770e-03
1.137335995779979498e+02
-6.850150445442189266e+03
-1.927390275878611419e+03
-1.927806974644046932e+03
-9.645530888552103761e+02
-4.639630255863999082e+02
1.272509003601440553e-03
3.681472589035614425e-04
6.802721088435373679e-04
8.771508603441375770e-03
1.209977018542685698e+02
-7.698193069576682319e+03
-2.073849373591772292e+03
-2.075301746261871358e+03
-9.435843504867350475e+02
-4.026871675152038961e+02
1.568627450980392092e-03
4.721888755502200662e-04
1.040416166466586644e-04
1.272509003601440553e-03
1.209977018542685698e+02
-7.698193069576682319e+03
-2.073849373591772292e+03
-2.075301746261871358e+03
-9.435843504867350475e+02
-4.026871675152038961e+02
1.568627450980392092e-03
4.721888755502200662e-04
1.040416166466586644e-04
1.272509003601440553e-03
1.308208296145743930e+02
-8.920573813789098494e+03
-2.505370616607331613e+03
-4.139371326725928157e+03
-8.428302275410750326e+02
-4.160894785623842722e+02
2.641056422569027645e-04
3.041216486594637862e-04
4.881952781112445074e-04
1.552621048419367813e-03
1.308208296145743930e+02
-8.920573813789098494e+03
-2.505370616607331613e+03
-4.139371326725928157e+03
-8.428302275410750326e+02
-4.160894785623842722e+02
2.641056422569027645e-04
3.041216486594637862e-04
4.881952781112445074e-04
1.552621048419367813e-03
1.189098641806958625e+02
-7.459878421992281801e+03
-2.530939648223130916e+03
-4.421486021842434639e+03
-9.223088090444280169e+02
-4.163315722328989068e+02
1.200480192076830785e-04
9.603841536614645736e-05
4.481792717086834858e-04
1.784713885554221587e-03
1.189098641806958625e+02
-7.459878421992281801e+03
-2.530939648223130916e+03
-4.421486021842434639e+03
-9.223088090444280169e+02
-4.163315722328989068e+02
1.200480192076830785e-04
9.603841536614645736e-05
4.481792717086834858e-04
1.784713885554221587e-03
1.032882169301272626e+02
-5.711577474850101680e+03
-2.970497726680663618e+03
-3.725398997404443890e+03
-1.203481121699744108e+03
-4.117459218515703014e+02
5.602240896358543572e-05
1.040416166466586644e-04
1.200480192076830785e-04
3.841536614645858294e-04
1.032882169301272626e+02
-5.711577474850101680e+03
-2.970497726680663618e+03
-3.725398997404443890e+03
-1.203481121699744108e+03
-4.117459218515703014e+02
5.602240896358543572e-05
1.040416166466586644e-04
1.200480192076830785e-04
3.841536614645858294e-04
7.275720666060242081e+01
-3.058472003832867813e+03
-1.638974079592583394e+03
-2.046008879176258461e+03
-6.823729348144855749e+02
-4.170690065519144127e+02
1.040416166466586644e-04
1.600640256102440866e-04
4.241696678671468511e-04
4.569827931172469257e-03
7.275720666060242081e+01
-3.058472003832867813e+03
-1.638974079592583394e+03
-2.046008879176258461e+03
-6.823729348144855749e+02
-4.170690065519144127e+02
1.040416166466586644e-04
1.600640256102440866e-04
4.241696678671468511e-04
4.569827931172469257e-03
9.841999064388176066e+01
-5.290195150604192349e+03
-1.970529182633697701e+03
-2.018760859231486847e+03
-1.052894039165089680e+03
-4.620866058706786816e+02
1.208483393357343005e-03
1.280512204881952855e-04
2.080832332933173288e-04
1.208483393357343005e-03
9.841999064388176066e+01
-5.290195150604192349e+03
-1.970529182633697701e+03
-2.018760859231486847e+03
-1.052894039165089680e+03
-4.620866058706786816e+02
1.208483393357343005e-03
1.280512204881952855e-04
2.080832332933173288e-04
1.208483393357343005e-03
1.318180096930020397e+02
-9.107964046640921879e+03
-1.243358316464866903e+03
-1.895118694308798013e+03
-6.843769567833107885e+02
-4.286801684888964701e+02
2.881152460984393992e-04
9.603841536614645736e-05
1.216486594637855145e-03
6.178471388555421828e-03
1.318180096930020397e+02
-9.107964046640921879e+03
-1.243358316464866903e+03
-1.895118694308798013e+03
-6.843769567833107885e+02
-4.286801684888964701e+02
2.881152460984393992e-04
9.603841536614645736e-05
1.216486594637855145e-03
6.178471388555421828e-03
1.459224594900301497e+02
-1.102148049646785148e+04
-3.541361407144783243e+03
-2.378358112103928306e+03
-7.726315191828695106e+02
-4.904183510486087130e+02
1.840736294517807212e-04
5.682272909163665507e-04
3.441376550620248078e-04
5.458183273309324089e-03
1.459224594900301497e+02
-1.102148049646785148e+04
-3.541361407144783243e+03
-2.378358112103928306e+03
-7.726315191828695106e+02
-4.904183510486087130e+02
1.840736294517807212e-04
5.682272909163665507e-04
3.441376550620248078e-04
5.458183273309324089e-03
8.652345547442088503e+01
-4.129808477200800553e+03
-2.137165668944848221e+03
-3.139305207683705248e+03
-7.862759425972553800e+02
-4.043983619353550694e+02
1.200480192076830785e-04
1.520608243297318931e-04
6.322529011604642070e-04
4.337735094037615050e-03
8.652345547442088503e+01
-4.129808477200800553e+03
-2.137165668944848221e+03
-3.139305207683705248e+03
-7.862759425972553800e+02
-4.043983619353550694e+02
1.200480192076830785e-04
1.520608243297318931e-04
6.322529011604642070e-04
4.337735094037615050e-03
2.412232185806388998e+02
-2.951735154636841253e+04
-2.587106165839716596e+03
-1.839299003387792254e+03
-9.032399872133985355e+02
-4.222134357290061075e+02
5.602240896358543572e-05
2.160864345738295223e-04
8.003201280512204328e-05
8.803521408563425845e-04
2.412232185806388998e+02
-2.951735154636841253e+04
-2.587106165839716596e+03
-1.839299003387792254e+03
-9.032399872133985355e+02
-4.222134357290061075e+02
5.602240896358543572e-05
2.160864345738295223e-04
8.003201280512204328e-05
8.803521408563425845e-04
1.531013985928572367e+02
-1.209675022083687145e+04
-1.622486406702241993e+03
-1.623314279720226068e+03
-1.211605652249722198e+03
-4.401418862717532079e+02
8.163265306122449282e-04
1.520608243297318931e-04
1.920768307322929147e-04
2.937174869947979401e-03
1.531013985928572367e+02
-1.209675022083687145e+04
-1.622486406702241993e+03
-1.623314279720226068e+03
-1.211605652249722198e+03
-4.401418862717532079e+02
8.163265306122449282e-04
1.520608243297318931e-04
1.920768307322929147e-04
2.937174869947979401e-03
8.924154421273962612e+01
-4.367027975262033578e+03
-3.053867617572029758e+03
-3.671813504632392778e+03
-9.805440290802339405e+02
-4.355579920262599103e+02
1.040416166466586644e-04
1.520608243297318931e-04
1.360544217687074790e-04
7.202881152460983896e-04
8.924154421273962612e+01
-4.367027975262033578e+03
-3.053867617572029758e+03
-3.671813504632392778e+03
-9.805440290802339405e+02
-4.355579920262599103e+02
1.040416166466586644e-04
1.520608243297318931e-04
1.360544217687074790e-04
7.202881152460983896e-04
8.525916882292476373e+01
-4.046549253430586305e+03
-1.915449758936407989e+03
-2.048855473369392257e+03
-7.678776920781473336e+02
-4.211017545496803791e+02
6.242496998799519593e-04
1.600640256102440866e-04
4.321728691476590446e-04
4.001600640256102598e-03
8.525916882292476373e+01
-4.046549253430586305e+03
-1.915449758936407989e+03
-2.048855473369392257e+03
-7.678776920781473336e+02
-4.211017545496803791e+02
6.242496998799519593e-04
1.600640256102440866e-04
4.321728691476590446e-04
4.001600640256102598e-03
1.721231066827590723e+02
-1.517912284029888360e+04
-3.054636411684067298e+03
-1.891208523145003255e+03
-7.354077972067227620e+02
-3.952014285804410179e+02
8.003201280512204328e-05
9.683873549419767671e-04
7.202881152460984980e-05
1.680672268907563126e-03
1.721231066827590723e+02
-1.517912284029888360e+04
-3.054636411684067298e+03
-1.891208523145003255e+03
-7.354077972067227620e+02
-3.952014285804410179e+02
8.003201280512204328e-05
9.683873549419767671e-04
7.202881152460984980e-05
1.680672268907563126e-03
1.304470928706246298e+02
-8.878302314705350000e+03
-1.750500895826154192e+03
-1.855754716410446690e+03
-6.586883818985126027e+02
-3.832797136480771769e+02
1.016406562625049928e-03
1.440576230492196996e-04
1.528611444577831179e-03
4.825930372148859449e-03
1.304470928706246298e+02
-8.878302314705350000e+03
-1.750500895826154192e+03
-1.855754716410446690e+03
-6.586883818985126027e+02
-3.832797136480771769e+02
1.016406562625049928e-03
1.440576230492196996e-04
1.528611444577831179e-03
4.825930372148859449e-03
1.662024537671867108e+02
-1.419916915590578355e+04
-1.278011229240933517e+03
-1.281197958730163691e+03
-9.977594489333438332e+02
-4.303179248588126029e+02
1.072428971588635553e-03
1.280512204881952855e-04
1.600640256102440866e-04
3.505402160864345626e-03
1.662024537671867108e+02
-1.419916915590578355e+04
-1.278011229240933517e+03
-1.281197958730163691e+03
-9.977594489333438332e+02
-4.303179248588126029e+02
1.072428971588635553e-03
1.280512204881952855e-04
1.600640256102440866e-04
3.505402160864345626e-03
8.212773011130605028e+01
-3.764095706565010914e+03
-1.598532798634420942e+03
-1.784525152611410476e+03
-7.672870239080145893e+02
-4.144371589014747315e+02
6.322529011604642070e-04
1.440576230492196996e-04
7.603041216486594112e-04
9.299719887955181299e-03
8.212773011130605028e+01
-3.764095706565010914e+03
-1.598532798634420942e+03
-1.784525152611410476e+03
-7.672870239080145893e+02
-4.144371589014747315e+02
6.322529011604642070e-04
1.440576230492196996e-04
7.603041216486594112e-04
9.299719887955181299e-03
