1.200777549186874467e+02
-7.576384480038556831e+03
-1.712576335725764011e+03
-2.931849553830992591e+03
-7.716438986046165383e+02
-3.871488837808616381e+02
3.681472589035614425e-04
2.721088435374149580e-04
2.641056422569027645e-04
2.240896358543417429e-04
1.112444977991196467e-03
8.563425370148059499e-04
2.016806722689075577e-03
1.544617847138855457e-03
1.649251713729957771e+02
-1.396673059170392480e+04
-1.653281876570563782e+03
-3.980390799809861164e+03
-8.926628682752963186e+02
-3.927610946650760297e+02
9.603841536614645736e-05
7.202881152460984980e-05
9.603841536614645736e-05
8.003201280512204328e-05
4.481792717086834858e-04
3.441376550620248078e-04
1.416566626650660361e-03
1.088435374149659832e-03
1.305317035815690758e+02
-8.885959792994975942e+03
-1.400179548768439190e+03
-2.790165337272532270e+03
-8.362484074670222753e+02
-3.944551660173946743e+02
1.840736294517807212e-04
1.440576230492196996e-04
1.280512204881952855e-04
1.040416166466586644e-04
1.136454581832733101e-03
8.803521408563425845e-04
1.936774709883953534e-03
1.488595438175270048e-03
2.196309232021707203e+02
-2.453894675798743629e+04
-1.713069978518715516e+03
-1.241825551073050519e+03
-1.066764540675266971e+03
-8.271109634515576090e+02
7.202881152460984980e-05
6.402561024409764276e-05
1.920768307322929147e-04
1.360544217687074790e-04
2.160864345738295223e-04
1.600640256102440866e-04
5.706282513005201708e-03
4.425770308123249015e-03
2.120161011474957320e+02
-2.289432682354931239e+04
-1.090031200931343392e+03
-1.091900375915043014e+03
-8.867330169638324833e+02
-6.099230590138147363e+02
6.962785114045618633e-04
5.362144857943177767e-04
9.603841536614645736e-05
8.003201280512204328e-05
2.000800320128051353e-04
1.520608243297318931e-04
4.449779911964785867e-03
3.465386154461784930e-03
2.638760041871541944e+02
-3.523472821851108893e+04
-2.293042015103693757e+03
-2.164546422475246345e+03
-1.559399871032615010e+03
-7.676926977976959279e+02
5.602240896358543572e-05
4.801920768307322868e-05
1.200480192076830785e-04
1.040416166466586644e-04
1.040416166466586644e-04
8.803521408563425032e-05
3.009203681472589088e-03
2.312925170068027333e-03
1.177994437764790945e+02
-7.340816103312577070e+03
-2.506297444566961531e+03
-2.182368982448220322e+03
-7.690357389854542589e+02
-4.131437889014874258e+02
1.840736294517807212e-04
1.360544217687074790e-04
5.306122448979592142e-03
4.073629451780712285e-03
1.840736294517807212e-04
1.200480192076830785e-04
1.416566626650660361e-03
1.088435374149659832e-03
1.713879873067140238e+02
-1.508927626843340477e+04
-3.567582569183436135e+03
-4.177165903258645812e+03
-1.103711248283611894e+03
-4.163071906178171844e+02
1.040416166466586644e-04
7.202881152460984980e-05
6.402561024409764276e-05
4.801920768307322868e-05
8.803521408563425032e-05
7.202881152460984980e-05
4.561824729891956792e-04
3.601440576230491948e-04
1.759476605658614403e+02
-1.588105725272306154e+04
-6.769938774517957427e+03
-6.712854446308455408e+03
-1.579900673829550669e+03
-4.105927155639329271e+02
2.320928371348539364e-04
1.680672268907563072e-04
7.763105242096839066e-04
5.842336934773909377e-04
6.402561024409764276e-05
4.801920768307322868e-05
3.521408563425370013e-04
2.801120448179271515e-04
1.402487139613664908e+02
-1.023903864451778463e+04
-2.598392914561330144e+03
-3.011860583582262279e+03
-9.375779004069207758e+02
-4.417516633355982094e+02
5.282112845138055290e-04
4.161664665866346576e-04
1.200480192076830785e-04
9.603841536614645736e-05
2.320928371348539472e-03
1.792717086834733943e-03
3.433373349339735939e-03
2.713085234093637332e-03
1.203746747875287042e+02
-7.649475102046672873e+03
-2.204227516335701239e+03
-3.175925555987852022e+03
-7.537141380054271167e+02
-4.536867953929048554e+02
2.641056422569027645e-04
2.000800320128051353e-04
1.680672268907563072e-04
1.360544217687074790e-04
1.144457783113245241e-03
8.803521408563425845e-04
3.577430972388955747e-03
2.817126850740296010e-03
1.260399207832386139e+02
-8.347236697371228729e+03
-1.681316216355568486e+03
-1.894968622765737337e+03
-7.772162460170114855e+02
-5.089971084905522503e+02
7.603041216486594112e-04
5.842336934773909377e-04
1.360544217687074790e-04
1.200480192076830785e-04
2.080832332933173288e-04
1.520608243297318931e-04
4.641856742697078944e-03
3.673469387755101852e-03
1.153890980453332986e+02
-7.055590065071211939e+03
-1.617427343992223086e+03
-1.687205081896675438e+03
-7.316973604252037831e+02
-5.051421743188390110e+02
9.763905562224890148e-04
7.122849139655862503e-04
2.400960384153661570e-04
1.680672268907563072e-04
6.002400960384153246e-04
4.481792717086834858e-04
5.178071228491396179e-03
3.977591036414565746e-03
9.556857128428349313e+01
-4.964705654207808038e+03
-2.406821106187458099e+03
-2.177208425991975673e+03
-7.586921568563969913e+02
-4.912368835552550763e+02
5.522208883553421637e-04
4.001600640256102706e-04
1.800720288115246082e-03
1.304521808723489327e-03
4.321728691476590446e-04
3.361344537815126143e-04
4.273709483793517068e-03
3.281312525010003991e-03
9.177295434755576764e+01
-4.609360139243965023e+03
-1.656112879076336412e+03
-1.638534940279441116e+03
-6.803325711423409530e+02
-4.767064246761020172e+02
1.640656262505001996e-03
1.200480192076830649e-03
1.257302921168467445e-02
9.763905562224889714e-03
6.162464985994398200e-04
4.641856742697078727e-04
6.122448979591836420e-03
4.697879151660664353e-03
1.329941401971044002e+02
-9.240975431087779725e+03
-1.171500210607254076e+03
-1.305107875796806638e+03
-6.123822773585330879e+02
-4.049750184544698186e+02
6.562625050020008417e-04
5.122048819527811421e-04
1.040416166466586644e-04
8.803521408563425032e-05
1.904761904761904760e-03
1.464585834333733414e-03
6.722689075630252503e-03
5.146058423369347622e-03
1.917375114196957782e+02
-1.877893674819850276e+04
-2.066501892812781534e+03
-2.433475288722445384e+03
-8.988251087876941483e+02
-4.063984750469107325e+02
2.881152460984393992e-04
2.240896358543417429e-04
7.202881152460984980e-05
6.402561024409764276e-05
9.123649459783913585e-04
7.042817126850740026e-04
2.817126850740296010e-03
2.160864345738295385e-03
1.848920586619813946e+02
-1.748996738130155427e+04
-2.038565315342535541e+03
-2.570111809875527797e+03
-8.763340549888501982e+02
-4.054129897963932194e+02
2.561024409763905710e-04
2.000800320128051353e-04
7.202881152460984980e-05
6.402561024409764276e-05
8.083233293317326805e-04
6.242496998799519593e-04
2.745098039215686323e-03
2.104841936774709977e-03
2.123599285633005707e+02
-2.294460450972024410e+04
-3.816059293682098996e+03
-6.558880192025117140e+03
-1.353074566460074720e+03
-4.480769164587821933e+02
4.561824729891956792e-04
3.521408563425370013e-04
1.600640256102441069e-05
1.600640256102441069e-05
1.208483393357343005e-03
9.683873549419767671e-04
3.913565426170467765e-03
3.009203681472589088e-03
1.087026662377498383e+02
-6.304345613297441560e+03
-1.539177380512864602e+03
-2.324709360758022740e+03
-7.150267500819024917e+02
-4.776857013761254507e+02
1.816726690676270578e-03
1.400560224089635866e-03
1.600640256102441069e-05
1.600640256102441069e-05
3.721488595438175121e-03
2.977190876350540097e-03
9.659863945578231470e-03
7.819127651060424691e-03
1.213540213592804804e+02
-7.759660012440223909e+03
-1.665335024911121536e+03
-2.516254716014201676e+03
-7.041891506346134975e+02
-4.284671877489380449e+02
1.392557022809123727e-03
1.072428971588635553e-03
1.600640256102441069e-05
1.600640256102441069e-05
3.121248499399759905e-03
2.408963585434173871e-03
8.499399759903962168e-03
6.882753101240496156e-03
1.556032784987714876e+02
-1.249907724465946558e+04
-1.532917563416877556e+03
-1.589108164754991549e+03
-8.525632281607518053e+02
-4.140738647624004898e+02
9.683873549419767671e-04
7.442977190876350242e-04
1.360544217687074790e-04
1.200480192076830785e-04
1.120448179271708714e-04
9.603841536614645736e-05
5.514205682272909498e-03
4.369747899159663607e-03
1.243036624407752839e+02
-8.118653201867643475e+03
-1.143640106622422309e+03
-1.165378486107810204e+03
-7.006610501187494719e+02
-4.110274343992935542e+02
1.504601840736294544e-03
1.152460984393757597e-03
1.600640256102440866e-04
1.360544217687074790e-04
1.920768307322929147e-04
1.360544217687074790e-04
7.314925970388155146e-03
5.922368947579031637e-03
1.000952566043732048e+02
-5.402408284591942902e+03
-8.569903703768313790e+02
-8.858133366509166535e+02
-5.787684299282543634e+02
-4.066953798828547519e+02
2.296918767507002621e-03
1.760704281712685169e-03
2.160864345738295223e-04
1.840736294517807212e-04
3.841536614645858294e-04
2.801120448179271515e-04
9.891956782713085677e-03
7.995198079231692623e-03
1.340970930146605724e+02
-9.393999119584657819e+03
-5.086190000440889889e+03
-7.170149080335242616e+03
-1.465699203006319976e+03
-4.222202893015071936e+02
1.040416166466586644e-04
8.803521408563425032e-05
1.280512204881952855e-04
1.040416166466586644e-04
1.760704281712685006e-04
1.360544217687074790e-04
8.643457382953180891e-04
6.642657062825129809e-04
6.913001286506329279e+01
-2.792393132993721792e+03
-1.728864698307269236e+03
-2.396713173154259039e+03
-6.755039675935817058e+02
-4.150317880065980489e+02
1.360544217687074790e-04
1.120448179271708714e-04
2.400960384153661570e-04
2.000800320128051353e-04
6.162464985994398200e-04
4.801920768307323139e-04
3.345338135254101539e-03
2.577030812324930097e-03
6.550122290652898016e+01
-2.548192213139349406e+03
-1.687812857586279051e+03
-2.213596631673055526e+03
-6.763560796295678301e+02
-4.149025908647056440e+02
2.080832332933173288e-04
1.760704281712685006e-04
4.401760704281712923e-04
3.761504601840736360e-04
8.643457382953180891e-04
6.722689075630252286e-04
3.673469387755101852e-03
2.833133253301320723e-03
1.158649002748989716e+02
-7.098123743305382050e+03
-1.353258060085731813e+03
-3.597067443417685809e+03
-5.695233691992465310e+02
-3.905748360847535423e+02
5.602240896358543572e-05
4.001600640256102164e-05
9.603841536614645736e-05
8.003201280512204328e-05
2.240896358543417429e-04
1.680672268907563072e-04
1.744697879151660674e-03
1.344537815126050457e-03
8.702177625287032470e+01
-4.172705445860982763e+03
-1.887573440927130832e+03
-2.829608043441090558e+03
-7.033626460812911318e+02
-3.955335644764592189e+02
2.080832332933173288e-04
1.680672268907563072e-04
1.440576230492196996e-04
1.200480192076830785e-04
4.241696678671468511e-04
3.281312525010004208e-04
2.785114045618247453e-03
2.136854741896758534e-03
1.017082380307748366e+02
-5.558076011245051632e+03
-2.189155729076282569e+03
-3.559108530327507196e+03
-7.706340929518217990e+02
-3.905723202485511365e+02
1.680672268907563072e-04
1.360544217687074790e-04
1.200480192076830785e-04
9.603841536614645736e-05
3.761504601840736360e-04
2.881152460984393992e-04
2.024809923969587717e-03
1.560624249699879952e-03
