# Optimal SNR, Injected 220+221 mode, syntax=[snr_tot, snr_220, snr_221, nofilter, evidence220, evidence220_221]
3.405254271995949544e+00
5.164039493973634265e+00
6.112875172483169806e+00
-3.831508898640620941e+02
-3.790766608047808859e+02
-3.759643883339476815e+02
1.058387151689378136e+01
5.991662598001157747e+00
5.064004288729391234e+00
-4.339140837837650224e+02
-3.774578716170552752e+02
-3.749427504178703998e+02
1.064788332067948851e+01
5.062009646828570908e+00
6.205816595123232027e+00
-4.507162999861580488e+02
-3.914339932590070248e+02
-3.903440898537260750e+02
7.104624470042653961e+00
8.580240211731723576e+00
2.464739794387436511e+00
-4.568085812517026056e+02
-4.354552671275952775e+02
-4.349285690948349838e+02
2.499054805403044366e+00
4.150218439888146094e+00
2.701477246177508729e+00
-4.018789483700440996e+02
-3.962357439420343894e+02
-3.959297326850656873e+02
1.116476737767876237e+01
7.961839330101624590e+00
3.989764457799334529e+00
-4.549728647179924792e+02
-4.009362984350311194e+02
-3.994201321065011143e+02
6.212223530832066132e+00
8.835654874931064384e+00
3.445757807798916605e+00
-4.222696656825558534e+02
-4.063891778475914975e+02
-4.059789678773295236e+02
8.719880054383049028e+00
5.044207609088015687e+00
6.865620602286758078e+00
-4.232702197620059792e+02
-3.864254945201120677e+02
-3.838744917994655452e+02
1.354652598824429610e+01
8.989731106008203909e+00
5.659838809269279736e+00
-4.546568520232839887e+02
-3.723080824048711293e+02
-3.684287926666464728e+02
3.709468335251039584e+00
6.090535590833695778e+00
6.154398614554664526e+00
-4.135916259192724738e+02
-4.129885349575634450e+02
-4.117985557508727652e+02
9.365124681824891439e+00
4.562557034517495502e+00
5.082283042083258984e+00
-4.586788277707715906e+02
-4.077975643965916674e+02
-4.047747771581369989e+02
9.594049525029037184e+00
4.924437096733292663e+00
5.687880027473920741e+00
-4.665636420962451325e+02
-4.276509166969170224e+02
-4.257329090945216308e+02
5.709997699371641033e+00
4.348842758924413410e+00
4.439318387710808445e+00
-3.913286853014178632e+02
-3.723966719383514032e+02
-3.703840309630592174e+02
9.130520766086409168e+00
9.341177412359737531e+00
3.375955674302252518e+00
-4.462085603800830427e+02
-4.140266310381334733e+02
-4.117969641175512265e+02
1.249257389434271914e+01
8.932124276714853650e+00
4.023758105608399305e+00
-4.546048699734633942e+02
-3.860604124992560742e+02
-3.846165941824127685e+02
1.489895460590276599e+01
8.313581835571522305e+00
7.368781134168575164e+00
-5.559992894967455186e+02
-4.487545007824687104e+02
-4.440820670585731591e+02
5.056782731852292656e+00
7.305456576339977026e+00
4.667560469221720076e+00
-4.101997653195260796e+02
-4.055544015263138817e+02
-4.037610258036588107e+02
1.319451903677036242e+01
8.670421467273511595e+00
5.491292140596821802e+00
-4.825938874881633751e+02
-4.091551752318201807e+02
-4.074279143449021490e+02
8.620777608897135735e+00
7.486663045250243620e+00
4.137766722689164567e+00
-4.201627264766810299e+02
-3.913734126546700054e+02
-3.907515863208910787e+02
5.057418919970912974e+00
8.090100468458343741e+00
6.619743999899734277e+00
-4.008624985104561347e+02
-3.941636700803858844e+02
-3.912553645657777679e+02
5.244856473555794096e+00
4.693088625674040060e+00
3.845321410501251869e+00
-4.170683571062060651e+02
-4.134177653018672345e+02
-4.119255445275640568e+02
5.331304071116923282e+00
6.391992030942854619e+00
4.579785062078925328e+00
-3.859840127340925733e+02
-3.768247056938041624e+02
-3.764005766990499069e+02
6.333467019629415162e+00
9.806505369384741044e+00
4.837971022386543751e+00
-3.954377640634118052e+02
-3.800445765813732919e+02
-3.760649121113060005e+02
1.272267190254628488e+01
7.849618447556519385e+00
5.401154670782989164e+00
-5.011005800048603760e+02
-4.236300488500195911e+02
-4.220970892753677504e+02
6.103509128717712784e+00
8.334032420026504795e+00
3.524277814890011573e+00
-4.288823420879975856e+02
-4.102124831870384583e+02
-4.095654286357693081e+02
1.317168930345390265e+01
8.989612327085197307e+00
5.587946122127415371e+00
-5.016324854066319858e+02
-3.755054029182931572e+02
-3.745473392882054782e+02
1.193975431782217989e+01
7.194436563949054175e+00
5.239096542266233669e+00
-4.833480899887299529e+02
-4.268928393012915308e+02
-4.227432280203080381e+02
2.746598625964429274e+00
4.508480974177803802e+00
5.322048288914570158e+00
-3.950249291106497367e+02
-3.936875610229548101e+02
-3.936000963736004792e+02
1.013763499670736046e+01
7.884418843534769294e+00
2.522405089099798658e+00
-4.718664270911719427e+02
-4.202016467840345513e+02
-4.185988072763339574e+02
1.033375529428489870e+01
7.371601560167585276e+00
3.973720194619205781e+00
-4.258558239090377242e+02
-3.735156423498469280e+02
-3.693817391220698028e+02
1.380157380528898159e+01
9.313985688793261275e+00
5.591130621463736183e+00
-4.804628295415429875e+02
-3.823794197134171782e+02
-3.769270689895288342e+02
9.773406919968065765e+00
7.186108519324234223e+00
2.900944273181238930e+00
-4.625236306178249492e+02
-3.988534562702351423e+02
-3.971875282626161265e+02
8.288384745232217909e+00
7.266324751147262617e+00
3.406676575984827871e+00
-4.259188384969971253e+02
-3.924269689723489023e+02
-3.901258013025324090e+02
9.286741300564836266e+00
7.776882958148970459e+00
2.669568194290012020e+00
-4.174281816082253727e+02
-3.813462106275023871e+02
-3.811915865343997893e+02
9.664587981687045470e+00
5.152007194034146309e+00
4.895096964062432221e+00
-4.507510676763720312e+02
-3.960261102327826848e+02
-3.916523140274403545e+02
9.671539205113557358e+00
6.532198813586368225e+00
4.423946155982926953e+00
-4.492415728861023467e+02
-4.021726043580806049e+02
-4.014041626392252056e+02
1.019430997640478864e+01
6.604554452739019865e+00
6.818352783909470638e+00
-4.234545471078035348e+02
-3.674019264862899945e+02
-3.667633267906585388e+02
4.694145573342789923e+00
7.167187336508250795e+00
3.755075160249333965e+00
-3.970688872397773821e+02
-3.939198628469247296e+02
-3.922577515027459185e+02
1.250206256245859038e+01
7.342660852886603529e+00
5.918608644648514883e+00
-4.912583979514628254e+02
-3.980069501865652910e+02
-3.960775543017109044e+02
1.233470691812534881e+01
8.799135426739335131e+00
3.938170736391532145e+00
-4.587303154777963528e+02
-3.707624128354073605e+02
-3.685810381136643059e+02
8.059354708291152747e+00
5.236939669130381780e+00
3.291963912290684302e+00
-4.388645084825753315e+02
-4.133776438106863225e+02
-4.095148183126112258e+02
6.552495439674056676e+00
8.440546055044805485e+00
2.793449453234499114e+00
-4.547019322620623711e+02
-4.292107592380374967e+02
-4.282751634988920273e+02
2.449114090728290893e+00
4.805382442389557696e+00
3.916177978903675250e+00
-3.676388237560503285e+02
-3.676697046384926466e+02
-3.681139844311132379e+02
1.261614724511004582e+01
7.501385557579064667e+00
6.052645690261942768e+00
-4.556633275789661184e+02
-3.629468205175957110e+02
-3.587679488791040967e+02
1.171896517375252245e+01
7.660222752412003011e+00
4.583852711695380222e+00
-4.960375841966468329e+02
-4.243895865631413358e+02
-4.206909847724558063e+02
1.093515229760300222e+01
6.894641464674582387e+00
4.823169200231121501e+00
-4.927866793856563845e+02
-4.275676162401314855e+02
-4.224180330424832164e+02
1.123517469301709859e+01
8.761334044000623322e+00
2.788947446527087148e+00
-4.247401251467565544e+02
-3.818240490740761857e+02
-3.808516331858895114e+02
6.862077488520782254e+00
4.187747100483185214e+00
3.124986687793614326e+00
-4.319698739426244174e+02
-4.074469651680568631e+02
-4.061281661631618363e+02
8.075150411063438227e+00
5.662770923263581224e+00
3.552552101191835732e+00
-4.183419180458419078e+02
-3.913225196010370155e+02
-3.888925064665338596e+02
1.164852932260615681e+01
5.584948465250525018e+00
6.709435445521283903e+00
-4.370604927860045450e+02
-3.737014100048176033e+02
-3.703336968517086802e+02
9.703458932523496117e+00
5.854562079710864175e+00
4.222380462265642009e+00
-4.339085278640733350e+02
-3.913611902042251245e+02
-3.887041683382577730e+02
8.060259079866154863e+00
8.163114301096861425e+00
6.030675206137713573e+00
-4.233523884742108976e+02
-3.841048705498460549e+02
-3.807072413280374690e+02
6.204234297038334844e+00
4.999020552853679966e+00
7.561321212268975245e+00
-4.213106804019879519e+02
-4.003794173620659649e+02
-3.987915142266616044e+02
1.100194820992267175e+01
8.603147368609921131e+00
4.845587389793031718e+00
-4.521877688147836238e+02
-4.006849167222434858e+02
-3.981787246047375106e+02
1.085919249499876749e+01
5.222753876745611201e+00
6.629167412421648642e+00
-4.763681791329204316e+02
-4.244101114295172579e+02
-4.228658890256414224e+02
5.434097499199896042e+00
8.330771318491601463e+00
3.796807234703293954e+00
-3.939028401419082570e+02
-3.891484826484090718e+02
-3.851938909346147284e+02
1.055026864802829500e+01
9.870735758327182197e+00
3.008406612054633555e+00
-4.447253371829581852e+02
-3.988947010017692492e+02
-3.983173787558088179e+02
8.658988775081132516e+00
6.462246062249601408e+00
4.017536932528726012e+00
-4.606787369482113377e+02
-4.244988621472237469e+02
-4.244695000931007485e+02
3.818765696416724253e+00
5.846487272128104706e+00
3.841094899515490102e+00
-3.927015084517234413e+02
-3.858293263099993169e+02
-3.837645331559519946e+02
1.446951880049196326e+01
9.427295974721829452e+00
7.128377046023413932e+00
-4.729726689070629959e+02
-3.727173953024800994e+02
-3.700747015144917214e+02
2.926900293261733399e+00
5.061795301070191933e+00
4.554691325727088014e+00
-4.172302475639127692e+02
-4.174070310948253564e+02
-4.183587771530008013e+02
9.611559374187176985e+00
5.492702898777988452e+00
4.899521222661588737e+00
-4.300612268858828884e+02
-4.020477455160769864e+02
-3.947787090107309496e+02
8.302552485871061094e+00
5.163915933546857850e+00
5.525965001055356929e+00
-4.302050522389603771e+02
-3.892573520327733263e+02
-3.871743671463657392e+02
7.480659696148302729e+00
8.070453949150900641e+00
3.381025065689691633e+00
-4.632161067488711979e+02
-4.155342375193150133e+02
-4.136460965646974159e+02
1.647252825871644433e+01
1.008256698530477102e+01
6.982099515751104768e+00
-5.587703785421272187e+02
-3.922945773919979047e+02
-3.904468292451674074e+02
1.300550922400213238e+01
9.674431564080844481e+00
3.982492077453696488e+00
-4.699485863798201422e+02
-3.884754617561822556e+02
-3.869455145076234999e+02
7.294683260741168240e+00
7.638910911414370730e+00
5.395313155361883162e+00
-4.515613450144545595e+02
-4.319862615385027880e+02
-4.311854167557509072e+02
5.001404685941883699e+00
6.140896843203579536e+00
6.279314424956060847e+00
-4.264747525779122839e+02
-4.165690680123791481e+02
-4.134602358703188543e+02
1.201690731933624789e+01
7.523804546527675718e+00
5.934069936133059997e+00
-4.713372001460448928e+02
-3.971631438118554343e+02
-3.940837127649747345e+02
1.395074345386609060e+01
8.964893209000305063e+00
6.300198716230625884e+00
-4.420207650505627726e+02
-3.501617905288722454e+02
-3.457183025113073995e+02
1.334954142706777347e+01
9.068500321920042850e+00
5.005041354126709585e+00
-4.968432953128680083e+02
-4.010378114197787340e+02
-4.001341345956201394e+02
9.151660253299152004e+00
5.322083892869877708e+00
4.176564818411542923e+00
-3.760151687434366181e+02
-3.480672375863477441e+02
-3.461611506505103080e+02
6.463696415250788974e+00
7.364101813826451348e+00
5.600918014510280152e+00
-3.968109258550599066e+02
-3.843163749925757315e+02
-3.836277046371315009e+02
1.115975015705081042e+01
8.112980790633676165e+00
3.485645424989942232e+00
-4.819524018745697163e+02
-4.015929648579002560e+02
-3.998254717302747281e+02
5.123832590301085510e+00
4.718988536749428420e+00
4.057816933779249347e+00
-4.142025756351519021e+02
-3.849387971488066000e+02
-3.831152619593319741e+02
9.527470653693070446e+00
7.927127042884733576e+00
5.765077584510071240e+00
-4.215206949630201052e+02
-3.840684918068606635e+02
-3.832883132363671166e+02
4.904643282434409279e+00
7.409137955782798102e+00
3.212071487807360182e+00
-3.839868747319370641e+02
-3.742377159300929179e+02
-3.740027635414730867e+02
1.000881962646193024e+01
5.919088816645431628e+00
5.471059845514494313e+00
-4.430847066558304732e+02
-3.870968090123471939e+02
-3.847531109418814026e+02
6.463264630127777188e+00
8.579538189453336017e+00
4.759978049657259902e+00
-3.949269537914582315e+02
-3.700112737072469145e+02
-3.671838001316443751e+02
1.295958510509072248e+01
1.062003716931109665e+01
2.851906213581974381e+00
-4.490648732709832984e+02
-3.855698217142499971e+02
-3.844785160808677347e+02
5.965669937101790943e+00
5.702087961024787433e+00
6.249602368144389075e+00
-4.015325395039328100e+02
-3.892481872918652357e+02
-3.893616305000742841e+02
6.654098082774850376e+00
9.554866235967384824e+00
3.793151019762655896e+00
-4.122706152646527471e+02
-3.808905214495538871e+02
-3.786695104676451820e+02
4.522728520505681971e+00
8.044580741390960910e+00
5.917797681536053567e+00
-4.195283257503366485e+02
-4.148034048536189857e+02
-4.117419890770766528e+02
7.125986535917086862e+00
8.816473258392560908e+00
4.454488202829631760e+00
-4.577815379187881604e+02
-4.468181187588020862e+02
-4.458955861236207170e+02
8.302267668219561969e+00
8.672269465889131723e+00
6.802314248049192713e+00
-4.164013563494092978e+02
-3.918500371798133415e+02
-3.893415624747474340e+02
7.225676677867700626e+00
1.015890976760576514e+01
4.595021761024347562e+00
-4.280466559954314789e+02
-3.987039133133563951e+02
-3.968012884247306147e+02
1.355304145626451451e+01
8.719140461122993457e+00
5.281993756340101598e+00
-4.772259091292951325e+02
-3.836321494448182534e+02
-3.788805138521420872e+02
4.974065846296950255e+00
7.087909865953228028e+00
3.825198800726379744e+00
-4.602725452711052867e+02
-4.580077126172542421e+02
-4.564607062240422692e+02
1.149063345522022672e+01
6.963719316971767270e+00
5.030960109376321654e+00
-4.484700381214998970e+02
-3.955335351048342432e+02
-3.933632148661517931e+02
1.163425836876771591e+01
8.072649609828028261e+00
3.970655242826107045e+00
-4.850373473311282737e+02
-4.304564032514214205e+02
-4.292271463145565349e+02
1.408439477651056748e+01
9.170068610505330398e+00
5.335388242235294065e+00
-5.006633408077706235e+02
-4.092148428930885871e+02
-4.048952779309367997e+02
8.693816064472468241e+00
6.280113952620108186e+00
4.485687236687675217e+00
-4.633491466217903394e+02
-4.174207558922782368e+02
-4.154757827992128227e+02
5.853671088827410607e+00
8.655544270268308082e+00
3.477614044348261935e+00
-4.045110688893436190e+02
-3.919756309060271633e+02
-3.907141990395263633e+02
6.793500228532471041e+00
6.231075360355170289e+00
2.895258228018866564e+00
-4.243417834740189960e+02
-4.107158784587177820e+02
-4.099401382443689954e+02
8.695933155024352601e+00
9.430509685822364929e+00
2.165130796135649849e+00
-4.842930951401980337e+02
-4.295783811893660982e+02
-4.282722529704684007e+02
5.217055512514185089e+00
7.658366364716936658e+00
3.426578764352623541e+00
-3.877446330739310270e+02
-3.756301404115031914e+02
-3.745924419916324268e+02
1.157858288682911052e+01
7.597409579575099769e+00
4.502789539139024910e+00
-4.562984452349684261e+02
-3.866393849263110383e+02
-3.857207399352663515e+02
2.189658189406425759e+00
4.176359390837262708e+00
4.015247126948757739e+00
-4.029144475644381487e+02
-4.024021468569438298e+02
-4.007122114197584324e+02
6.840823700863205126e+00
1.006983130945413230e+01
4.724161814629517231e+00
-4.613200662466991844e+02
-4.205620444061170815e+02
-4.218164277784290448e+02
9.553128226089851793e+00
8.756674352472051837e+00
5.670736952534352504e+00
-4.411453681863254701e+02
-3.962485156641216690e+02
-3.956386521693944474e+02
9.914164225049746904e+01
5.926807372596771017e+01
4.412363882973229323e+01
-5.566045606989732732e+03
-5.405131520960977696e+02
-4.418913325467430013e+02
7.058622171218431163e+01
8.078222521080954266e+01
3.010470798432519857e+01
-2.983007903617507054e+03
-4.440577441168849759e+02
-4.195050383933702278e+02
1.376027536725457168e+01
2.124071093560710111e+01
2.866607174927336388e+01
-5.222785558806206154e+02
-4.627311120441421508e+02
-4.287025717426955111e+02
4.040829824799579484e+01
3.073092738380459465e+01
4.460492493943380055e+01
-1.204185129488420671e+03
-4.040675423420873926e+02
-3.738124111193350245e+02
9.475105437155389154e+01
4.096808070911633592e+01
6.288413580448356299e+01
-4.893087747751848838e+03
-5.445228417961862988e+02
-4.348534533715070438e+02
4.357994507345493673e+01
1.231314548502614770e+01
3.333054310724548230e+01
-1.426216707698399432e+03
-4.930229598659357748e+02
-3.992792914145293821e+02
4.335207508430904255e+01
1.178348017030607764e+01
3.290524653991284509e+01
-1.272918265399859592e+03
-4.310639912287747961e+02
-3.716898318621979342e+02
4.302016066853979481e+01
6.792330212679532053e+01
3.295804671491974602e+01
-1.223832969163538564e+03
-4.216076413536749214e+02
-3.567478620771789224e+02
4.834355256264742451e+01
3.675613990924841801e+01
3.422163988037237914e+01
-1.536834195763390198e+03
-4.166497400274906795e+02
-3.980198240109343146e+02
9.106443721236121291e+01
3.160854663933623243e+01
6.404289472929102089e+01
-4.464867568835563361e+03
-5.947100451581604830e+02
-4.202597562080181888e+02
8.170893085240653875e+01
7.067111175581018756e+01
1.818397572011407703e+01
-3.676970943553328198e+03
-4.192086365765385949e+02
-4.116999648371524358e+02
5.292172872365551939e+01
3.864083567931601237e+01
7.123651006365548710e+01
-1.748680375291045948e+03
-5.244068757487189032e+02
-4.085046867959889596e+02
1.473606315410578418e+02
8.807094799330498347e+01
7.167556683624640357e+01
-1.091019313933080048e+04
-5.200481036617453583e+02
-3.982411536106220638e+02
1.561272237344250016e+02
9.303217044532252089e+01
7.275443477359588940e+01
-1.267304906863232645e+04
-6.220583118020667825e+02
-4.534273151279208491e+02
5.912546240855608914e+01
1.005817409107972651e+02
5.344684443592050371e+01
-2.214363724910575002e+03
-5.537984691642755024e+02
-3.882400556995156649e+02
6.118351934516675072e+01
7.542884500971285888e+01
4.294283211974630632e+01
-2.136040448218831898e+03
-4.303913841996114229e+02
-3.678744246514759766e+02
4.459506432909142859e+01
6.832176484024942908e+01
3.152845213198251528e+01
-1.473992473133641397e+03
-4.784969528292402856e+02
-4.417319941663318446e+02
4.115468168584384046e+01
5.470230808331177741e+01
3.350206694472384328e+01
-1.277958486041757169e+03
-4.324549062373081938e+02
-3.938042064432860343e+02
7.371767903948102685e+01
5.483813816859459678e+01
4.914901643156061084e+01
-3.089390486887475618e+03
-4.322946290135624849e+02
-3.982649640961571436e+02
6.503666825745379754e+01
7.073865581602863983e+01
2.877752108240640183e+01
-2.412146071154646961e+03
-4.632172029872199346e+02
-4.229611487666354606e+02
8.518436406940818983e+01
8.488654966897060206e+01
3.368866877678973282e+01
-4.101742400443858060e+03
-4.569760506283749919e+02
-4.264464368947030835e+02
6.905660914466241707e+01
5.285641814751929246e+01
2.652626974268520854e+01
-2.735221659456587531e+03
-4.114921339795071162e+02
-3.891589778429816988e+02
4.083967944131104133e+01
5.970946926471049920e+01
2.492275292675335763e+01
-1.251503342251249251e+03
-4.147743092499725890e+02
-3.834879308819853350e+02
5.594956881609375188e+01
5.857558835120170926e+01
4.185117216984521349e+01
-1.888343072236059925e+03
-4.573242658087210657e+02
-4.189078494245247839e+02
5.660075730187682552e+01
7.449963088862706684e+01
2.197215121798737059e+01
-1.974035598510192813e+03
-3.961674947918586440e+02
-3.742947019900942109e+02
1.147354168456400743e+02
8.928052167414230667e+01
6.740744339620142966e+01
-7.286664048397409715e+03
-5.442577449480312453e+02
-4.492689470885559331e+02
5.136001652875491885e+01
7.389434168709249207e+01
5.198015045209715623e+01
-1.758228242623628603e+03
-5.107302070732643529e+02
-3.985656304154909435e+02
8.944313816100326164e+01
9.656537401072903037e+01
2.071480333994503553e+01
-4.449660079604551356e+03
-4.529456552937502352e+02
-4.238194498464161484e+02
1.191789044288007489e+02
6.365751851830677310e+01
5.986586479234676972e+01
-7.715244506452432688e+03
-5.547184137281012681e+02
-4.016176609483337643e+02
2.495774008954080614e+01
3.411168028865196078e+01
3.524012607778025341e+01
-6.807627555892045166e+02
-4.539041795648268476e+02
-4.176021711967425745e+02
5.942272124891444207e+01
9.229264397295479228e+01
4.343273183479777799e+01
-2.110934959758749756e+03
-4.573943828744853590e+02
-3.915110160736487046e+02
9.809301626161766308e+01
6.382587764548788556e+01
6.583171278598007348e+01
-5.410535372342827031e+03
-4.974270570515277541e+02
-4.331276994222129701e+02
7.490067201130929675e+01
7.538903509158055272e+01
1.733181537336993827e+01
-3.305146724550605086e+03
-3.941917573295906436e+02
-3.870389137530108883e+02
1.707124653846853946e+01
2.002342236078858662e+01
3.173702170854924276e+01
-5.869603987494675721e+02
-4.632998136306541710e+02
-4.382113340535690327e+02
6.333147520241766415e+01
1.502485033905375644e+01
5.788264500868405804e+01
-2.440119050397531282e+03
-5.024879215244417310e+02
-3.966299078659690736e+02
1.016635055590170680e+02
9.799901975486545780e+01
1.240726971653454136e+01
-5.553824786932322240e+03
-4.071971428664986092e+02
-3.962704428279214994e+02
9.859878943644490334e+01
6.377802119195267494e+01
5.116871863283011379e+01
-5.220938644908441347e+03
-5.381444335771817578e+02
-4.097196447087653155e+02
1.262631217815808640e+02
6.930580790664176050e+01
7.255856786346315346e+01
-8.373329840957600027e+03
-5.898653890330660943e+02
-4.291259290458777400e+02
4.814684302447139430e+01
5.780310702039731297e+01
2.034424983071837190e+01
-1.484682596763245328e+03
-4.175687699724438744e+02
-4.008232772895181029e+02
1.559317291600648616e+02
1.005235123512023705e+02
6.446221313849275703e+01
-1.235535376117533815e+04
-5.400384676152086740e+02
-4.172694354066220512e+02
7.150047680328754041e+01
5.111985965294935141e+01
2.775536586751197632e+01
-2.838886077534111791e+03
-4.075760887482155113e+02
-3.883610122418695596e+02
6.425859531322400642e+01
7.193214023832695148e+01
1.980176542335860645e+01
-2.326852758013069433e+03
-4.481133938654688222e+02
-4.235004374969711876e+02
5.462257880574517799e+01
5.598922155633776754e+01
1.614565654006973716e+01
-1.872561726377175091e+03
-4.228893132222387976e+02
-4.107575363506271060e+02
9.134524900714835383e+01
7.448397343175990670e+01
2.811406902230737259e+01
-4.550180610421721212e+03
-4.173005358602468959e+02
-4.000456739452441184e+02
6.454554179565920435e+01
9.143486523931954935e+01
4.164346665743480003e+01
-2.520599542590369310e+03
-4.609910631073702234e+02
-4.014560003021403531e+02
4.218565324667731176e+01
6.703185335156307190e+01
3.722457148515585601e+01
-1.328768769243998122e+03
-4.622448914157287163e+02
-3.862643831609453855e+02
7.415023743511292764e+01
8.882511866123365962e+01
3.720062544836883234e+01
-3.147023148895211762e+03
-4.532187826152933212e+02
-4.077281887878595512e+02
9.759047342717714457e+01
8.163395135798175772e+01
2.227290938574132184e+01
-5.122263880108729609e+03
-4.400726835001248105e+02
-4.248088322354999491e+02
6.890757579295194546e+01
6.746723866586387430e+01
4.591989334634349973e+01
-2.712015367426502053e+03
-4.165402049741629753e+02
-3.806731142002491310e+02
5.352874482977286164e+01
7.916869366630204752e+01
5.436375144572695461e+01
-1.800666324262122544e+03
-5.923531083038824363e+02
-4.082341947906882069e+02
3.948176813447726374e+01
6.261720652940547183e+01
3.817145638548974063e+01
-1.209555631842407593e+03
-4.832651918869329961e+02
-3.824993514477070562e+02
5.294162597249973601e+01
1.830168569081099150e+01
3.872620300584456032e+01
-1.684462164285415156e+03
-4.723054800301513296e+02
-3.779119574006653579e+02
5.903856796873620283e+01
6.869255316692914448e+01
2.680457997579599905e+01
-2.148191436530111787e+03
-4.280859628782589539e+02
-4.105322590418379036e+02
7.170487802947502587e+01
9.801901003972804460e+01
4.175001379392245582e+01
-3.036384612080989882e+03
-4.722995588803748888e+02
-4.158358637344078375e+02
1.080463424141599518e+02
7.617999016942870583e+01
4.844412545595058361e+01
-6.177477846522106120e+03
-4.543279704394230407e+02
-4.042688728756990599e+02
8.175367090208261800e+01
9.151149982494372637e+01
3.691401956190476596e+01
-3.837092413300350472e+03
-4.160778025428197680e+02
-3.814737750729466370e+02
6.830218012257100213e+01
2.906659363840627464e+01
5.494591639196158894e+01
-2.752462640172267584e+03
-4.830554939305951621e+02
-3.827965119897123714e+02
8.170794143139534071e+01
5.839911042249983097e+01
2.601834719784632455e+01
-3.535588206237112900e+03
-4.304678126855635014e+02
-4.126669529013259989e+02
9.653239632746438303e+01
7.565726006781950730e+01
2.458090612626948257e+01
-5.094466288163846912e+03
-4.052849790850219733e+02
-3.934437561119273710e+02
9.375841955716832388e+01
8.730000052440779257e+01
2.647838458144232021e+01
-4.846822204650648018e+03
-4.503066591900905564e+02
-4.281506966862842773e+02
7.134320417288566318e+01
7.375050709219006251e+01
2.602199300821619232e+01
-2.864957705334527418e+03
-4.126938034547226835e+02
-3.919959290832343868e+02
5.875131911032761423e+01
5.878002509126373099e+01
2.231549181264791315e+01
-2.129386207451981136e+03
-4.174501320676471892e+02
-4.055621367390971272e+02
6.767428965041062838e+01
7.374391965900959178e+01
2.214189160812480139e+01
-2.616959037471504416e+03
-3.842119522040662787e+02
-3.761709797981511656e+02
6.418373441705232096e+01
7.949570834169817601e+01
4.202446499743225417e+01
-2.403576246742290095e+03
-4.508097254124897972e+02
-4.061250267196850245e+02
4.523024706960133301e+01
6.510689411771556934e+01
3.418363008646234391e+01
-1.435255541196972899e+03
-4.468743468374044028e+02
-3.974717978740284821e+02
1.364956248412503328e+02
1.007618485135959787e+02
5.123692447543285766e+01
-9.812912367471282778e+03
-4.834726990983539849e+02
-4.025672291617237306e+02
1.144931427599257887e+02
6.683528430601938908e+01
5.104804384955190244e+01
-7.126087904084744878e+03
-4.672349321035148932e+02
-3.900813703272080488e+02
1.281975714088051461e+02
8.649835631759275145e+01
6.278043511197696347e+01
-8.429645592169132215e+03
-5.231677425000539188e+02
-4.701278573887811945e+02
8.934632889977022785e+01
7.345073281543032806e+01
3.853277049704391999e+01
-4.352483923893755673e+03
-4.227403778595612494e+02
-3.932951388599376514e+02
7.974762269565859185e+01
6.942928316300219649e+01
2.394117048297927397e+01
-3.595533121190074780e+03
-4.210155192063097616e+02
-4.056785393282496557e+02
2.596526649538105858e+01
4.189974346690461715e+01
4.214253513923988947e+01
-7.844430277611711517e+02
-4.517926290446357029e+02
-4.103795504610583293e+02
7.966965908829583043e+01
5.051451065536233642e+01
4.298765238461301408e+01
-3.584178305766190533e+03
-4.587479837536042169e+02
-4.429432213580192865e+02
3.516493184109983616e+01
1.989703827170747630e+01
4.060634377627475544e+01
-1.035980243385138465e+03
-4.358323192710196281e+02
-3.942056695095711802e+02
5.847461482376974828e+01
4.887129516567994614e+01
4.842609668109337662e+01
-2.167223256528688125e+03
-4.888176682337733610e+02
-4.291721721994520067e+02
6.027702583516725099e+01
4.412412081613756953e+01
1.914106832030034866e+01
-2.222510352903671446e+03
-4.263765193236794744e+02
-4.144842889013362424e+02
6.102901891422588676e+01
5.906383262667606004e+01
1.978487886189270384e+01
-2.228542861219562383e+03
-4.113756289678738653e+02
-3.941732968856894672e+02
5.218249754220232717e+01
3.824488241264953814e+01
5.477623048507913950e+01
-1.770825515736301213e+03
-4.503066769302335501e+02
-3.996824072071712521e+02
4.867248318966148446e+01
3.485495380015936462e+01
1.934650213984534872e+01
-1.596936470488344185e+03
-4.340663953558602657e+02
-4.182125331578430405e+02
7.633008847687246146e+01
7.334179751548673210e+01
1.808778292584718983e+01
-3.336625191135880868e+03
-4.524425675058209322e+02
-4.475506858946197326e+02
5.938804783440562574e+01
7.138668875481549492e+01
1.578873097391262448e+01
-2.168325158326675592e+03
-4.251766063290931470e+02
-4.113383374821407301e+02
4.755182182180566031e+01
6.938166230678140778e+01
5.125355224242692742e+01
-1.518016125281572158e+03
-5.255492401788903862e+02
-3.982023985325154172e+02
6.267135345651634282e+01
3.163327251251478600e+01
4.298432961150847120e+01
-2.573032865458325432e+03
-4.721105805228792178e+02
-4.400294842538920079e+02
4.442608647770157404e+01
5.843286836436291054e+01
7.212080690720223686e+01
-1.470317892453397235e+03
-5.752639166072668786e+02
-4.077976465350323565e+02
6.552241900598738766e+01
6.952735943995492107e+01
5.652531275621206674e+01
-2.538613562140456906e+03
-4.436941266322681372e+02
-3.805131318209677715e+02
4.546870999922107615e+01
1.388873070814198307e+01
5.331421327964196166e+01
-1.451714295857735124e+03
-6.609812140417308228e+02
-4.086469214091968638e+02
4.710029912135821917e+01
4.232813695915360341e+01
4.836308488471235734e+01
-1.476962908063316718e+03
-4.529684157857536775e+02
-3.970059844097299333e+02
4.632775449157496439e+01
1.273784090705530048e+01
5.281697005379501775e+01
-1.475730145933763424e+03
-6.722444421138773123e+02
-4.119587572983139125e+02
5.813478336041202255e+01
3.884026275729515021e+01
3.340784235282207959e+01
-2.097006012310743245e+03
-4.384844196079268954e+02
-4.206000396674294279e+02
5.463991979401101418e+01
4.072918696091279145e+01
5.157738875484272256e+01
-1.787049275727731583e+03
-5.231457422128274857e+02
-4.115639722819266240e+02
4.374951108706836322e+01
5.811191600775580213e+01
4.804306674784675835e+01
-1.342837681397531014e+03
-4.958968102657316877e+02
-3.934630250701378600e+02
6.657781113188605104e+01
7.712463560519904604e+01
3.015303609522774408e+01
-2.579536805694339819e+03
-4.560500470686365588e+02
-4.349501171863834657e+02
8.034115924591331748e+01
7.330264734472186205e+01
3.195012025004311340e+01
-3.598283293280650469e+03
-4.374855346164224557e+02
-4.107982542205068626e+02
1.088909740554827863e+02
8.019259938373721752e+01
3.862549268788767165e+01
-6.352949516329257676e+03
-4.193995203231862661e+02
-3.914842212386294023e+02
6.551175114303035230e+01
4.951720178055768429e+01
3.081910878272433862e+01
-2.509343865074752557e+03
-4.297056437939925786e+02
-4.119949461195655545e+02
6.197885532275932974e+01
1.025126163103665533e+02
5.484881339536145362e+01
-2.409177434318900396e+03
-5.257880062303008799e+02
-3.938492080734455385e+02
6.463511718603687939e+01
4.760844445047282392e+01
2.825923987429997553e+01
-2.462856065089984895e+03
-4.302007577088165249e+02
-4.159865004064104141e+02
6.066639060496115832e+01
9.410672020533077387e+01
4.500143170545963045e+01
-2.236553105547952327e+03
-4.861927812591247289e+02
-4.071020095468750810e+02
9.707951511038025671e+01
7.862555483265521161e+01
2.056955764027151190e+01
-5.136343561215596310e+03
-4.467813666994394453e+02
-4.293466293680605759e+02
4.427030423578332829e+01
6.574003767900507000e+01
3.291362638166969390e+01
-1.398324549152598138e+03
-4.632038442922844297e+02
-4.186599558766018845e+02
