8.658045579168083705e+00
-4.207630156058459079e+02
-3.844945760032850899e+02
-3.912946436852635657e+02
-3.832546930477211617e+02
2.562433039253571465e+01
-7.115852930132846268e+02
-3.879960212286692922e+02
-4.126709082505085462e+02
-3.852119337382478079e+02
1.419396783733585465e+01
-4.840165004640323332e+02
-3.855939284616451346e+02
-3.971339590961031263e+02
-3.838080854635707055e+02
7.896199218800131803e+01
-3.523197311037610689e+03
-4.786798208959056637e+02
-4.977136785701656549e+02
-4.702910208024974850e+02
7.192155811338761850e+01
-2.992054466617317757e+03
-4.678332015082747830e+02
-4.848000507735092697e+02
-4.608514919237725849e+02
8.736179506712414877e+01
-4.221740824563726164e+03
-4.927988848495614320e+02
-5.145075076585351326e+02
-4.825270637976746571e+02
1.941775391190202527e+01
-5.776140591580983710e+02
-4.062547230020929874e+02
-4.003678548422269614e+02
-3.966849388487260057e+02
6.001651260799869902e+01
-2.190080368479540994e+03
-4.791491314613364807e+02
-5.221801045261712488e+02
-4.322082195788016179e+02
8.320953670032676541e+01
-3.851002974608020850e+03
-5.482242969201662390e+02
-6.532285501602258364e+02
-4.685853093538902385e+02
4.197571659248288967e+01
-1.298299839222919672e+03
-4.309551667364587502e+02
-4.411916005464516388e+02
-4.267562620475349036e+02
9.991787437200174793e+01
-5.409110257006260326e+03
-4.769653675515706936e+02
-5.269654106599664374e+02
-4.538596604568579664e+02
5.688936667216314191e+01
-2.035519467676611157e+03
-4.393408986631366133e+02
-4.563945076306312671e+02
-4.319399025973020230e+02
4.353120677172583441e+01
-1.358186332141316825e+03
-4.209893674960214298e+02
-4.602664168987997755e+02
-4.134939237951053315e+02
7.199268068864637371e+01
-3.002176387008642905e+03
-4.318059727601964255e+02
-5.240267330043855054e+02
-4.159094918583049889e+02
2.344430695310822799e+01
-6.855211148957215528e+02
-4.153143024988348202e+02
-4.315752228423961014e+02
-4.115998700686629945e+02
8.337831901770586640e+00
-4.390094906645841775e+02
-4.074868871563721200e+02
-4.136382502236883170e+02
-4.067156665509143636e+02
5.869601107671504536e+01
-2.126860628412418464e+03
-4.232484836139799995e+02
-5.819984405437062378e+02
-4.119377723714437138e+02
4.725215011314253388e+01
-1.520632615410970857e+03
-4.183434008118231873e+02
-5.230913792266474047e+02
-4.107923021260856444e+02
3.207134375368073620e+01
-8.715230772587076444e+02
-3.704320830502335866e+02
-3.751324502325391563e+02
-3.672334622520075413e+02
1.500618657840924364e+01
-4.698303499883444942e+02
-3.624575695723943340e+02
-3.651360458900649633e+02
-3.611046948684232234e+02
2.249050838203113400e+01
-6.101490158164359627e+02
-3.655004094916313875e+02
-3.690632170234655973e+02
-3.634905179864704792e+02
8.824339513408833113e+01
-4.279129754552322993e+03
-4.047187843294690879e+02
-4.714329266921009776e+02
-4.002452766769983441e+02
4.015662595761153852e+01
-1.191958666306661371e+03
-3.907586274656692922e+02
-4.042104320186150517e+02
-3.904072845603823225e+02
7.321211669971431490e+01
-3.065688377983189184e+03
-3.991830251889873011e+02
-4.442969166794587181e+02
-3.965443523747084100e+02
3.536376519923567230e+01
-1.035998801451839427e+03
-4.264751456183139453e+02
-4.707671065733291584e+02
-4.167264126885951327e+02
1.223893762372596061e+00
-4.114498148892902236e+02
-4.114125174813506760e+02
-4.116554507722097469e+02
-4.117092963177803426e+02
5.021011139956408442e+01
-1.671228500296821494e+03
-4.397286166825116993e+02
-5.193793747975681754e+02
-4.183802075470521231e+02
2.308857078791736228e+01
-6.644764004269115958e+02
-4.060514100306554042e+02
-4.313910165155898540e+02
-4.021357241116368186e+02
6.646470075183646031e+01
-2.606713572928158555e+03
-4.461083736121420316e+02
-6.059934581813653267e+02
-4.339208627123075530e+02
6.463538238036304051e+01
-2.486801677640451999e+03
-4.436872820559362935e+02
-5.955166769128139777e+02
-4.319740197713214229e+02
4.312349589343542533e+01
-1.362622667872148213e+03
-4.579528772199950026e+02
-4.800534429433819241e+02
-4.410823712017739808e+02
6.733415995425320943e+01
-2.699749267209052960e+03
-4.894450233536925339e+02
-5.475551151032613006e+02
-4.509516241170769035e+02
6.654159683019281601e+01
-2.646696773192539240e+03
-4.882099151163981787e+02
-5.448317439424724853e+02
-4.505647892070514331e+02
5.613729166004373106e+00
-3.771414800520185509e+02
-3.632688486015593412e+02
-3.664890481125885913e+02
-3.627941198387368331e+02
6.986509451593947517e+01
-2.801950218337971364e+03
-4.359061624890416624e+02
-8.113197852241029295e+02
-4.205777501938028990e+02
3.620447642829849144e+01
-1.016766559201005407e+03
-3.841180763318046729e+02
-4.878620996468781073e+02
-3.787851242243965544e+02
4.489096851505239272e+01
-1.395513085082541693e+03
-4.018648210167988282e+02
-4.034290950722181606e+02
-3.878665353603460062e+02
6.738703518996018715e+01
-2.658419813819300543e+03
-4.130064625844717057e+02
-4.148347870838315998e+02
-3.896613036273978423e+02
2.167644715841271008e+01
-6.228477386785610861e+02
-3.940727348915816037e+02
-3.950822849408774005e+02
-3.865528516127305920e+02
6.468436256406583595e+01
-2.485481729688043742e+03
-4.204031683593353819e+02
-4.457208829949558435e+02
-4.115438605115056134e+02
3.689451043502389638e+01
-1.074050799648328621e+03
-4.054757487121189570e+02
-4.140466865441268283e+02
-4.011557857488135710e+02
4.948026219918410362e+01
-1.617596523178288180e+03
-4.112806681282960426e+02
-4.261415903317143261e+02
-4.051251793162412582e+02
7.386682880063078471e+01
-3.119262657838072755e+03
-4.377645151093292952e+02
-8.283105948590799699e+02
-3.989270452318030493e+02
4.049034986561321148e+01
-1.210842675427107224e+03
-4.068476387514526778e+02
-5.260555301757443658e+02
-3.966784781369665325e+02
4.352870383485064565e+01
-1.338482488078297138e+03
-4.088405051531006507e+02
-5.462093367534354229e+02
-3.968866917318773062e+02
3.638622802847015691e+01
-1.087753196155902288e+03
-4.538441864829146084e+02
-4.541566676375604175e+02
-4.466109277098613006e+02
2.417835647734685978e+01
-7.180708620588195572e+02
-4.408878427861439491e+02
-4.407693456708726671e+02
-4.357052566776641811e+02
2.173325269526875303e+01
-6.619415374441922495e+02
-4.388087416173053157e+02
-4.386391970242227671e+02
-4.339560889188211945e+02
2.500525393938207230e+01
-7.145028257771649578e+02
-4.114096013251132717e+02
-4.277860891178590919e+02
-4.100374492989308237e+02
5.450678143839332535e+01
-1.887366074877062374e+03
-4.261533387987051924e+02
-4.976933241056124757e+02
-4.189124850661374921e+02
2.908016841165028055e+01
-8.246995609156449518e+02
-4.129374946752604956e+02
-4.343697236066150822e+02
-4.110768190067738033e+02
1.390958039105655963e+01
-4.795648162251584949e+02
-3.873924079146606232e+02
-3.978521705943758775e+02
-3.864921763722646801e+02
3.167675434568252513e+00
-3.878436867269095956e+02
-3.845377881688115735e+02
-3.844660341229501910e+02
-3.842651428543128418e+02
7.953673814436233336e+00
-4.144570664707503624e+02
-3.859797607066049636e+02
-3.889149360520489722e+02
-3.853723947457836516e+02
3.163455834065039340e+01
-9.201533828981906709e+02
-4.359312872500414073e+02
-5.556696524047506500e+02
-4.233537985245609434e+02
1.167406174944655106e+01
-4.879226010591294767e+02
-4.237188939799568175e+02
-4.435128893834627775e+02
-4.212244837344056236e+02
3.058089643254925249e+01
-8.873763555033355033e+02
-4.350391413984658016e+02
-5.471996939378826710e+02
-4.232696618565765903e+02
4.381692040459253690e+01
-1.346128643810144467e+03
-4.105828876965707082e+02
-4.131335538403366172e+02
-4.097143655630213175e+02
4.305108460829031714e+01
-1.312865329914031463e+03
-4.098558032195967940e+02
-4.124028062437319022e+02
-4.090295593659615747e+02
2.453393223211489627e+01
-6.871243023239491095e+02
-3.961506320660955112e+02
-3.984697673709180208e+02
-3.960307967593482772e+02
1.717877713183002797e+01
-5.427459940676715178e+02
-3.969809983367086943e+02
-3.990329816120995474e+02
-3.954687463317434890e+02
3.263890895822863314e+01
-9.278399911868975778e+02
-3.994879750468307407e+02
-4.009727055190467695e+02
-3.974367679400827456e+02
2.679393100897796742e+01
-7.541481716520640930e+02
-3.984352388705529506e+02
-4.001313955753465734e+02
-3.966446105586825297e+02
2.063215539797393916e+01
-5.795550603944312797e+02
-3.743646206628467894e+02
-3.767307648356797358e+02
-3.717368088993344486e+02
5.361840995986488423e+01
-1.804179085523427830e+03
-3.900106375458126422e+02
-3.941512984356032803e+02
-3.834561419764872880e+02
4.362247419578727659e+01
-1.318172269692422560e+03
-3.842635414578680297e+02
-3.878793502581846155e+02
-3.791489480644384003e+02
4.064693398088054721e+01
-1.221768509367601155e+03
-4.101534970657173176e+02
-4.152715996010882122e+02
-4.026378275379144611e+02
3.670531475891421369e+00
-4.024182890023248547e+02
-3.975924549617562320e+02
-3.989207911095123222e+02
-3.973208217360018466e+02
2.111417621092417107e+01
-6.185861068775477634e+02
-4.026364304369270712e+02
-4.064908051480444442e+02
-3.999407321026672548e+02
1.596772189663725072e+01
-5.194348469777429500e+02
-3.961629903331467517e+02
-3.967868006259842559e+02
-3.936935633323800516e+02
5.194058565612048994e+01
-1.740862994843965225e+03
-4.067517669262152822e+02
-4.098104582376295753e+02
-3.996770078800153669e+02
2.558266407681546895e+00
-3.952231391999042103e+02
-3.924871143691012776e+02
-3.912628698217924352e+02
-3.914169834165511475e+02
1.963769653997904996e+01
-5.990800616731817172e+02
-4.205183696352812603e+02
-4.457376802026171276e+02
-4.151292095060417751e+02
1.391990634736028909e+01
-5.031423953346697999e+02
-4.162289884394244837e+02
-4.281826447959146549e+02
-4.140892116656013400e+02
1.757712078121826238e+01
-5.607380864537965408e+02
-4.188902130893278013e+02
-4.387129720100588202e+02
-4.148273116571759829e+02
