# Injected 220 mode. Syntax=[SNRtot_MF, SNRtot_opt, evidence220_200, evidence220, evidence200, nofilter]
1.253127086123877802e+02
1.249582343738069028e+02
-5.779916014241813400e+02
-5.784777810118814614e+02
-1.371768249061573670e+03
-8.212237918913187968e+03
3.833154903415911718e+01
3.985547316634317383e+01
-3.996924755098530113e+02
-4.021433442937503742e+02
-4.030125908234296617e+02
-1.128188477129486500e+03
8.812296389179130074e+01
8.912733633245758824e+01
-4.449208273197097014e+02
-4.458753324486688712e+02
-5.000219719040662198e+02
-4.301853181716895051e+03
5.335199801621075011e+01
5.413152959802753372e+01
-4.130966706380190772e+02
-4.142656105266527220e+02
-4.134100625417702304e+02
-1.801078092911128579e+03
9.069745063171650301e+00
9.689561250531502523e+00
-3.777440371885086847e+02
-3.813910346257968058e+02
-3.819633257492583311e+02
-4.188144072522114243e+02
1.320434680285405271e+01
1.271949206706334401e+01
-3.889879266340063282e+02
-3.920970183226123140e+02
-3.929202636461175189e+02
-4.753862920333294255e+02
7.623137559362743332e+01
7.457795598651777880e+01
-4.195853921737231644e+02
-4.168666559712422668e+02
-4.266336025309335582e+02
-3.312074897808829064e+03
3.857997599559114832e+01
4.021365191920560278e+01
-4.022147138984942103e+02
-4.042268356201151960e+02
-4.037808670011280583e+02
-1.130571177365192170e+03
4.970724671019984697e+01
5.142672093450161697e+01
-4.401356003015114879e+02
-4.426240306013955319e+02
-4.422453541254117795e+02
-1.639849432104728521e+03
7.117259387647905555e+01
7.142091978799527396e+01
-3.822339177579094667e+02
-3.792493417311580970e+02
-4.419957572692051144e+02
-2.903663108660436592e+03
1.168708165238069228e+02
1.163810240494686923e+02
-7.209139950152743950e+02
-7.273942620854568304e+02
-7.272198605314129054e+02
-7.254480995123901266e+03
8.807993358072680223e+01
8.933463420563771251e+01
-5.721884553208262787e+02
-5.739404305520291700e+02
-5.739762402515873418e+02
-4.268892073056082154e+03
7.082324017610464750e+01
6.873547653173110916e+01
-4.179286804352380500e+02
-4.199494359941701873e+02
-4.197847585763158236e+02
-2.913665919749759723e+03
5.489524828875077844e+01
5.570263091697909630e+01
-3.871705893108714918e+02
-3.872226737054385239e+02
-5.295907151653175333e+02
-1.882954715483980635e+03
1.196107883522526265e+02
1.209305771133449241e+02
-4.185939218471001482e+02
-4.194476946475928116e+02
-4.591464805825775670e+02
-7.561701070774329310e+03
5.537513113954268817e+01
5.515450213106165478e+01
-4.365619957685996155e+02
-4.387044957506261653e+02
-4.375852567850975561e+02
-1.945343904196472295e+03
1.125298487079410137e+02
1.129218348361292641e+02
-4.287693525774749332e+02
-4.297546554371341472e+02
-5.344268198747734004e+02
-6.710922354064642604e+03
3.551040378514031914e+01
3.658379368414589550e+01
-3.894300820698382495e+02
-3.913720734899815170e+02
-3.911930245652251870e+02
-1.011493291020269680e+03
2.807930721337400470e+01
2.799518223138625572e+01
-4.101633972814006484e+02
-4.111978393277187251e+02
-4.154339670261928745e+02
-7.771020652860177051e+02
2.742791608572565210e+01
2.764606447594614380e+01
-3.781892241056377770e+02
-3.784701974142769814e+02
-4.058153170554592180e+02
-7.461343031163108890e+02
7.051730656653748319e+00
5.478457933197190322e+00
-4.195782631519207939e+02
-4.203584244210962311e+02
-4.200542360819291616e+02
-4.406373886004375322e+02
3.805768870282422967e+01
3.904598010601603875e+01
-3.853389232008213412e+02
-3.891331031377228555e+02
-3.891871332812488617e+02
-1.101992363932231228e+03
5.891393066853751037e+01
6.069972393467044469e+01
-3.859415291594075370e+02
-3.883400674181584691e+02
-3.894375526479924474e+02
-2.105116298622004251e+03
4.893386659271220651e+01
5.001839213798659500e+01
-4.111734017039948412e+02
-4.130623991096850887e+02
-4.122949100285171653e+02
-1.594153781294914324e+03
4.448734154463604540e+01
4.564079902742470551e+01
-4.012519554372898369e+02
-4.028377542463328496e+02
-4.042339058543745409e+02
-1.377685070062259456e+03
2.971575705212040930e+01
2.856756569738728047e+01
-4.125552030225097724e+02
-4.128871377857612401e+02
-4.616320270350996680e+02
-8.449905284034269926e+02
1.371186594961313965e+01
1.436438755823236590e+01
-3.700824693112057275e+02
-3.732587024062854653e+02
-3.769464607828601288e+02
-4.630358306420633880e+02
9.136926486796801328e+01
9.019040161975732417e+01
-4.711027024890605617e+02
-4.741487004535589449e+02
-4.741244755990022099e+02
-4.572476222313811377e+03
1.870745290597486843e+01
1.719097324012173189e+01
-4.238287150461941906e+02
-4.231956173005937103e+02
-4.228829489183947885e+02
-5.949295922939149932e+02
7.059483981814643982e+01
7.012562370711593474e+01
-4.110545455322120461e+02
-4.084452522435498736e+02
-7.503013630569906809e+02
-2.876944086497871012e+03
9.897310346692485439e+00
1.083435674992802156e+01
-3.972527502086431923e+02
-3.986992169944718398e+02
-3.994121487300405988e+02
-4.411708308097166196e+02
1.433704811074491658e+02
1.448507833073175846e+02
-5.261485086147261427e+03
-5.264191255279035431e+03
-5.264046652362463647e+03
-1.068380492728502577e+04
1.147920077418254259e+01
1.126448736737378198e+01
-4.209961554805132096e+02
-4.226300619458102119e+02
-4.218227026676742639e+02
-4.833887891391187850e+02
8.064239250983382234e+00
8.001296734035291180e+00
-3.886247962680074579e+02
-3.888349525372784683e+02
-3.903101177381580555e+02
-4.188309354363996704e+02
8.478463093499550496e+01
8.521549264144833558e+01
-3.697537437784896497e+02
-3.734261268015356450e+02
-3.737006709954391681e+02
-3.945607638375647639e+03
9.484205854886758047e+00
7.982131470296403464e+00
-4.068521405992631799e+02
-4.076434201355324376e+02
-4.076654229601675752e+02
-4.468685431379752231e+02
9.379051964081325821e+01
9.337864345407750477e+01
-4.037472237407168905e+02
-4.023419749641740282e+02
-7.055610189949364894e+02
-4.789321234062433177e+03
1.574319970026616389e+01
1.566205120906001902e+01
-3.709312105772034442e+02
-3.691125359047522352e+02
-3.727284402894123900e+02
-4.859264316231213456e+02
6.855892374347000384e+01
6.968525411021663274e+01
-3.693366177689264305e+02
-3.715852573567299828e+02
-3.718010376283979781e+02
-2.707670419671535910e+03
3.106511110301093481e+01
3.205234601643423531e+01
-4.160303615375015056e+02
-4.193568704115772334e+02
-4.195733269890396286e+02
-8.829566181261266138e+02
8.677683765046245412e+01
8.710669171153865875e+01
-5.989660626063056270e+02
-6.025223915939232029e+02
-6.025386987244127113e+02
-4.164457126627302387e+03
5.562971319619938981e+01
5.504380019436436555e+01
-3.903241394324884936e+02
-3.923447535231896381e+02
-3.929119708298229625e+02
-1.918325628797114405e+03
4.197567033434137329e+01
4.192979081174105005e+01
-4.158230338961798793e+02
-4.175587507817477899e+02
-4.177356297969950560e+02
-1.285463904732286665e+03
4.561507638823741217e+01
4.490496020830399004e+01
-3.855348908953483829e+02
-3.870988584951870735e+02
-3.867360946061019717e+02
-1.416017151336211555e+03
7.830344456052092994e+01
7.904184981866661985e+01
-5.631712476818031519e+02
-5.660476724156980026e+02
-5.658380340725019551e+02
-3.433980185835169323e+03
4.158484981939606939e+01
4.171967922245872984e+01
-4.111379379577863915e+02
-4.119364855917748969e+02
-4.965427419124399080e+02
-1.267977839294353998e+03
5.624749433280140920e+01
5.734689833806654491e+01
-3.953660561015841495e+02
-3.960326557359283584e+02
-5.009846381453766071e+02
-1.964773290375190527e+03
1.031480273461530004e+02
1.028716872214894948e+02
-1.342684219949145245e+03
-1.346620373832979340e+03
-1.344833936426990022e+03
-5.704971389300431838e+03
2.763241004939744272e+01
2.826003204700355909e+01
-4.144541010819816051e+02
-4.161176168410573268e+02
-4.154914863408540668e+02
-7.924063745837571560e+02
7.408731703558304105e+01
7.317286667000709599e+01
-3.712064793526585618e+02
-3.729868189383349772e+02
-3.737237811331932562e+02
-3.109184497441948224e+03
3.839525058836206739e+01
3.888182982978852920e+01
-3.919688144103758418e+02
-3.928781710615381826e+02
-4.023452327781545819e+02
-1.121862501678259605e+03
4.351142513559143765e+01
4.341312610209100598e+01
-4.343910679891928339e+02
-4.371066039635090306e+02
-4.369223686168378435e+02
-1.377787471851495866e+03
2.472598998043201846e+01
2.473430258337688770e+01
-3.853914130672510510e+02
-3.861675733596873670e+02
-3.853473950282894975e+02
-6.880375125772878846e+02
8.945064827000061314e+01
8.840670256374440328e+01
-4.249690003199058879e+02
-4.258874428542276291e+02
-8.060804344888393871e+02
-4.399640688525227233e+03
4.514603289092092808e+01
4.532877178800837470e+01
-4.154584810004871542e+02
-4.177718119812104192e+02
-4.172860965654849110e+02
-1.406731925917479657e+03
5.511722978213686730e+01
5.373650836838418599e+01
-4.481482115261226795e+02
-4.487556193947389147e+02
-4.490851187726431135e+02
-1.921993316949335622e+03
5.540160006565157147e+01
5.620233001575107323e+01
-3.931264159551273565e+02
-3.969825758930149959e+02
-3.955131233059223632e+02
-1.911355437203948213e+03
8.141768358739491873e+01
8.220193764515205714e+01
-4.425319322272693512e+02
-4.452968650653813256e+02
-4.450207609434166898e+02
-3.695175417325380749e+03
1.878720453657923883e+01
1.804303270184178842e+01
-3.714587545628349972e+02
-3.726814515833434029e+02
-3.722987172408938932e+02
-5.439303828614224585e+02
6.218778458600992565e+01
6.278952968570176552e+01
-4.133835217234756669e+02
-4.179712902712980735e+02
-4.231514588099265097e+02
-2.310808636526213377e+03
4.015715969359698079e+01
3.979705996814888636e+01
-3.737055194969138938e+02
-3.757266778075295974e+02
-3.749522453711741719e+02
-1.168480653449365946e+03
4.659064344754511922e+01
4.682247424699635019e+01
-4.046035380561577881e+02
-4.062372108624745692e+02
-4.060745413083465678e+02
-1.464305716287837186e+03
2.713576801076256828e+01
2.662051406231151418e+01
-4.156651218816862752e+02
-4.162176821433419605e+02
-4.209855091871940544e+02
-7.777559919833225877e+02
7.040218434705852246e+01
7.050408268785568566e+01
-4.330303440543847842e+02
-4.310320176218084498e+02
-4.301520316945949958e+02
-2.868704809396385372e+03
1.338456932695127222e+01
1.103421845813877589e+01
-3.867017846433085424e+02
-3.887006570446084197e+02
-3.936213662107696223e+02
-4.685470285936819437e+02
2.837730192014988617e+01
2.794774084540434700e+01
-3.936614305912168561e+02
-3.961619634040256983e+02
-4.077286543435174622e+02
-7.903764760334518087e+02
8.614852985473262947e+01
8.450464890568470366e+01
-5.282468507997316465e+02
-5.295813092046855672e+02
-5.288969127017841174e+02
-4.088018757316069241e+03
1.186830938824672046e+02
1.169304988177494096e+02
-4.095286843429727810e+02
-4.101630973182038247e+02
-1.314071890181391836e+03
-7.443099905475221021e+03
6.879596820811239866e+01
6.887821263241039560e+01
-4.031417038111206921e+02
-4.061309687491610134e+02
-4.065968333326262609e+02
-2.770052114480909040e+03
5.933747925461513972e+01
5.833770248930274960e+01
-4.453370180587218101e+02
-4.490834179795222667e+02
-4.479368356349360170e+02
-2.199617463227656117e+03
1.029897585548169481e+01
9.686478732589391072e+00
-3.917200651735026895e+02
-3.936084217028043213e+02
-3.934934801660578501e+02
-4.440673897861650516e+02
9.762336185175799130e+01
9.760841015197149773e+01
-3.814671872575812586e+02
-3.850671915582335032e+02
-3.850413059618996385e+02
-5.140394688088846124e+03
9.840109324657136369e+01
9.768542309007629854e+01
-4.195433050331504319e+02
-4.207215719122206110e+02
-4.314290003679341794e+02
-5.223033675827949992e+03
5.653213695816080531e+01
5.638067693438885186e+01
-3.961600795323333841e+02
-3.956075873919236869e+02
-4.012980696386965178e+02
-1.983741294417334302e+03
5.893275231238827416e+01
5.829889669133392971e+01
-3.930571431058475582e+02
-3.957313860715261740e+02
-3.960916713788074048e+02
-2.123434100528597355e+03
1.360364911207686021e+02
1.369566752385611039e+02
-4.480531151158946273e+02
-4.527231611908456443e+02
-1.488606927804455154e+03
-9.651957481718523923e+03
1.125981151721180709e+02
1.120526555309536718e+02
-6.150726804675308586e+02
-6.159766985982772667e+02
-7.022156236751211509e+02
-6.735504413642035615e+03
1.812126197701187991e+01
1.969480138275867631e+01
-4.182877816395571813e+02
-4.198706938441579837e+02
-4.196947447304306138e+02
-5.711523470416786949e+02
7.978660656692473196e+01
8.071938370096212623e+01
-4.368800299154690947e+02
-4.403515600129111363e+02
-4.402023263171555527e+02
-3.585939826847093627e+03
6.715093638963601563e+01
6.778058284846068204e+01
-4.143718013976971974e+02
-4.143731532298389197e+02
-5.838381035941014261e+02
-2.660186163278551248e+03
2.012373404395767196e+01
2.000639925314038337e+01
-3.802331017610097774e+02
-3.815406028003406504e+02
-3.873536676001155570e+02
-5.778275868614593946e+02
9.501623241510498019e+01
9.596306002513600220e+01
-4.377876956825915613e+02
-4.380513654574231737e+02
-4.509505166609868638e+02
-4.930900152289516882e+03
2.338279354894794437e+01
2.224304823207455328e+01
-4.511345086950551035e+02
-4.517629839883465479e+02
-4.799611586445560079e+02
-6.628594933432617609e+02
9.061354625068399571e+01
9.117271240993467529e+01
-4.273527255769491262e+02
-4.305853076875378633e+02
-4.311149275276906678e+02
-4.516125205641114917e+03
7.137606370666934197e+01
7.119360018264488588e+01
-4.944436674977945358e+02
-4.949337837933920810e+02
-4.941305092093211329e+02
-2.927779788093105708e+03
6.647231332979531260e+01
6.732330238096128028e+01
-4.630040713381220598e+02
-4.655870912830371253e+02
-4.683889742373287390e+02
-2.599971071314457276e+03
3.236021187338336347e+01
3.500290364348175132e+01
-3.807672856440535725e+02
-3.808722845107452031e+02
-3.832398727029287784e+02
-8.968817951229988239e+02
7.551872390546981251e+01
7.601646981252602586e+01
-4.123568304064887684e+02
-4.153937715246487983e+02
-4.142387019449860759e+02
-3.260135832232539542e+03
8.390999435035108434e+01
8.431384066012267908e+01
-5.344589090838292122e+02
-5.366366335285467812e+02
-5.361798953580553189e+02
-3.907994884695087876e+03
8.266856126691567397e+01
8.364328976180105713e+01
-4.087525807285799715e+02
-4.069445628660968737e+02
-7.932222471605202827e+02
-3.808466664908965868e+03
6.251980559650632330e+01
6.219688755277623926e+01
-4.310877189617830254e+02
-4.312720667991474102e+02
-4.668621127001601963e+02
-2.344838430084580523e+03
1.083947649491120160e+02
1.083518815194194218e+02
-4.817303701618674268e+02
-4.862660873353551665e+02
-4.867416777030696835e+02
-6.264190033543827667e+03
5.534180610890432206e+01
5.534925313442148109e+01
-3.764089603551681193e+02
-3.761275130428487046e+02
-3.903434790678184072e+02
-1.895807768324571498e+03
4.565497800474241075e+01
4.577977034149724034e+01
-4.059864701486228000e+02
-4.104818572802120116e+02
-4.089149121569784029e+02
-1.419792508123702646e+03
8.279694213944149794e+01
8.194571046196024611e+01
-6.763436013274683773e+02
-6.793522831262820318e+02
-6.783082045818839561e+02
-3.806938718498424805e+03
9.062420688070453423e+00
9.448143265146358161e+00
-3.841705935453417169e+02
-3.857031557675184672e+02
-3.859147665591805207e+02
-4.214079161481028564e+02
1.016404614386828626e+02
1.013333160972458131e+02
-5.075359979831899864e+02
-5.101539219063516839e+02
-5.106431397018421308e+02
-5.571676577867102424e+03
8.478691362703807499e+01
8.695884996138354950e+01
-4.818770576764458724e+02
-4.849386198783690247e+02
-4.841162470426780828e+02
-4.002863545428445377e+03
1.137283399228027605e+02
1.123058762175941609e+02
-5.013079444255203043e+02
-5.020772506318173214e+02
-5.635561217704156434e+02
-6.856224071109189936e+03
6.812549294215940243e+00
8.111953577932059289e+00
-3.997858061714022142e+02
-3.995018251032219041e+02
-4.010132788540996103e+02
-4.175631209703906279e+02
