# SNRtot, SNR330_res, SNR330, evidence220_330, evidence220, nofilter
4.988338818595121893e+01 1.786059331071259848e+01 2.096531382980654712e+01 7.224701567348566833e+00 -8.265735422025208834e+01 -1.232185807346094180e+03
2.963406352197751659e+01 1.642248954688587403e+01 1.903225482790062983e+01 7.033323555345751821e+00 -1.072630229595712734e+02 -4.270984593032445673e+02
2.775122631764969938e+01 1.318410331444395567e+01 1.882000415039673058e+01 7.612343566657049365e+00 -4.808286471109460791e+01 -3.730748799576520014e+02
3.524328627108637590e+01 4.167516608084556928e+00 5.143053641775376938e+00 7.409155088711262493e+00 2.257093107360754303e+00 -6.090542124838181053e+02
4.106530505935229769e+01 8.355624536187464813e+00 9.686063095594700911e+00 6.865101765429552749e+00 -2.292511673354270130e+01 -8.311892386997778885e+02
2.377908668197279596e+01 7.251571007374982614e+00 9.777648118742717998e+00 8.030906796011132442e+00 -9.844065713471803036e+00 -2.707320806053332944e+02
2.967961207925772982e+01 1.001428345961576838e+01 1.265424645393524017e+01 7.517883791355660428e+00 -3.405346482426410404e+01 -4.284492854785560212e+02
5.239662929267182534e+01 1.068720485816321819e+01 1.403105932374117870e+01 6.655146558059819917e+00 -4.624008081306445916e+01 -1.360712979507782848e+03
1.779219276210866596e+01 7.605977118816378280e+00 9.340135778672722822e+00 8.120490626021233282e+00 -1.844078796713642987e+01 -1.462906605329613114e+02
3.401936084963666218e+01 1.419071528778450109e+01 1.663609559845540886e+01 7.141582938904851297e+00 -6.139650551674374412e+01 -5.666680551998412056e+02
6.014323987904364799e+01 2.513541399342988569e+01 2.910467034832879207e+01 6.670440527025975008e+00 -9.480048962828345793e+01 -1.796614250465038594e+03
2.903233307652379835e+01 5.290007104517398417e+00 7.020200501639778601e+00 7.746817354919055099e+00 -5.446684874801596798e+00 -4.094477808240542345e+02
3.021947362862085029e+01 3.924914714419929673e+00 5.614742001110496261e+00 7.357451072811000081e+00 7.010454289164940178e-01 -4.446178920864008433e+02
4.015664011495937302e+01 4.523295999663650591e+00 5.565504503599761676e+00 7.199172041994536642e+00 -7.592885190727995948e-01 -7.942874715521274993e+02
6.645740323614710121e+00 7.347450398242693081e-01 1.034964624716498083e+00 1.024277884794817517e+01 9.298719345785956492e+00 -1.009253111540461312e+01
5.498199661350410139e+01 1.427085992674602366e+01 1.869624956237659319e+01 6.388269980860608932e+00 -7.588648726808749245e+01 -1.499519574694633548e+03
4.183752493863292443e+01 7.770209230087425922e+00 9.072308353215289500e+00 6.856663677326525708e+00 -2.076815957224192388e+01 -8.631988453863112909e+02
3.608360001711093190e+01 2.131366813285193373e+01 2.780597055776797433e+01 6.503895569060067494e+00 -1.856297319391341603e+02 -6.390226939883692694e+02
7.671783288920254051e+01 7.107772657922423853e+00 8.378750991054504382e+00 6.110073942764874921e+00 -8.517650869927646085e+00 -2.930822540498748822e+03
8.229146234423284056e+01 1.782755281669643210e+01 2.052654483097775184e+01 6.354377769576866619e+00 -7.306942483914880881e+01 -3.373951986267091343e+03
5.877775841637681964e+01 1.036829981083699082e+01 1.486331379662541252e+01 6.498356172735109126e+00 -4.114852328086197986e+01 -1.715422041117923300e+03
1.204166558476713966e+01 4.814840728409548909e+00 6.355678436346304139e+00 9.439514536528047728e+00 3.356061397710472072e+00 -6.051045391862799505e+01
1.137247873943913490e+01 7.667480633107366828e+00 1.058143343363619771e+01 8.293124729223841030e+00 -1.219963999594857107e+01 -5.267623523044289158e+01
6.120326086883458316e+01 8.918030389497056731e+00 1.065820828869281200e+01 6.614361212310876148e+00 -1.652753798739954760e+01 -1.860929169380254507e+03
4.575173035050427472e+01 1.522238794571290832e+01 1.773533633546981747e+01 6.912343250158854424e+00 -6.423951813152604018e+01 -1.034620013923572287e+03
6.083445088234535447e+00 1.841769512272595000e+00 2.178949629511470754e+00 9.933617942772487552e+00 7.997845001495337947e+00 -6.513750961727781785e+00
4.894806169685742958e+01 1.328096565761801173e+01 1.782848585080237669e+01 6.447956297528547154e+00 -6.392034047647842243e+01 -1.185965970830626247e+03
8.494190701921322528e+00 2.520185533026310321e+00 3.247653153894628275e+00 9.136994167010694667e+00 6.543578386539131486e+00 -2.408523673124865638e+01
1.308292757071543555e+01 5.970004166906116794e+00 7.265019619538390927e+00 8.655745482249120215e+00 -1.441059187722037116e+00 -7.359109580123839578e+01
7.068038131986284611e+01 3.303719352808510479e+01 3.824737332220696828e+01 6.081046955753697247e+00 -2.297753522179862387e+02 -2.485867750651553251e+03
3.959758956161137178e+01 1.878329910284084292e+01 2.647308965575372852e+01 6.845009915997862571e+00 -1.281179709306225050e+02 -7.719941484358622574e+02
3.210673729128664888e+01 8.879590073229421066e+00 1.219683022784789017e+01 7.108122990994899304e+00 -2.362746710922939641e+01 -5.034308886367936111e+02
4.564745230682885335e+01 1.866354033928951139e+01 2.650057557545463993e+01 6.342387535790253494e+00 -1.179845873006481725e+02 -1.029854549943052689e+03
4.302370337536738276e+01 2.505878031787558768e+01 3.070257034589930356e+01 7.141017909034895084e+00 -1.729795896013165759e+02 -9.135291249567445675e+02
7.397446300534740260e+01 1.495211463098025106e+01 1.818976930625608190e+01 6.085784921287304527e+00 -7.495603804313012120e+01 -2.724120187355701091e+03
2.767156290831197296e+01 4.853163664959262213e+00 6.963480099784431054e+00 7.865219992701772078e+00 -3.874382345770980507e+00 -3.708672957852787704e+02
9.000282051648866855e+00 1.993850187943335905e+00 2.405338511489583109e+00 9.440243801361020815e+00 8.119347575957267082e+00 -2.851213739556169458e+01
1.686771273127101978e+01 7.764988190457151163e+00 1.039989206149402712e+01 7.944545971191545597e+00 -2.196556064230678373e+01 -1.302694652832865359e+02
5.448609759904290684e+01 2.841525767732141361e+01 3.469301610912815192e+01 6.810010363464210847e+00 -2.291827286508139991e+02 -1.472377014677159877e+03
5.096197168785551668e+01 1.970645493848004648e+01 2.378718075548799860e+01 6.565606899930991780e+00 -1.304115539649173456e+02 -1.286570878047838960e+03
5.129502175563825261e+01 2.123744422238494067e+01 2.452457390780871904e+01 7.309956775350380020e+00 -1.131762436265534006e+02 -1.303599227346646103e+03
3.209264646339826044e+01 2.697561560446201057e+01 3.163922713536092601e+01 6.955780135787779983e+00 -2.931950845110162049e+02 -5.029785774032797008e+02
5.044424479300924702e+01 2.564217605029763547e+01 2.957310836684341027e+01 6.280727107097390238e+00 -2.840222146738802280e+02 -1.260320515259465537e+03
6.943859240536845334e+01 1.303958737370787624e+01 1.500754642897280000e+01 6.004322292036429864e+00 -7.207019693432752661e+01 -2.398868656510391702e+03
5.677820975656669589e+01 8.365902523499173071e+00 1.199179530646637382e+01 6.272690473302710679e+00 -2.011748237478511214e+01 -1.599892150471288232e+03
1.596545982719720769e+01 7.486776042473240800e+00 9.551356913730165488e+00 8.086715694722290237e+00 -9.251963925543737588e+00 -1.154575526378692985e+02
9.181712089253066367e+00 6.863090489545841777e+00 9.735988686248953528e+00 8.454696312953723591e+00 -7.031893058743085234e+00 -3.016151733591328110e+01
1.172526155931248049e+01 2.210687520302388354e+00 2.629354869812833506e+00 8.774274214715726217e+00 5.849200824464309889e+00 -5.675047820809080434e+01
6.581684073033004267e+01 8.551016894912013555e+00 1.081422454898366148e+01 6.452254333371305606e+00 -2.268280085282834690e+01 -2.153937860751761036e+03
5.229292052101914123e+01 1.208153924687199954e+01 1.719609868545675369e+01 6.083026457996343339e+00 -4.682338433294893321e+01 -1.355284367199757980e+03
3.502475276388034331e+01 2.539486030274765582e+01 3.076988676677702017e+01 6.973839190529188770e+00 -2.685837831904597124e+02 -6.013762519764171657e+02
1.380333882958312763e+01 2.110183768032162455e+00 2.729627154017151280e+00 8.861262195255708463e+00 7.068970826625657011e+00 -8.327568031308399554e+01
6.568687840158493429e+01 3.335016477768002829e+01 3.855788728969432100e+01 5.849305424064673353e+00 -3.279977796581192138e+02 -2.145392595963247913e+03
7.651157949615509324e+01 1.502692044480456701e+01 1.735180026273379994e+01 6.357524928521009144e+00 -5.635948103968150491e+01 -2.915020497389175489e+03
6.318974777594694103e+01 1.656956061374948419e+01 2.036520927628236066e+01 6.824056479402367259e+00 -6.325200872226567128e+01 -1.984481710884841277e+03
5.790800729451508744e+01 2.296785570526562381e+01 3.036445073761359126e+01 6.945142632276494865e+00 -8.797232835113169358e+01 -1.664678253301751511e+03
4.875193303478653917e+01 1.315316043568878079e+01 1.879189670352272756e+01 6.999142917252210161e+00 -6.002555343063318105e+01 -1.176385086205101061e+03
3.317250854910565039e+01 2.089394489478886641e+01 2.979276187556407862e+01 6.948833608965784947e+00 -1.422894151476760101e+02 -5.382172606111890900e+02
5.452425824435396606e+01 1.383386786596979867e+01 1.961516138614208415e+01 6.961624787540617199e+00 -4.243124011194483103e+01 -1.474456967439446316e+03
7.109806253616038418e+01 1.434453877127441324e+01 1.761025995054122717e+01 6.563093806757974491e+00 -6.822552636420149952e+01 -2.515476847088831619e+03
1.447020205374143309e+01 4.587921269747200270e+00 5.701279711040747600e+00 8.780717969258242661e+00 2.731577069586512252e+00 -9.270297262899674706e+01
3.759693206560910994e+01 2.626223381674206081e+01 3.200222863863665168e+01 7.328214299276400112e+00 -1.431499173669846812e+02 -6.947742492639584952e+02
4.077931698821040385e+01 1.876504794013139232e+01 2.658007827309173621e+01 6.587031544623419776e+00 -1.286159580345085658e+02 -8.194859459034181555e+02
7.535409831475020859e+00 3.695394296316100391e+00 4.444365323112389632e+00 9.363196898957003356e+00 3.638769186126301847e+00 -1.640079955509053633e+01
4.188893820068075513e+01 1.378322158666263952e+01 1.830138127162252104e+01 7.219505357260005418e+00 -3.542658412286760239e+01 -8.653511706811709701e+02
6.994310996987231022e+00 4.655810013178692586e+00 6.677902730357175187e+00 9.805806582123659965e+00 2.674851123626226013e+00 -1.246979205223359521e+01
4.368407947485151510e+01 1.345666275731907646e+01 1.698400182386598445e+01 7.117576904186768694e+00 -6.600147259956104051e+01 -9.421589986735169759e+02
6.302819329332966447e+01 9.823784089021375010e+00 1.161331799188193692e+01 6.400438455477483579e+00 -3.023545937800689742e+01 -1.974286173801608811e+03
4.056218471206635456e+01 9.910640075873391908e+00 1.421758493063454232e+01 7.434322118214397257e+00 -2.397487289335682448e+01 -8.106550131988400381e+02
4.259034466425703869e+01 1.584191391294056395e+01 2.206503082284350370e+01 7.216744030067653526e+00 -8.625576978794518368e+01 -8.949783282010491803e+02
7.678536716984454813e+01 1.494182186686260749e+01 1.787081671741756494e+01 6.145175745124142885e+00 -5.007745151696962438e+01 -2.936005904594866024e+03
3.003430472751484004e+01 6.393511075118121667e+00 9.037362047691738454e+00 7.719741768068229426e+00 -1.145789830491391115e+01 -4.390393291235554898e+02
5.734265698107445530e+01 9.486853034675901242e+00 1.149554889080885722e+01 6.947213103580566873e+00 -2.241335579359336450e+01 -1.632099753715528777e+03
8.942164975886990419e+01 1.675909891097586879e+01 2.201435008289175599e+01 5.958378613894809384e+00 -1.113398120240978102e+02 -3.986125321689944030e+03
2.731994871166149608e+01 8.525815558417560780e+00 1.190948004043849195e+01 8.021007635682884995e+00 -9.499364052124079194e+00 -3.611993976948526779e+02
1.857753863362396274e+01 2.530120958859404023e+00 3.623547110337005162e+00 8.108018549820615206e+00 5.182213476820143327e+00 -1.605720697328407596e+02
8.750549360808118848e+00 5.289685643000512805e+00 7.389539947594446545e+00 8.751911586109557106e+00 4.685097788965464360e-02 -2.629565594891501945e+01
3.724847490488713930e+01 8.952951185646970345e+00 1.035057606386511608e+01 7.111445994769116652e+00 -1.949257466069899181e+01 -6.817340402609487455e+02
4.695584464705659400e+01 1.617898050438176583e+01 1.911683787629717557e+01 6.571190187106361158e+00 -7.728867356670004085e+01 -1.090435272150202081e+03
5.682401878463449130e+00 2.615158985743216924e+00 3.202011826225504620e+00 9.852635301840489745e+00 7.064773846002287527e+00 -4.154444445127802865e+00
5.406797915610573568e+01 2.538835125004724347e+01 3.308814351688086930e+01 6.836655756814138840e+00 -1.619771729939645581e+02 -1.449682783903487461e+03
3.045033805754415823e+01 5.718874467002087236e+00 7.799136072586107638e+00 7.397389413335694996e+00 -5.230662779808101348e+00 -4.516211428003064157e+02
2.352337784526390507e+01 3.811210474231754297e+00 5.206316626338263198e+00 7.712853410900994966e+00 2.123108050275956948e+00 -2.646842515164717042e+02
2.686465297997063217e+01 1.026653270967357479e+01 1.435019842517528943e+01 7.554743377391289982e+00 -3.352349600090048654e+01 -3.488643887580677756e+02
1.582467724672821241e+01 5.272159037200849774e+00 6.151073098539700190e+00 9.118861071992306222e+00 -6.281410192310943330e-02 -1.132198038725041442e+02
1.516870427913123009e+01 8.523326596525183874e+00 1.012288686826284945e+01 7.994942251747172435e+00 -1.638955801602077855e+01 -1.030543936448123787e+02
5.849659548337541537e+01 1.342852296301475334e+01 1.562970264276587251e+01 6.651159472201770839e+00 -3.970973881194728250e+01 -1.698935440463774057e+03
2.143425302555527523e+01 4.570655772238400694e+00 6.431385852944053738e+00 7.789299238955128324e+00 1.494802862259365206e+00 -2.177232002727081124e+02
4.870740557754857747e+01 1.668812467910805353e+01 2.394089812920496385e+01 7.223109424983642946e+00 -6.747618236721528717e+01 -1.174215277938850477e+03
8.022016451843049367e+01 2.201204151503489825e+01 3.101037230829005864e+01 5.850797033928135882e+00 -2.024736952959820826e+02 -3.205646996572972512e+03
5.513821658415660920e+01 2.368215164365971148e+01 2.929210401556730403e+01 7.020338246931117077e+00 -1.284081820784343222e+02 -1.508121062931626739e+03
4.375755770210013651e+01 1.556056657159448875e+01 2.144948016745723862e+01 7.338972786967358886e+00 -4.875382930759026578e+01 -9.453715269172568014e+02
3.147642354114164931e+01 1.144842605706915428e+01 1.629045645877056003e+01 7.070804227439641210e+00 -4.176680043806569387e+01 -4.833922183616134589e+02
1.281351729631572667e+01 1.313099003599984105e+00 1.851135184885127627e+00 8.627390737004965615e+00 7.715171539219204178e+00 -7.010271164243647490e+01
2.630614827209896234e+01 1.243039177081996094e+01 1.431750722393952735e+01 7.393416209358172786e+00 -5.196002402185003888e+01 -3.340163173477729401e+02
1.534673394270866531e+01 3.218018933604543275e+00 4.439643093575868171e+00 8.969626231241415226e+00 4.817467113494474873e+00 -1.057707202450884552e+02
5.224259926237437845e+00 9.630964323859674270e-01 1.123779295507657316e+00 1.023837740930031615e+01 9.301064336880223493e+00 -1.656044779390533961e+00
3.796930573752303673e+01 1.713791487763725385e+01 2.340820812667780260e+01 7.492269224651392001e+00 -6.492652307824027957e+01 -7.088436879856952828e+02
2.262619559533735369e+01 1.533962975227604630e+01 1.830060030383939562e+01 7.426616297355407070e+00 -7.596938490341028682e+01 -2.439819624501770932e+02
1.887305075371008556e+01 1.705900324385282385e+00 1.967118360246082220e+00 8.585207342463736069e+00 7.161489661079856184e+00 -1.661056212670037837e+02
4.150546870321463189e+01 1.726523684934573666e+01 2.455563099077813760e+01 6.200848919234323908e+00 -1.055096798075104374e+02 -8.493615650277098439e+02
4.787841800450300411e+01 1.405130465226658920e+01 1.895371657078744576e+01 6.554670979910219408e+00 -8.876987238693922677e+01 -1.134181054197904132e+03
2.344802207008801176e+01 6.733299717789663852e+00 9.615331094937968004e+00 8.270176442110740211e+00 -4.463636844625722411e+00 -2.629144683906125692e+02
6.336312017503419014e+01 8.491128688910709599e+00 1.175871805799508785e+01 5.945507522337647011e+00 -2.234534636143767727e+01 -1.995452098048857806e+03
3.494901412349622927e+00 1.503742615418615314e+00 2.046909534351788018e+00 1.087476467552623838e+01 9.615108836725303476e+00 5.883233168032970362e+00
8.312094631811344669e+00 3.174580567098459039e+00 4.534058791085097795e+00 9.966071116180167166e+00 6.149151786817225407e+00 -2.255505747503881508e+01
3.686763362222253448e+01 2.847068656701985034e+01 3.419525852857825754e+01 6.568974464224446308e+00 -2.993959237106823252e+02 -6.676208033421620485e+02
7.448477719303375011e+01 9.901072885461502437e+00 1.419255766273599484e+01 6.068521975264565604e+00 -3.276101106294446197e+01 -2.762000615638885392e+03
1.854283966911453163e+01 1.135131402528999622e+01 1.560311998512128184e+01 8.073474352025582945e+00 -4.311989271220190290e+01 -1.599280503881891207e+02
3.800104937728535504e+01 1.496873864344670757e+01 1.723293429272544941e+01 6.801891221017949185e+00 -9.965189511326812521e+01 -7.100494757783850446e+02
6.162479616869011778e+01 1.960429699048059859e+01 2.689016070990380669e+01 6.628388000561907134e+00 -8.702351903480480644e+01 -1.886817350307247352e+03
4.314442319738510889e+01 1.857675953433968274e+01 2.146601606589278077e+01 7.484538353696248869e+00 -4.849597999783585323e+01 -9.187302254084763717e+02
1.625893467493044753e+01 1.062433304689303704e+01 1.353820034674812334e+01 8.240329854007615751e+00 -3.209790353686177156e+01 -1.201860772727731899e+02
2.332201670489191514e+01 7.223485340914256980e+00 8.318674500200330613e+00 7.689485510822374081e+00 -1.451462570927742846e+01 -2.599678304825740724e+02
2.089707006205082962e+01 1.766703704809698650e+01 2.212531735539829825e+01 7.600478172883896377e+00 -1.166531397574557047e+02 -2.063533674800758888e+02
5.313436689492381504e+01 1.985927615534261292e+01 2.845718342035699422e+01 7.132204551830567674e+00 -1.113116930078263920e+02 -1.399640071553133339e+03
5.102170654392667615e+01 9.384933755916103237e+00 1.123992254309078831e+01 6.779435315599332768e+00 -2.699015809253891263e+01 -1.289616868218230366e+03
1.877255538870753426e+01 5.349231545788491360e+00 7.495323172388900446e+00 8.627068539535347469e+00 3.211464073191194757e-02 -1.642140168019914768e+02
4.164283075142147794e+01 1.226693112265669150e+01 1.743848767003911959e+01 7.491226106160897125e+00 -3.865548135635062721e+01 -8.550722753867123629e+02
4.693507125738362618e+01 2.005761094636171649e+01 2.764565387002690144e+01 6.210775997426760675e+00 -1.156061717250154857e+02 -1.089460055858784699e+03
6.282196689875247841e+01 2.499386709816548446e+01 3.296791484703691566e+01 6.230956125807376900e+00 -2.862030844940724705e+02 -1.961309361404921447e+03
6.781318725384056734e+01 6.606648974440902045e+00 7.644048901579026278e+00 6.363816014666467069e+00 -6.912392556344863159e+00 -2.287323781653167316e+03
6.384498668290689238e+01 1.693502629306722795e+01 1.973679049875147840e+01 6.722493767349018157e+00 -6.602513593346405685e+01 -2.026100761161224682e+03
1.783269516615717620e+01 7.106373576782679891e+00 8.330748328995872143e+00 7.974157865915168841e+00 -1.363904711210604859e+01 -1.470121073354881105e+02
2.225974773508868054e+01 4.240857817216693526e+00 4.888615621250610666e+00 7.914454339401891581e+00 -3.908849167760557464e-01 -2.357577835058381481e+02
7.662386112245204117e+01 1.317659314219400457e+01 1.862755671714785421e+01 5.958562180182494394e+00 -5.717375603733488987e+01 -2.923617645547353732e+03
3.405912329488504042e+01 4.868370948357591210e+00 6.158386811196478128e+00 7.420600148330253276e+00 -1.939995416330858369e+00 -5.680215386990356592e+02
3.272567360789124535e+01 4.629059345725285546e+00 6.517218192313421810e+00 7.740429838136844154e+00 -8.242999504055621429e-01 -5.234944554360600932e+02
3.940905856266142138e+01 1.079589975524183210e+01 1.501415887569627294e+01 7.204502644990693483e+00 -4.627862192518954743e+01 -7.645465472885839517e+02
4.283261302907313706e+01 6.439769511123689227e+00 7.568830470784789100e+00 6.702075810627336594e+00 -1.321474160342251203e+01 -9.053259683401081475e+02
2.931470665097728912e+01 3.542410639339908407e+00 5.030178305866582100e+00 7.846633028623214656e+00 3.830924109996296512e+00 -4.176856119073713671e+02
3.535815624991043649e+01 4.733866842563238642e+00 6.751543733272347581e+00 7.107514671138805973e+00 -7.275375238735026784e-01 -6.131092055874854623e+02
2.827195215959300612e+01 2.208407787185889859e+01 2.661107495824761315e+01 7.089178617208366617e+00 -2.077185671082601459e+02 -3.876612383481030975e+02
4.081557983246133858e+01 1.500540523758658651e+01 1.891295486942055248e+01 7.522327420261111008e+00 -3.250978509587286425e+01 -8.209653774209575658e+02
6.507755451041553840e+01 2.444785423384736234e+01 2.835024552373643303e+01 6.694458737553311778e+00 -9.417298296421125769e+01 -2.105553649418997793e+03
6.571128105523634133e+01 8.414995838690325414e+00 9.934750300824525482e+00 6.282390087043510540e+00 -2.121639755379653280e+01 -2.146995827851076228e+03
2.684843947880978021e+01 9.057768044559546539e+00 1.180085222662888889e+01 7.576464789564618663e+00 -2.866923968717278726e+01 -3.484289501146011503e+02
6.740502545865022910e+01 1.976827040274024228e+01 2.515663804269562931e+01 6.224423660929451430e+00 -1.730854902875166772e+02 -2.259728327431588241e+03
2.968751270824378707e+01 6.883457124201368238e+00 7.973510628348122964e+00 7.528961154952714452e+00 -9.623467153815941089e+00 -4.286838042920135194e+02
2.150779072272245784e+01 4.312520286861693641e+00 6.187056924361660215e+00 7.590933665766598892e+00 1.492803677146971708e+00 -2.193021297771584841e+02
4.828648256602699007e+01 1.574668005377488278e+01 2.225511576138344694e+01 6.915822259944516048e+00 -8.672738624864096835e+01 -1.153801798190559794e+03
4.891687981039647326e+01 8.330068568420630370e+00 1.046817591884021148e+01 7.157754819370647503e+00 -1.115718617719773498e+01 -1.184440164083332320e+03
3.116451625653036217e+01 6.232198261213533819e+00 7.998702149317056254e+00 7.746710104658815155e+00 -3.288555047639264650e+00 -4.736231356427179549e+02
7.201326643662366678e+01 1.244075707172298273e+01 1.503418444662798947e+01 6.161166785876317498e+00 -4.529641884039423161e+01 -2.580964870327019526e+03
6.788474352267331824e+01 1.400998816607405395e+01 1.941295929121335462e+01 6.457275518438644113e+00 -6.828064204268584092e+01 -2.292178800460514140e+03
1.799083885858873444e+01 1.272684225170113947e+01 1.720907992741372539e+01 7.502258786122300016e+00 -4.879306073526463905e+01 -1.498447403087985492e+02
7.304866534691902302e+01 1.135938879719078365e+01 1.370400132396385651e+01 6.055280691374308688e+00 -4.808969808968497262e+01 -2.656063353374028793e+03
7.425887241023346519e+01 1.547880548573744619e+01 1.797221841835708744e+01 6.030347970398155510e+00 -9.118787187029924723e+01 -2.745199664710611614e+03
1.435075450212829118e+01 4.858159015013693072e+00 5.921479572654899215e+00 9.151334489636953506e+00 1.973139849551593272e+00 -9.098167628112304328e+01
5.308330602007102073e+01 8.136676385362354935e+00 1.082287006240937011e+01 6.719012088941578753e+00 -1.987847350952107561e+01 -1.396928287901199610e+03
