# SNRtot_MF, SNRtot_opt, SNR220_MF, SNR220_opt, SNR221_MF,		     SNR221_opt, evidence220_221, evidence220, evidence221, nofilter
1.086626450638466146e+01 1.072330758314158849e+01 1.345422671816584348e+01 1.344988683611415148e+01 4.578092901816001259e+00 4.229441647205987920e+00 -4.215714735753721243e+02 -4.206586448974981636e+02 -4.296962710151502165e+02 -4.776468522095170783e+02
3.786902875900202758e+01 3.550256175493738198e+01 5.084619156385554817e+01 4.876318404732764122e+01 1.633971543601456133e+01 1.735163385773517675e+01 -3.926325386788069522e+02 -4.188823089397847639e+02 -4.774202862638620672e+02 -1.107258053018703322e+03
4.451083248311553575e+01 4.503220297510831216e+01 3.601440878050172500e+01 3.620611487402347706e+01 1.762388660833165233e+01 1.851698703268064961e+01 -5.095099818996608292e+02 -5.217873832257109825e+02 -5.183869530361434954e+02 -1.377124695563067462e+03
5.432878532255433157e+01 5.429433515792501197e+01 3.816575225967635276e+01 3.793310538359365580e+01 2.599550217882694270e+01 2.626033390971377557e+01 -8.591553539564069979e+02 -8.712958074525502070e+02 -8.746256542453780867e+02 -1.881112505072664362e+03
3.967970528832709221e+01 3.947616172858483452e+01 5.348641920128734739e+01 5.318936525782427083e+01 2.075267301395767916e+01 2.112032792185802776e+01 -4.023181830622639268e+02 -4.225808027411733860e+02 -4.451907422087375608e+02 -1.171426030866074370e+03
6.404697757885668352e+01 6.410561048701876530e+01 5.320684460233110258e+01 5.303747954006523457e+01 2.149011950557117245e+01 2.206750222285452168e+01 -4.235031451805324423e+02 -4.290565061465295571e+02 -4.337480770213654750e+02 -2.437842300431876538e+03
3.222975802129244016e+01 3.227422040487020638e+01 4.529703301822896577e+01 4.528391892322002121e+01 1.778914303494584814e+01 1.790247076546037874e+01 -3.820479918895745186e+02 -3.943470055660636717e+02 -4.611371871581735036e+02 -8.812575704714895437e+02
1.097765699233595349e+01 1.134759957837264821e+01 9.138028127882938279e+00 9.533024700192683554e+00 2.609158246554895477e+00 2.765529136762932882e+00 -4.102355097982564303e+02 -4.130357736609368544e+02 -4.127292197571214274e+02 -4.700566139436033950e+02
3.050654180987732289e+01 2.984028387118723913e+01 3.283346789484814110e+01 3.205952534837653189e+01 7.494790339097904486e+00 8.103296364664368312e+00 -4.083480987865537486e+02 -4.122031140808289251e+02 -4.145232714176745503e+02 -8.632908532655027329e+02
1.127175491313890809e+01 1.150613843873571440e+01 1.073816804480580345e+01 1.143944659686488663e+01 6.696801459385145705e+00 5.774590786978848200e+00 -3.998846352893035601e+02 -4.011252941247272474e+02 -4.061405919367603587e+02 -4.590662778487775881e+02
7.615216122533598764e+01 7.698856476593324771e+01 5.429534708789446285e+01 5.530836832933181313e+01 2.674410814403822556e+01 2.705331082400930498e+01 -7.284073760096395063e+02 -7.473026136987009522e+02 -7.416222559387547335e+02 -3.289196980976977557e+03
2.763452183556518449e+01 2.726263219911324498e+01 2.904807386147105674e+01 2.883507761549377690e+01 1.226675191311653279e+01 1.193177000420624978e+01 -3.717509422015367591e+02 -3.766786313767506158e+02 -3.789946111767867478e+02 -7.477424859714094509e+02
2.022900923656741412e+01 2.102273904650229497e+01 2.962972770670396727e+01 3.005315306501639938e+01 1.288569522214640806e+01 1.318609556011309714e+01 -3.978141787135870118e+02 -4.051023069857373002e+02 -4.074092680414013330e+02 -5.934552671910780646e+02
1.118744387789017125e+01 9.738663629667716037e+00 1.153268235214622806e+01 1.017524631087084686e+01 4.337378787765318933e+00 4.267802598934791192e+00 -3.792269270051256171e+02 -3.814218858402804813e+02 -3.837512191757924143e+02 -4.374010355668470993e+02
5.250679705875712955e+01 5.260347670802615738e+01 3.994001967263989172e+01 3.994653892279594487e+01 1.399476328885153720e+01 1.433145377906601681e+01 -4.238364560863527117e+02 -4.270222302839712256e+02 -4.450976189931748195e+02 -1.769158926201454960e+03
2.986160095141456594e+01 2.874452392491285124e+01 2.865111231941311587e+01 2.862630990364290184e+01 1.741141527797746136e+01 1.536825218454293385e+01 -4.086190750967646181e+02 -4.125671800304656927e+02 -4.580622094861065534e+02 -8.485321028911762369e+02
4.786972714161169051e+01 4.621178798221797734e+01 3.919048142014251823e+01 3.795142117847139929e+01 1.908809219479443797e+01 1.738602161923380862e+01 -3.901972230253356884e+02 -3.989709774633139432e+02 -4.124784098005120541e+02 -1.526594824462071529e+03
1.677249872679484000e+01 1.723236702639670881e+01 1.320866899947706230e+01 1.350425334611750294e+01 3.412771257541809433e+00 4.322628227315833627e+00 -3.782480199810487989e+02 -3.790053217637847069e+02 -3.790417295687302044e+02 -5.133130387805222199e+02
1.137572605597602760e+01 1.197593325435020617e+01 8.641049332125222193e+00 9.206925722374347032e+00 3.601223045770785003e+00 4.085400640022586849e+00 -3.849278376061436120e+02 -3.863628960066120044e+02 -3.886437425156813674e+02 -4.466654905178223771e+02
4.629200736153438100e+01 4.567437009211572985e+01 3.963287426461258178e+01 3.897065387493513811e+01 1.302037846385116993e+01 1.283312622389479607e+01 -3.991174691782865125e+02 -4.069202476151081100e+02 -4.223953306267561629e+02 -1.442473623094003187e+03
8.592823254675472811e+00 9.358991284408526568e+00 1.338998036766271404e+01 1.412353809760224621e+01 6.440828206323763183e+00 5.900189534595665641e+00 -3.816452844599483001e+02 -3.840656136101300149e+02 -3.958531095398821549e+02 -4.160225162793557274e+02
2.990673660772238307e+01 3.124530272253014118e+01 3.456973052679462910e+01 3.550443955944059127e+01 7.726121485954319468e+00 8.717009797095714774e+00 -3.744057476466503545e+02 -3.771428456449523878e+02 -3.794623210206822250e+02 -8.141033688717764107e+02
3.096499967016652022e+01 3.205121638735357692e+01 2.062253510051904470e+01 2.137213403225052133e+01 1.105063712638735751e+01 1.254836515505833638e+01 -5.576052354819690891e+02 -5.588798952645394138e+02 -5.608157453292975561e+02 -8.629915487272664905e+02
3.471366296452891476e+01 3.493735987845390412e+01 3.103962830616759305e+01 3.133277043992977084e+01 7.884696844569980989e+00 7.706991232001207948e+00 -3.764477656379629025e+02 -3.787973287088560141e+02 -3.811135765100135018e+02 -9.775830923528596941e+02
7.208406388266342901e+01 7.139612638288504343e+01 5.866292858427699741e+01 5.796900697409850522e+01 2.244538722317691892e+01 2.204206170227670825e+01 -4.809075285400817279e+02 -4.885540132600941661e+02 -4.898947305987832692e+02 -3.010424999680143628e+03
6.722601020818309792e+01 6.492636355336627219e+01 4.929340841171546117e+01 4.697124037986229439e+01 2.231845748805335461e+01 2.034050339590341849e+01 -4.396873210978788507e+02 -4.487702567710590529e+02 -4.439993672616989215e+02 -2.638124310185700324e+03
3.122690916068697931e+01 3.217513273611155711e+01 2.488371114493049419e+01 2.580853221562328770e+01 8.846413463112279274e+00 9.542357324790993189e+00 -4.193724905612216958e+02 -4.223617635042111829e+02 -4.260614463223636221e+02 -8.922796452439042696e+02
3.433012847897926179e+01 3.315859662165148336e+01 4.999854148378803131e+01 4.917375164328826997e+01 2.095279078715890364e+01 2.103416594093976144e+01 -4.132642526603125361e+02 -4.390096896890127027e+02 -4.408116169638797146e+02 -9.997766610853122984e+02
2.586272081685493163e+01 2.728219658155008531e+01 2.014198588054923889e+01 2.129053208193730740e+01 8.359897581702503189e+00 9.814239252041364381e+00 -4.051656356694605279e+02 -4.088235507519757448e+02 -4.079886025418261966e+02 -7.339039810309819813e+02
3.333444230097582306e+01 3.292631098263929346e+01 3.081937162397999330e+01 3.151292584000498920e+01 2.013304609715833848e+01 1.819306628679892057e+01 -3.967723953423624721e+02 -4.033930445633324666e+02 -4.254760779902822492e+02 -9.487349900676937295e+02
5.124086431014560361e+01 5.050383855248010434e+01 4.640329028713125581e+01 4.581379300286634049e+01 1.774373581438035785e+01 1.714800932970952374e+01 -4.271565977665992477e+02 -4.377820461168431621e+02 -4.514787049170616910e+02 -1.709205980219003550e+03
1.926741954869235229e+01 1.906677402588362469e+01 1.957614119794679652e+01 1.883054535632727067e+01 5.532601816562396913e+00 6.993206890860336422e+00 -3.612305167583819525e+02 -3.648906561156543944e+02 -3.701148861343613703e+02 -5.455848561842362869e+02
4.785467076058826486e+00 4.300362172448698672e+00 5.033152087338790714e+00 4.780640354952575777e+00 2.061201859807415993e+00 1.458595412938971103e+00 -4.015460221962694050e+02 -4.021739008449611674e+02 -4.032475287191657003e+02 -4.095584860356021863e+02
5.734864063164196502e+00 5.073553639251120906e+00 6.543873823596207728e+00 6.227519017322705075e+00 2.594567615952897199e+00 1.843046524556162469e+00 -3.977036624961961593e+02 -3.981369685303926076e+02 -4.006798834562472393e+02 -4.113365022114118119e+02
3.734894804616706665e+01 3.668849319089933658e+01 4.266700876467115222e+01 4.214109636069235165e+01 1.618963465033280613e+01 1.606083887678056499e+01 -4.195878259800769570e+02 -4.306149374585085639e+02 -4.509728030848546609e+02 -1.104083182703850753e+03
4.553845203351169602e+01 4.615537105297576659e+01 3.554550549365478673e+01 3.609810921638966619e+01 1.064724062408976835e+01 1.139544952103552156e+01 -3.898253953908798621e+02 -4.011415143204076230e+02 -3.962188219217454730e+02 -1.410290453426713611e+03
5.611380285114939426e+01 5.644348043666601455e+01 4.841717273398477772e+01 4.858487840681631553e+01 1.905987224772316324e+01 1.959372632193031194e+01 -4.184803426008396059e+02 -4.312676987626654181e+02 -4.328883712892659901e+02 -1.982322877637636793e+03
2.234473683631222229e+01 2.348565083818891708e+01 3.190862490610622260e+01 3.311355873596586719e+01 1.475228416501566109e+01 1.380287786031997399e+01 -3.835776242333290043e+02 -3.911589438848066038e+02 -4.068230388247693554e+02 -6.312386477299080525e+02
7.378190802108153434e+01 7.402721508602441247e+01 5.807477235416376971e+01 5.798790133525017865e+01 2.507869124124559335e+01 2.597184559366335321e+01 -4.127700960215047417e+02 -4.274722154468037729e+02 -4.512169937811207774e+02 -3.109370676728744002e+03
5.499894656111244728e+01 5.420536451912654030e+01 4.255942245701157134e+01 4.182952547226289397e+01 1.940188777114937579e+01 1.873549716313430125e+01 -4.326607568323586293e+02 -4.372024598946748597e+02 -4.395448551304544367e+02 -1.905168476172422288e+03
3.790632817214805783e+01 3.744724690135986833e+01 5.067499407539714440e+01 5.008208373007246195e+01 1.479460072633611745e+01 1.559625813394045046e+01 -3.733384022663710766e+02 -3.861516589629957821e+02 -3.890314733950057757e+02 -1.087455867858649299e+03
7.680620344046545256e+00 7.788374048070757283e+00 9.919273894174626349e+00 9.890815084925792533e+00 2.509936185256264718e+00 2.896812142877004614e+00 -3.809289596820994461e+02 -3.815292606398249973e+02 -3.848497912129100769e+02 -4.082233941788049378e+02
3.939498708812504901e+01 4.018549174691018777e+01 5.971830408686585656e+01 5.997941899304137792e+01 2.469597663618620942e+01 2.533175177798555922e+01 -4.226291027827105609e+02 -4.459976980046691892e+02 -6.223034727091478544e+02 -1.191135638989954032e+03
6.411770921968839687e+00 6.528274257011343451e+00 8.144668358199004032e+00 8.886312827994421681e+00 5.038825250279698409e+00 3.238801902912173958e+00 -3.716652073306846660e+02 -3.724718928121860699e+02 -3.745030737352385017e+02 -3.900920962350654122e+02
6.633612666396015811e+01 6.608718432982391278e+01 5.193843430842451170e+01 5.161267053844767361e+01 1.809398723000784415e+01 1.811395196273781849e+01 -4.121446715113798973e+02 -4.252438559341780433e+02 -4.430536596603259909e+02 -2.584017923140017956e+03
2.590934898850537138e+01 2.710145000013077166e+01 3.234458768879926538e+01 3.360813738452034016e+01 1.375012908989337923e+01 1.296674959039114228e+01 -4.099001032021935202e+02 -4.179534334666900577e+02 -4.479521792358967218e+02 -7.389914723402407617e+02
3.909251619060253091e+01 3.848236634727020089e+01 2.933360139381072074e+01 2.870245749724313455e+01 1.316900015152446635e+01 1.274818503816450566e+01 -4.156808104383736122e+02 -4.236156817769333998e+02 -4.208309506368107691e+02 -1.177403281174071253e+03
2.787742129098906929e+01 2.716487533656022535e+01 2.083221782765833296e+01 2.011476909973617566e+01 9.469711891244365631e+00 8.917433417136313878e+00 -3.722579416575198934e+02 -3.720512296984568934e+02 -3.743499510498783707e+02 -7.543266409760229863e+02
1.680438550983860679e+01 1.765389817964415897e+01 1.333096112857957749e+01 1.356292831718669589e+01 4.668168781941239409e+00 6.493291739519125194e+00 -3.695417604071650430e+02 -3.722833088666427557e+02 -3.745766327020143081e+02 -5.049753930188390996e+02
1.690797000540996109e+01 1.772924443373584680e+01 2.740390599684928219e+01 2.750744847045531216e+01 1.178058712517595197e+01 1.270263119978790911e+01 -4.010449993771648565e+02 -4.035822480638651655e+02 -4.160056633547418983e+02 -5.380344173423115990e+02
2.630087103783463931e+01 2.657371563335237497e+01 3.029636455280784446e+01 3.058192152982235612e+01 1.004876932272965995e+01 9.899018478934321408e+00 -4.222879825374411666e+02 -4.265748448628215215e+02 -4.288750992055404936e+02 -7.292232908508113951e+02
2.407485546118138942e+01 2.317081394846595188e+01 3.922136718491103835e+01 3.913943194589293029e+01 2.925832794742352405e+01 2.863887344923081457e+01 -3.929900802764265109e+02 -4.043999492238245921e+02 -4.066957836633633860e+02 -6.744903738766313381e+02
2.265800023044175404e+01 2.147323072822572954e+01 2.667755910279844755e+01 2.548287072277552312e+01 6.055996710150949980e+00 6.792574652564459470e+00 -3.814000277147892461e+02 -3.848605900827351434e+02 -3.871866247939828440e+02 -6.303041259026086891e+02
7.551846060931623583e+01 7.586655555680185614e+01 6.373078343626768572e+01 6.436644819416626717e+01 2.382357877230712617e+01 2.319824181126932672e+01 -4.130200901464634740e+02 -4.292475800181724708e+02 -4.326604109861812617e+02 -3.243379334377549185e+03
7.604115667930857470e+00 8.012325800858494773e+00 1.072812177948457979e+01 1.137432292225247110e+01 5.027545790348181498e+00 4.010324357092265757e+00 -3.906600968663303206e+02 -3.928053901051415551e+02 -3.950922080696798844e+02 -4.174345084573564577e+02
5.973904802636374001e+01 5.922646314101267251e+01 6.176575502668078599e+01 6.150097784341759422e+01 2.340045699625003195e+01 2.278268367605229017e+01 -7.465942556067535634e+02 -7.674192221639914351e+02 -8.043687250485385221e+02 -2.203705976092499895e+03
6.499551923843242207e+00 6.706000090174228490e+00 9.012000387098401788e+00 9.138961451239817180e+00 3.251596695236007140e+00 3.319129212556259034e+00 -3.760404876804391847e+02 -3.758366058158529199e+02 -3.778265195413523543e+02 -3.961870779114390757e+02
2.718603627361671471e+01 2.696938286072041890e+01 2.745207068784877791e+01 2.768603844027522953e+01 9.761124657313366981e+00 8.271615205855379571e+00 -3.961979744824323575e+02 -3.987204408071466446e+02 -4.019686785151400272e+02 -7.608111478071263036e+02
6.851517303454200203e+01 6.941207118581040447e+01 5.128503936684707298e+01 5.231727629708642979e+01 2.124518660430612726e+01 2.162673898011556517e+01 -4.257368203474990764e+02 -4.391916258885864295e+02 -4.414393179196754318e+02 -2.760631869544563415e+03
4.422041059361649928e+01 4.353848685488443238e+01 3.646658186492670950e+01 3.551937220843483090e+01 9.503508632873160167e+00 9.902825437796884955e+00 -4.167605215489424495e+02 -4.250258036060910172e+02 -4.219077814279906988e+02 -1.355183812168140776e+03
3.937893010199445598e+01 3.799924053635058385e+01 3.068678898334630745e+01 2.899945925612433939e+01 1.320602659309829008e+01 1.293580719815618352e+01 -4.273244790780736366e+02 -4.315906037208976045e+02 -4.338957525812892868e+02 -1.185217456841882949e+03
3.228769418158498894e+01 3.215420176997701418e+01 2.441305610970122686e+01 2.430277592115732688e+01 9.821332067489896289e+00 9.654336940131562628e+00 -3.889616806028408860e+02 -3.913748059237639723e+02 -3.936875263462673047e+02 -9.035692426317166337e+02
7.554743985499696279e+00 6.328695988992062205e+00 7.666494362004983465e+00 6.408462411967119188e+00 2.988610059014211284e+00 3.086697238817355693e+00 -3.978132461005930054e+02 -4.007555486505889917e+02 -3.986706920496447992e+02 -4.231764522071698593e+02
2.398194574866340290e+01 2.275150603726986986e+01 2.136353411015296899e+01 2.003956266611232806e+01 8.380932609754093932e+00 8.202630315861574317e+00 -4.206973309071159974e+02 -4.200473202296033151e+02 -4.248144627865379448e+02 -6.944103241773646005e+02
7.633298478547379773e+01 7.569113852946217946e+01 5.587840800060963176e+01 5.509465049841478645e+01 2.309110671695168193e+01 2.285477853679629945e+01 -4.312085983815063628e+02 -4.480841978334585747e+02 -4.440381032682035425e+02 -3.323787100139955328e+03
5.412256936316097011e+01 5.470896936461632976e+01 4.873496229436901928e+01 4.926013340076557512e+01 1.384834390692640937e+01 1.428321388817443882e+01 -3.976296144372071240e+02 -4.017525332053451166e+02 -4.157637743533062462e+02 -1.857246896172648349e+03
2.540491821858144306e+01 2.552192556696014947e+01 3.194003912511784193e+01 3.204846338713622345e+01 1.138570777382075860e+01 1.134263328280237637e+01 -3.705007603915533991e+02 -3.745620562854937816e+02 -3.768300068702398562e+02 -6.903910224263591999e+02
1.353803188442731376e+01 1.188700052591708634e+01 1.136123625577892682e+01 9.687030303684702304e+00 6.165668702980454441e+00 5.551870763606834736e+00 -3.918112558385865896e+02 -3.910928401826010372e+02 -3.983933610314275597e+02 -4.727301459767608094e+02
3.612275748719083168e+01 3.702911414365014764e+01 4.528663727252848759e+01 4.618853357981397068e+01 1.610253332743341304e+01 1.558301354625333346e+01 -3.999742888683229580e+02 -4.090869533516241745e+02 -4.313294359247061038e+02 -1.040343602879287801e+03
4.507158805194505646e+01 4.533324881989565824e+01 4.352542257454650354e+01 4.488658882823330032e+01 2.331127673559374003e+01 2.096250295823014653e+01 -4.089135785983929168e+02 -4.217975930485567346e+02 -4.234543655044503225e+02 -1.414899023418940715e+03
3.746367590215173493e+01 3.926528125948168935e+01 3.057426403537835924e+01 3.224162986502881267e+01 8.254076019820818289e+00 9.959223867734934288e+00 -3.826493486276849580e+02 -3.870691865250582282e+02 -3.893782725118113035e+02 -1.072404432443395763e+03
4.404248609639432033e+01 4.296229322705494269e+01 3.557218217316605546e+01 3.472506061072898831e+01 1.572906412233178486e+01 1.456226670409232327e+01 -3.984351767325027254e+02 -4.056708501651231131e+02 -4.078862683104867415e+02 -1.360065918461175670e+03
5.807295915851993584e+01 5.555575504492095718e+01 4.485976846551562858e+01 4.292368980852885585e+01 2.332200072685597192e+01 2.056253922253041466e+01 -4.201476292670653834e+02 -4.293060636093482003e+02 -4.541029862863094309e+02 -2.098069802395422357e+03
2.407058640464922306e+01 2.345934646800445122e+01 2.299445218903117549e+01 2.221604253500930426e+01 7.092244617757848424e+00 7.486791790592800311e+00 -4.249226564909664035e+02 -4.285293335100664081e+02 -4.352328770734564500e+02 -7.014452777649423751e+02
6.789240279732608485e+01 6.779567132503441940e+01 5.004579949618342738e+01 4.999576735472959399e+01 2.002556202826483300e+01 1.982090029557898703e+01 -4.256133360926602336e+02 -4.298339146139551872e+02 -4.323311626003892911e+02 -2.707853030036952077e+03
2.957463471899090379e+01 3.057526361001654536e+01 3.539276901483662385e+01 3.664520552817588595e+01 1.676214291210578011e+01 1.579329497049598885e+01 -3.655012325043391002e+02 -3.768450689347112075e+02 -3.791582698655415697e+02 -8.003959377815795051e+02
4.383261661080425853e+01 4.222949442871064463e+01 4.038654112551752462e+01 3.877197286220593497e+01 1.660778826107631900e+01 1.629486499540916355e+01 -4.284690751684863699e+02 -4.338227447202853000e+02 -4.361359898085353848e+02 -1.348037537261329589e+03
1.540380498400054954e+01 1.451748943173771167e+01 1.815978819302217317e+01 1.802242865076516409e+01 9.272641215953102645e+00 7.968578801246780863e+00 -4.162970490338271361e+02 -4.211816314726445967e+02 -4.234599777667103240e+02 -5.287762404654469037e+02
2.214916739146019253e+01 2.153315856948114160e+01 1.947476968644821227e+01 1.906009905135828220e+01 6.229729922675909748e+00 5.198475160487613600e+00 -4.017373948982646539e+02 -4.096870504200828123e+02 -4.047292362748240180e+02 -6.373165982353823438e+02
7.501729305183028274e+00 9.146028129694977693e+00 1.019734359203347118e+01 1.141420548240085608e+01 5.455415001006957532e+00 5.658523061155181111e+00 -3.969092724058851331e+02 -3.982725278445515187e+02 -4.000818737280303594e+02 -4.222789512461695836e+02
5.813877196146815152e+01 5.766360326257489533e+01 4.440936484896878511e+01 4.384352246822405164e+01 1.599461618934404328e+01 1.583092287706885415e+01 -5.256515245167748844e+02 -5.316085782074110284e+02 -5.303412518589979072e+02 -2.079411400387602043e+03
2.163982061959491432e+01 2.131252077084291585e+01 2.007192263516323294e+01 2.002843998317985097e+01 1.034936309924286313e+01 9.721398387157114129e+00 -3.893960473705712957e+02 -3.917702034082715841e+02 -3.920987018904626211e+02 -6.098534970069931660e+02
2.252931990774378690e+01 2.341601552467776415e+01 1.664927552271641886e+01 1.754839133999191958e+01 6.816237227981797986e+00 7.482442434859206237e+00 -4.154536437204602066e+02 -4.178669554250402598e+02 -4.267126943226535332e+02 -6.482136826750515866e+02
3.811283633970379014e+01 3.818346001193437189e+01 3.341899109713991578e+01 3.371244356162262079e+01 1.014625041239376912e+01 9.378964947219492032e+00 -4.735111471865154726e+02 -4.850522459354537546e+02 -4.807296593552612194e+02 -1.143395442536512974e+03
3.012806540990126436e+01 3.086784827778638629e+01 4.392887110567437503e+01 4.492875052832171434e+01 1.962942899175613576e+01 1.843102419443564699e+01 -3.897718245618873993e+02 -4.120853269188645527e+02 -4.190618575714554481e+02 -8.413609291768570984e+02
2.919867724898128003e+01 3.163595935877609833e+01 3.969317475663733319e+01 4.213227221332106609e+01 2.099687636488191345e+01 1.969399385037404215e+01 -4.019929282297665054e+02 -4.235427353932560095e+02 -5.358734625337508533e+02 -8.238149274755506895e+02
6.509976974129702398e+01 6.575121929716107161e+01 4.801621105767625153e+01 4.866056253888228156e+01 2.214027707135629441e+01 2.264714437741086073e+01 -4.513831448652047129e+02 -4.615024241406518968e+02 -4.596765887710627112e+02 -2.516593283105977207e+03
2.016208746011342612e+01 1.885443163722833404e+01 2.546100853835504907e+01 2.453139286921986439e+01 7.541693136140719567e+00 7.287797480331647648e+00 -3.752333759107781361e+02 -3.812574837954689997e+02 -4.408016636263157011e+02 -5.766565289822033264e+02
3.463038339316013037e+01 3.517908601295311399e+01 2.515386395123872276e+01 2.578669740687254475e+01 1.063499360400544269e+01 1.090855609941349336e+01 -4.245019432090447822e+02 -4.271227379187232032e+02 -4.294213899583417628e+02 -9.949385866742408098e+02
4.107024870638267089e+01 4.068328666105092850e+01 3.078284085200360209e+01 3.039126118551765998e+01 1.184895923683437680e+01 1.151529090578621783e+01 -4.100633256770925072e+02 -4.135984283424214709e+02 -4.177270515969698295e+02 -1.249872161608919896e+03
7.193853784733173029e+01 7.138881876878747335e+01 5.201722907712073862e+01 5.153024873269495743e+01 2.333696517522414737e+01 2.271402053293902412e+01 -4.267464638656545048e+02 -4.620245527398394643e+02 -4.298481757763069595e+02 -2.958667827829164253e+03
1.705236646983713911e+01 1.692982893784672171e+01 1.331623986898351752e+01 1.331658032281101534e+01 5.519409255121382252e+00 5.112765718050206409e+00 -4.048090092122608326e+02 -4.062645205785119060e+02 -4.085079033353523528e+02 -5.434469816286737114e+02
5.650312487865164002e+01 5.720377542694431128e+01 5.855467293046057620e+01 5.885716896073635951e+01 1.873020497335814127e+01 1.985228233825984034e+01 -8.614524686701328164e+02 -8.680418549274778570e+02 -9.814197764375119277e+02 -1.993192195461070924e+03
5.847115102392993435e+01 5.794053941816454056e+01 4.154658220743897346e+01 4.091841698273250927e+01 1.913101482899279304e+01 1.886381564964280955e+01 -4.913549726762913110e+02 -5.170136504827229373e+02 -5.249086659208860510e+02 -2.088222407963855858e+03
3.740594668620392582e+01 3.653719106121270244e+01 2.824567150960365325e+01 2.729732460628296309e+01 1.081959521988126127e+01 1.024832560758826538e+01 -4.048227941801245038e+02 -4.044326673216387462e+02 -4.104217830124007946e+02 -1.096730424320980092e+03
4.440163913048533573e+01 4.543236218319059816e+01 4.937874994819073748e+01 5.016748613107888133e+01 2.252199977350616678e+01 2.283983359202765584e+01 -4.291698354467621357e+02 -4.478836795209072648e+02 -4.551755734526415722e+02 -1.395974047307310002e+03
3.771564800451081112e+01 3.686145197580100330e+01 2.908499678058439386e+01 2.841701222016984829e+01 1.370636892455321032e+01 1.272356407521215793e+01 -4.023071421732360022e+02 -4.058867649356770357e+02 -4.211304137775256322e+02 -1.104519502751820028e+03
3.764223927065011566e+01 3.853966348700275546e+01 2.988694338374226334e+01 3.067290201589466037e+01 1.020579566076951394e+01 1.114594023120456789e+01 -4.234658265655455693e+02 -4.260067910573795871e+02 -4.280461895320566441e+02 -1.110961207428925036e+03
1.632988008476556629e+01 1.853828748608634669e+01 1.832210904585132738e+01 1.924827880888722831e+01 7.665499947164781780e+00 9.981155444011797329e+00 -4.169379586937297404e+02 -4.162756767543277192e+02 -4.263574062906815243e+02 -5.454445638206437934e+02
1.573765188665513293e+01 1.660539704754592805e+01 1.988238970006189987e+01 2.028198845323370847e+01 9.409302302549379604e+00 1.003741198316200745e+01 -4.194455460125481068e+02 -4.190699860563736365e+02 -4.244962722931159078e+02 -5.328385434013501936e+02
