# SNRtot_MF, SNRtot_opt, SNR220_MF, SNR220_opt, SNR221_MF, SNR221_opt, evidence220_221, evidence220, evidence221, nofilter
2.810304879237524744e+01 2.945981390254971188e+01 3.173999258193405737e+01 3.323725486847719424e+01 9.511990373736161075e+00 8.337147187262392123e+00 -3.941903966684715783e+02 -3.963190779549004219e+02 -3.987173276399515203e+02 -7.841093466577980280e+02
2.174406760260667397e+02 2.173827949423678660e+02 2.026929366220932422e+02 2.027601274177670234e+02 5.172261561308847888e+01 5.121088917239637794e+01 -5.326238376608628187e+02 -5.634925849229333608e+02 -5.788945043676985733e+02 -2.405266185734323881e+04
5.817721358547606059e+01 5.698839458938806501e+01 5.811188189351578615e+01 5.691228897214093507e+01 -1.081078504672171488e-02 7.175898799831357255e-01 -4.040609184044437825e+02 -4.049121643164137936e+02 -4.067396079482062419e+02 -2.061151368503337380e+03
8.562076883256548854e+01 8.598244309832195142e+01 8.572521642909318018e+01 8.593360092007301887e+01 2.009961963555439723e+01 2.073573910180435220e+01 -4.600270915787780268e+02 -4.699021467091709496e+02 -4.713209589432028110e+02 -4.071905664870748296e+03
8.941090933720323619e+01 8.938613165479947043e+01 9.663444359003588602e+01 9.656063336393282270e+01 8.539042168503627295e+00 9.080050295126211424e+00 -3.885918890829782413e+02 -3.887428166470817814e+02 -3.941239904106116114e+02 -4.381089186977545069e+03
1.985864788286659461e+02 1.966609683451910371e+02 2.053463327742909144e+02 2.034627343853156276e+02 7.264429916830771994e+00 7.846750279162237440e+00 -4.129689826351467445e+02 -4.194650783129440583e+02 -4.379501677978771568e+02 -2.011480702725572701e+04
6.796588468775952663e+01 6.890461721215947932e+01 8.084060380293807668e+01 8.152511916061655484e+01 1.432528280451757219e+01 1.492029833033472386e+01 -4.136353919243982205e+02 -4.141835868799787477e+02 -4.160248560362527996e+02 -2.722200027796160612e+03
5.223604455608751351e+01 5.306398437151130310e+01 5.118253275027245763e+01 5.213309720891860621e+01 6.029584365102778065e+00 4.876750292775418494e+00 -3.930928905997986931e+02 -3.954459890270659912e+02 -3.973386242922263705e+02 -1.747383882830016091e+03
8.760768453075402817e+01 8.758813376294155262e+01 7.647643752379124749e+01 7.642152499895507844e+01 2.255063540534802158e+01 2.266025832260854855e+01 -4.783555572312578192e+02 -4.861548146809500395e+02 -4.878460996965865775e+02 -4.231845930003641115e+03
3.020593708914584496e+01 3.136270702702331548e+01 2.906509906862530457e+01 3.025285073431353311e+01 2.702351945751114481e+00 2.825027837038609491e+00 -3.882409353891755472e+02 -3.899741466989250398e+02 -3.922353681541309243e+02 -8.311160627815976341e+02
3.279118324267340085e+02 3.292344480741982125e+02 3.292103144616598911e+02 3.305532800098335429e+02 6.135767576421828906e+00 4.037871806767574512e+00 -7.217128463981889581e+02 -7.355750511784842729e+02 -7.363921922461730674e+02 -5.416493760520787328e+04
1.714468531599418384e+02 1.696754968006304125e+02 2.169352149970300729e+02 2.152892126408947036e+02 5.383689760683596148e+01 5.481851451951529697e+01 -5.196205408256645342e+02 -6.431361358547873124e+02 -6.663457133118527054e+02 -1.508946716611892225e+04
2.788523205353267826e+02 2.787270816510921918e+02 2.622053154213249968e+02 2.620841723678743165e+02 2.330473258439792161e+01 2.316843543046641329e+01 -6.041594335374462617e+02 -6.067192566271912710e+02 -6.183482703828196918e+02 -3.926256256080254389e+04
9.306971999638921034e+01 9.323448870670340227e+01 8.003612567896918506e+01 8.025266908971691748e+01 1.870386703816464546e+01 1.859545018321231780e+01 -3.907819166758318943e+02 -3.999449355075775543e+02 -4.032714779842437451e+02 -4.716241030731835053e+03
2.693200240205608793e+02 2.671694740041911587e+02 2.737810946852187612e+02 2.716122201750340537e+02 6.661005383754852183e+00 8.392493651940865718e+00 -4.996440453056226261e+02 -5.050747359064709485e+02 -5.074051071402176945e+02 -3.666564434843303025e+04
1.172146368848520268e+02 1.158616043124388852e+02 9.719543013847442126e+01 9.596241633427311513e+01 3.002641149312920987e+01 2.868634753207143717e+01 -4.642282840456173290e+02 -4.858117555198393802e+02 -4.892848091498637473e+02 -7.260998095130446927e+03
9.683665745644623257e+01 9.715399461088468058e+01 1.025691813619827570e+02 1.029461843312433587e+02 9.285681924646171481e+00 8.327339195005922790e+00 -4.552168516139195162e+02 -4.605141119227538979e+02 -4.689141580474078523e+02 -5.080258055298814725e+03
1.083829568862798141e+02 1.086089758728539323e+02 1.289850262802603993e+02 1.290907681566319525e+02 3.154494700379815697e+01 3.188670047624127690e+01 -6.077020556181153097e+02 -6.252603067732601403e+02 -6.333131125034406068e+02 -6.271930072020554690e+03
1.081141829075836114e+02 1.092469772120745830e+02 9.824532014336912766e+01 9.953389699265589741e+01 1.644632144820923614e+01 1.616782248399888644e+01 -4.068102475477081725e+02 -4.171577778044103866e+02 -4.202222289892972640e+02 -6.238218550367459102e+03
9.300272996664733682e+01 9.217342338643277344e+01 1.156243108031293332e+02 1.149978951724016696e+02 3.730203170237543731e+01 3.718360457437371025e+01 -4.598876299394880789e+02 -5.089647775172573461e+02 -5.269790354653092663e+02 -4.721886545485846909e+03
1.986135490870240403e+02 1.985014433101569296e+02 2.001867251721371019e+02 2.001264085215062494e+02 1.437324753046179815e+01 1.362598377196034782e+01 -4.215754933968606224e+02 -4.274078895315896602e+02 -4.362300307321683590e+02 -2.011106140046887958e+04
9.367039501545414737e+01 9.072709166013328286e+01 9.653258228339566926e+01 9.348939476894058487e+01 9.994506164931458159e+00 1.151192452185912707e+01 -4.025026956715456663e+02 -4.029136104996360359e+02 -4.084177276997461945e+02 -4.782889402731553673e+03
6.854878816330803204e+01 6.865953375339786646e+01 9.299709230600086585e+01 9.314371660885750259e+01 3.536772993128627718e+01 3.519573774358044460e+01 -4.266062860709064921e+02 -4.914186851603256514e+02 -5.134890464433790385e+02 -2.755495331951470234e+03
7.320562911848517729e+01 7.218779957251425117e+01 6.598160584174168264e+01 6.488284855076568647e+01 8.824979568651922790e+00 8.570096516292410982e+00 -5.054282150232363051e+02 -5.071184878027234504e+02 -5.106394902539357190e+02 -3.055223577198230487e+03
2.648701618810015361e+02 2.642609165736395767e+02 2.704372557388309133e+02 2.697870864901895516e+02 4.636081554430806051e+00 6.765608316855825421e+00 -4.420130666018393413e+02 -4.442379069990673770e+02 -4.486803968185532767e+02 -3.545282600996565452e+04
4.300832556402994555e+01 4.274804575530371409e+01 4.027428904370412965e+01 3.998050498498854211e+01 2.934479885864857085e+00 3.132164836588662293e+00 -3.991378613018981696e+02 -4.004880151754016993e+02 -4.025928071192475954e+02 -1.319941274423752247e+03
5.698865128378923828e+01 5.602621118856935567e+01 6.165660238295745899e+01 6.132388236938427184e+01 2.122168482186008376e+01 1.950307427996921916e+01 -3.972539513199920975e+02 -4.214967522728761082e+02 -4.266258781301597764e+02 -2.016417916992360460e+03
1.041531228419279103e+02 1.038104444379315510e+02 1.048666329406349149e+02 1.045842774504313297e+02 5.740724733959289949e+00 4.352026170524317727e+00 -4.065325364002412698e+02 -4.072878183364260281e+02 -4.084418575337515449e+02 -5.804425593571995705e+03
1.804074047744813640e+02 1.798987955477964817e+02 1.780332077425137527e+02 1.776095624776662589e+02 1.254584477625050809e+01 1.107862921830416170e+01 -5.961280285339784086e+02 -6.012523995978409630e+02 -6.020194219852608057e+02 -1.665669481121017816e+04
6.146616834749274005e+01 5.978923992720428515e+01 5.433250626193188992e+01 5.289708607977399879e+01 1.825611143091185085e+01 1.680846393503264125e+01 -4.532821783648191172e+02 -4.601519852858813806e+02 -4.623292665675468243e+02 -2.292569610803480373e+03
2.261004713474237633e+02 2.268830155624515896e+02 1.983557421440998780e+02 1.994480123760641277e+02 7.016416225486663905e+01 6.958494015107724806e+01 -3.922776469501619090e+02 -5.284513840982821193e+02 -5.330491372938626000e+02 -2.594474598437158784e+04
6.631642790601100046e+01 6.717316231332054599e+01 7.226690885161046651e+01 7.307829529948709535e+01 7.535785937909269983e+00 7.296609220962006148e+00 -3.980812911819832607e+02 -3.999405436588998555e+02 -4.051787030068581998e+02 -2.584903152769146345e+03
1.557763601834203371e+02 1.555499914141214788e+02 1.722343743867603791e+02 1.718492855447204590e+02 2.806609997760649478e+01 2.912914465739875070e+01 -4.483763475764953910e+02 -4.666740475725590613e+02 -4.809612023089968602e+02 -1.252497037939915390e+04
8.769731301773818188e+01 8.694211172155470990e+01 8.785414241341229058e+01 8.711199105372303109e+01 5.057247232846748375e+00 4.849275364154252976e+00 -3.665919953869013739e+02 -3.680652986985006692e+02 -3.707335722131848570e+02 -4.203112779876262721e+03
2.559842615985261460e+01 2.573237630573987644e+01 2.708783788073700549e+01 2.744306869676489313e+01 5.563139703311253292e+00 3.979636090374522706e+00 -3.754388792808533140e+02 -3.775993913910871811e+02 -3.798973224316464439e+02 -6.953102438639434695e+02
2.769377534472783609e+01 2.657862199348651089e+01 3.525426259310570032e+01 3.423766610491691864e+01 9.548011598083013141e+00 1.006151779504747878e+01 -4.039130576443557175e+02 -4.123631111457106613e+02 -4.143050586884051540e+02 -7.820459863271543099e+02
9.093552690594869148e+01 8.966110786432966506e+01 8.210000530825749365e+01 8.100384723822553212e+01 1.667515851086966805e+01 1.497402601100466590e+01 -3.868028266996692537e+02 -3.874474162266046733e+02 -3.915072366573864997e+02 -4.480589621226046802e+03
7.608023894563520173e+01 7.549272777623833974e+01 8.591170698541515094e+01 8.546241457824328336e+01 1.540286865081112744e+01 1.500601397520985714e+01 -1.185961041280183053e+03 -1.208702697447556147e+03 -1.210761243382801695e+03 -3.282408796458023062e+03
6.913020281304204673e+01 6.695088445713309966e+01 6.460744693902809388e+01 6.292824194010960071e+01 1.770707928519871643e+01 1.502988898507464022e+01 -4.142580175805749150e+02 -4.197810438655774306e+02 -4.226615443070056699e+02 -2.798731942044509196e+03
2.074293163406343012e+02 2.078181162384150298e+02 2.203634851623556301e+02 2.207797194183104637e+02 1.657922003925374810e+01 1.588047389575921464e+01 -4.991231826700897614e+02 -5.196162177711304366e+02 -5.424284668644793328e+02 -2.189941134491017147e+04
3.044295495651721808e+02 3.041223550313218311e+02 3.062490156784529063e+02 3.059830150543241416e+02 1.352383869513862535e+01 1.256627126255244775e+01 -4.295132998026010682e+02 -4.447613119013685719e+02 -4.495871376238757762e+02 -4.672006013822308159e+04
7.872537414806841127e+01 7.844779963418289981e+01 9.185750008040470505e+01 9.170584822617441034e+01 1.893900043954892709e+01 1.851403926224224961e+01 -4.270481934705454705e+02 -4.402408080801130836e+02 -4.412708465090277627e+02 -3.514559091199131217e+03
2.493015399813642148e+02 2.504770611018191460e+02 2.448647645195660516e+02 2.460163068885170503e+02 5.225441905601341475e+00 6.851728555636540818e+00 -4.199962112721833364e+03 -4.206346406546263097e+03 -4.207048435385858284e+03 -3.146831036523856528e+04
2.206192098097167786e+02 2.217191406005620706e+02 1.762694710045673219e+02 1.772079428066698483e+02 4.884235259819386243e+01 5.038201033934380035e+01 -6.974630765494389379e+02 -7.581226273648694587e+02 -7.659507475800988914e+02 -2.472699064277850266e+04
3.460574817332899045e+01 3.369102504207015158e+01 3.423259168710930567e+01 3.336471134336225930e+01 3.373788879517822803e+00 2.678978145292234991e+00 -3.892679079487610352e+02 -3.917122174146512066e+02 -3.939792835965520226e+02 -9.830541630627260474e+02
8.506776408159738878e+01 8.435820408692592309e+01 8.126988279846150931e+01 8.018351572704702335e+01 3.248992492942993948e+01 3.330809024931811280e+01 -3.839921411493254482e+02 -4.121293621691355042e+02 -4.163694355935503495e+02 -3.992315929438560943e+03
1.126934347692004934e+02 1.119212004121947075e+02 1.483140583040603246e+02 1.473696338163446455e+02 4.133603208520586492e+01 4.257502363888362851e+01 -4.282040686023877356e+02 -4.972561381848159385e+02 -5.066355405818544568e+02 -6.762541301891496914e+03
2.057278832228612089e+02 2.065098367054795006e+02 2.093093243592653607e+02 2.100815145371336712e+02 4.333224126243348628e+00 4.154679406441255551e+00 -5.919359949862813437e+02 -5.952087005623067171e+02 -5.976199142479123338e+02 -2.153178757179329477e+04
2.282209411148160996e+02 2.284787561221440342e+02 2.264629896972591325e+02 2.267870362711657037e+02 1.272088826375262371e+01 1.144679249081909411e+01 -6.826924289614978534e+02 -6.848226797996538835e+02 -6.902264849118145094e+02 -2.642935597312507889e+04
5.200523552367988600e+01 5.167260398702062929e+01 6.240907501094130083e+01 6.294223739263141937e+01 2.729070961023449371e+01 2.528362516170327368e+01 -4.086073627269457234e+02 -4.440265764486110811e+02 -4.617007243670167895e+02 -1.752910335688298801e+03
1.545997960734235903e+02 1.541775900845149749e+02 1.642376620038421038e+02 1.634379024939403564e+02 3.325198232823648681e+01 3.512031183555902913e+01 -3.939973869524862380e+02 -4.271381069148107485e+02 -4.439467039151815015e+02 -1.233870359268199172e+04
5.735214494327755830e+01 5.802343245205342015e+01 6.485796305686363894e+01 6.555995096066551753e+01 9.923277896336443860e+00 9.150430411718774693e+00 -4.078888919028560736e+02 -4.147048588510489822e+02 -4.175212779189520802e+02 -2.044236676002072045e+03
2.491619568873681771e+02 2.481517377226972485e+02 2.194975329148029459e+02 2.186790574825135707e+02 3.691649302203838090e+01 3.485954704400528925e+01 -1.648576727046416181e+03 -1.667125193324211295e+03 -1.667818238177624380e+03 -3.141548287801509287e+04
2.882144088669672755e+01 2.860366718671954445e+01 3.976297407540684503e+01 3.953275744156954374e+01 1.345717755928450110e+01 1.366731192398697559e+01 -3.914598071683936382e+02 -4.053600819451297639e+02 -4.088909793572827311e+02 -8.026075477692470486e+02
1.939222305634647796e+02 1.926353048946929505e+02 1.991487262647923444e+02 1.980435667179102950e+02 2.317431065012766922e+01 2.184505902920014364e+01 -4.977926993463909184e+02 -5.155669355753175296e+02 -5.173039755848382129e+02 -1.918406744456486194e+04
2.218900195573254734e+02 2.209258836726657762e+02 2.208339271302311317e+02 2.198793098498403822e+02 5.452445893892626572e+00 4.807162167712927925e+00 -4.191697704472764485e+02 -4.255806769972659822e+02 -4.263314936783204985e+02 -2.501451660149342570e+04
1.595049056000170822e+02 1.592511870720043987e+02 1.916719476641336257e+02 1.913855178391722234e+02 4.874552553741216343e+01 4.903944289770346643e+01 -4.103109760042746643e+02 -4.951438016078247415e+02 -4.954678342074982424e+02 -1.309069687322749996e+04
8.354182550892312520e+01 8.380534072208347141e+01 7.688664161244950890e+01 7.688302299597069123e+01 1.727924094106195341e+01 1.848874399869972862e+01 -4.139190316548964574e+02 -4.186416789485032837e+02 -4.218404863453893086e+02 -3.875599843533768762e+03
3.375821534466124518e+01 3.367368443611332651e+01 3.515532546853717122e+01 3.499292084769813727e+01 3.301905005111505087e+00 4.009381867297217461e+00 -4.359566009088715646e+02 -4.358177927599331269e+02 -4.380665996576215093e+02 -9.816182094248454177e+02
1.172424819305693831e+02 1.194982751041493714e+02 1.257808242392106024e+02 1.279056607987099596e+02 1.547976463129460711e+01 1.533531168221848695e+01 -4.245499377774858658e+02 -4.331743535024702396e+02 -4.363282898052062819e+02 -7.276183374178772283e+03
7.347965962096726855e+01 7.366773736613306767e+01 5.394844894987920725e+01 5.440902160901261198e+01 2.171842161766278778e+01 2.118967128078613626e+01 -4.421961027362270329e+02 -4.521337059350232721e+02 -4.543911219496346234e+02 -3.079627025609177508e+03
5.034572085447806700e+01 5.053608685217337637e+01 5.015885780297600149e+01 5.035034914816355922e+01 6.474970183946774371e-01 6.127287877560985141e-01 -4.175062422308376426e+02 -4.147574990487696027e+02 -4.171582023031408539e+02 -1.652656269862156933e+03
2.143478004040883320e+02 2.144283391363929354e+02 2.093543928009323736e+02 2.094279818835510980e+02 6.065947780277081591e+00 6.358196312919607074e+00 -4.444953328770629923e+02 -4.467249947828809695e+02 -4.499352832851769222e+02 -2.335351573579214164e+04
6.075251387832982175e+01 5.989825102460090278e+01 6.012145528254254856e+01 5.931198341229026028e+01 1.453094448340657685e+01 1.431030142220370571e+01 -3.763768978166700663e+02 -3.769816864978338913e+02 -3.786860211738984958e+02 -2.212570746087150837e+03
8.794704357018548535e+01 8.766133111505722297e+01 1.010980551747260705e+02 1.007018590957857924e+02 1.538688283427032921e+01 1.629813713644709239e+01 -4.047741118257927724e+02 -4.102204573784864579e+02 -4.112550888396950199e+02 -4.267506182777696267e+03
2.443122093443462290e+02 2.425629489951387256e+02 2.266937502279543821e+02 2.249678182610536226e+02 2.475969779792855618e+01 2.320731669886222548e+01 -4.209081115663597643e+02 -4.460477728371011494e+02 -4.678457505832374181e+02 -3.024965205703261381e+04
2.204415356856665653e+02 2.197860914270694082e+02 2.247998622224715461e+02 2.240739606768917724e+02 1.543245330223152756e+01 1.655581127741771041e+01 -6.909954510509644479e+02 -6.923417955533690247e+02 -7.001386173627759035e+02 -2.468255668335027076e+04
9.841774556700062249e+01 9.671600179501477612e+01 8.853887037531923454e+01 8.688835686742781661e+01 1.315223155649699827e+01 1.127397185427606452e+01 -4.326425081575920331e+02 -4.366166633554724399e+02 -4.383806678312743088e+02 -5.226121962074753355e+03
2.882843861119960138e+02 2.882895621995326678e+02 2.900264100012245194e+02 2.900530796760097587e+02 1.469676363175787870e+01 1.425890321562843788e+01 -4.403643492970659281e+02 -4.433631946840599198e+02 -4.475486232888920881e+02 -4.195879705029500474e+04
2.392356222701543231e+02 2.393478358084485080e+02 2.317760551829208850e+02 2.318282896682677290e+02 1.191818383183890440e+01 1.304847923795444053e+01 -7.870237221014795068e+02 -7.861583927841242030e+02 -7.911506463044815973e+02 -2.899638916441562105e+04
2.644973309450684837e+02 2.640108288716317588e+02 2.641991759761782532e+02 2.637124159454212986e+02 6.995833868669701916e-01 5.623999471956785401e-01 -9.291442490729666588e+02 -9.321668745693226583e+02 -9.325402833563858849e+02 -3.537180473788137897e+04
7.424547984737147033e+01 7.427255401031403892e+01 7.720577608176306228e+01 7.722846746738066770e+01 5.481404031997820780e+00 5.528154945463773728e+00 -8.761629294205367842e+02 -8.775829331287490049e+02 -8.812807681310473527e+02 -3.138039271891765111e+03
1.671931531995956846e+02 1.678223917432704013e+02 1.335707505994440965e+02 1.344561704255869756e+02 4.394690837991344523e+01 4.363869933910279997e+01 -4.127898165492160842e+02 -4.375551550179737319e+02 -4.451679339809262501e+02 -1.436253827765002279e+04
1.196477084093396712e+02 1.184434836366065298e+02 1.208551191992025338e+02 1.197619526207432870e+02 1.907272788329118995e+01 1.843745511293018424e+01 -4.139452046261087048e+02 -4.294598073921793002e+02 -4.308155148671371535e+02 -7.554243992553037970e+03
8.162417135881567276e+01 8.247721146113386226e+01 7.348567224279297250e+01 7.438612207983916846e+01 8.992080426335316901e+00 9.352970827954422361e+00 -4.549455321135129680e+02 -4.588470180985830211e+02 -4.606653756198588212e+02 -3.729051325901683867e+03
2.271809256133723238e+02 2.259830130781801927e+02 2.475562429860312079e+02 2.463730961926040948e+02 2.433483760160338960e+01 2.516102241620594882e+01 -6.215890143597088127e+02 -6.375740552399228136e+02 -6.787441175469725749e+02 -2.618465933421157024e+04
1.739376392379594165e+02 1.744688880535898363e+02 1.417652656669016551e+02 1.418852551147883787e+02 4.374947973112470834e+01 4.541546842065097422e+01 -6.994644917226020198e+02 -7.194126908792368340e+02 -7.204338068330242777e+02 -1.551115240715262917e+04
9.475340539309874544e+01 9.627708247776686790e+01 9.489534475082453469e+01 9.642023104835469383e+01 2.218785617885463690e+00 1.627948878152557233e-01 -3.957988403774778590e+02 -3.976050526668422549e+02 -4.005238964939545099e+02 -4.878692373226975178e+03
1.392228077933622501e+02 1.391088025962328061e+02 1.058586081811942137e+02 1.058749773867473323e+02 3.953462320157210996e+01 3.908451616543193552e+01 -1.218671615447464092e+03 -1.237852774268565781e+03 -1.239881262215790684e+03 -1.007623983857492021e+04
9.236337922492781161e+01 9.128093707287925440e+01 1.014868277904720628e+02 1.004465500315236852e+02 1.181514459590420962e+01 1.227823854648905311e+01 -4.255891216327108850e+02 -4.328025479592695888e+02 -4.416282673799931899e+02 -4.649434264258489748e+03
1.956667090666750539e+02 1.969114552691081030e+02 1.433707049162560168e+02 1.446278520727724697e+02 5.742578350245638319e+01 5.850746249646926600e+01 -6.357779922083745987e+02 -6.675270498421407410e+02 -6.747919074244526882e+02 -1.951121976729903690e+04
1.356121308439451525e+02 1.357584088950708860e+02 1.363018197218295882e+02 1.364609712785126021e+02 6.283791086241630630e+00 5.972444443161326610e+00 -4.426699881859226480e+02 -4.455356952625128315e+02 -4.465221486847684673e+02 -9.584100140111513610e+03
3.048932648551385682e+02 3.044476577706272451e+02 3.101066344850077030e+02 3.096521266749180086e+02 6.050683798624651999e+00 6.797340100124491080e+00 -3.582563895836526626e+03 -3.587814195435300007e+03 -3.594778484467643466e+03 -4.685255588963676564e+04
2.400562529465715613e+02 2.394625957557472873e+02 1.966324919036758558e+02 1.958899552988364690e+02 5.496093038648331230e+01 5.502084895350985505e+01 -3.980874479165083812e+02 -4.550462539070251751e+02 -4.611396201635289458e+02 -2.920036725992883294e+04
1.910237079386598111e+02 1.905998880326547749e+02 1.850003985798212227e+02 1.845141645220950579e+02 2.113002752057804301e+01 2.154483889769737104e+01 -3.847559463834132885e+02 -3.939042913979402556e+02 -3.950071415494948610e+02 -1.862133034011743439e+04
2.641250542980047840e+02 2.639322106683082438e+02 2.647817342099940561e+02 2.646550755497137288e+02 1.214840427751377838e+01 1.049224960669025108e+01 -4.056681303132430912e+03 -4.059846049600118022e+03 -4.065023042806380090e+03 -3.525102674525776820e+04
1.346085882619165943e+02 1.350934048158690644e+02 1.294574208169638609e+02 1.301252106827108719e+02 1.587495175698421157e+01 1.438749489660931324e+01 -4.260061871807001239e+02 -4.354723757533662933e+02 -4.364995209521831612e+02 -9.435866655001858817e+03
3.928496622256090376e+01 3.813480730731618706e+01 4.140609966204178960e+01 4.030137927091350036e+01 2.520142007407648155e+00 2.759552847508022211e+00 -3.964265358058735842e+02 -3.982048541144444584e+02 -4.011138980629114030e+02 -1.149657594112041124e+03
2.596161292037799058e+02 2.579843305822643060e+02 2.739215400889767693e+02 2.722363921226554453e+02 1.666873951927088626e+01 1.869013370140593366e+01 -7.812285708771042891e+02 -7.965852905501166106e+02 -8.160989962434406380e+02 -3.410371037520851678e+04
7.715454180274932128e+01 7.781547527879490644e+01 6.477847335603337342e+01 6.522898859362535973e+01 1.336312778147617486e+01 1.484780508837756230e+01 -4.330418773624004984e+02 -4.351964435537148574e+02 -4.372743734482827449e+02 -3.381768939146819775e+03
7.023242160511593113e+01 7.002490006760160668e+01 6.701343080965193622e+01 6.674768059207954707e+01 1.375625777636589397e+01 1.398553296533612489e+01 -4.478046898186326530e+02 -4.511842262086095730e+02 -4.539634172240236580e+02 -2.880396417886832296e+03
3.082408999892099928e+02 3.086966634939864207e+02 3.096881498485417978e+02 3.101459382593535565e+02 2.841943357886392185e+00 2.275733390601338169e+00 -7.811277561178735596e+02 -7.835684312196705150e+02 -7.838080009403623762e+02 -4.788993924717096525e+04
1.015378401640417252e+02 1.018181592803712618e+02 8.814924130764785559e+01 8.840646858584847223e+01 1.719045251146006237e+01 1.752153207243253874e+01 -4.250772183085549045e+02 -4.282979989213577596e+02 -4.299666548113247586e+02 -5.541501549463756419e+03
2.537245843152969940e+02 2.523356639851668319e+02 2.369489534346201651e+02 2.355478815450501031e+02 2.387690148871424256e+01 2.298707002144925582e+01 -5.742447320903843320e+02 -5.788239128302934660e+02 -5.926609849770759411e+02 -3.257435229397997682e+04
1.800330511470342287e+02 1.796356808054866576e+02 1.804766405480745277e+02 1.800891198932964414e+02 1.498305092839992625e+01 1.487592223065288621e+01 -4.139368493254623900e+02 -4.342572874709549069e+02 -4.356420410243504762e+02 -1.661175769276823485e+04
1.696204821830649223e+02 1.690772414087340678e+02 1.577057364621668683e+02 1.571730581004131579e+02 2.067701096256660165e+01 2.027619792685002764e+01 -7.636982103097791423e+02 -7.624573265034543965e+02 -7.708642213457279695e+02 -1.477369616650649004e+04
1.938426453388929360e+02 1.952135184243485071e+02 1.827239466657500202e+02 1.840810680800852026e+02 2.347782409513500923e+01 2.421267070004912725e+01 -2.087640000656112079e+03 -2.108570772393606148e+03 -2.125813547570850460e+03 -1.918156043691102968e+04
1.157489139641388078e+02 1.155476592033461287e+02 1.036277737829750549e+02 1.033551310133464511e+02 1.419788877969341634e+01 1.453665399104888678e+01 -4.403487211404298591e+02 -4.421947346569738215e+02 -4.444461033203957641e+02 -7.113215979082427111e+03
2.878664606789641880e+02 2.877031730985092395e+02 2.192611055433131355e+02 2.193724603479481914e+02 8.072131377352438619e+01 7.982679543415683554e+01 -1.122092036978258147e+04 -1.128018671006305703e+04 -1.129063851870112558e+04 -4.180871007352563902e+04
8.986556658274801634e+01 8.923951028895075410e+01 8.953927496743303038e+01 8.890637342269727128e+01 2.997673756885121499e+00 3.125654628676351798e+00 -3.878545985739977482e+02 -3.881143449608755418e+02 -3.894447037910197764e+02 -4.412525355841575220e+03
1.192407241240492937e+02 1.193692289077821158e+02 1.146611757034235950e+02 1.148220990244473541e+02 8.998365694052015584e+00 8.634954810540069303e+00 -5.490736514586909607e+02 -5.599787953717851678e+02 -5.646426925567890294e+02 -7.502142120017226262e+03
2.540047973326518047e+02 2.556165153283979805e+02 2.283185637907840828e+02 2.298772097025256471e+02 2.921963939596058424e+01 3.095397450227642366e+01 -4.246267408033838819e+02 -4.409448883278938638e+02 -4.553215249448875284e+02 -3.263042736030761080e+04
2.506707168754147119e+02 2.517775776352181651e+02 2.517374360684837313e+02 2.528472307497068243e+02 2.808764428745216701e+00 1.620017181018668984e+00 -6.060310061398390644e+03 -6.060851347249494211e+03 -6.062160716764768949e+03 -3.179831340974203340e+04
1.818141036130936357e+02 1.821651381740495310e+02 1.692758190075282982e+02 1.696464553761234413e+02 1.633611151064754807e+01 1.640129618402701794e+01 -5.623560950215720595e+02 -5.677809046704605862e+02 -5.838216728056480633e+02 -1.691305870932972539e+04
1.481213009750903780e+02 1.498667403798151270e+02 1.613659191201758460e+02 1.629840689825088020e+02 2.472490259881445240e+01 2.463766483972054644e+01 -7.001676954580578922e+02 -7.113810948158003384e+02 -7.196652193667114261e+02 -1.135173178876237216e+04
6.250773617223262590e+01 6.359800576081076429e+01 6.703912593964606970e+01 6.815703015463085990e+01 2.026949772136221384e+01 1.992551362925767933e+01 -4.295681430550048390e+02 -4.346048863508711406e+02 -4.390817554376397993e+02 -2.330253479707736005e+03
1.516042179119431808e+02 1.521436262176677019e+02 1.772253809119859795e+02 1.777302270783642371e+02 3.122741625358511541e+01 3.098019742407402433e+01 -4.062619343854032081e+02 -4.291368242635797401e+02 -4.332462635699088764e+02 -1.187801574841126057e+04
1.960005853978584582e+02 1.973898418939055830e+02 1.895350659728154312e+02 1.906943250668434473e+02 2.362286055362779535e+01 2.569202373586975341e+01 -8.469726259423151760e+02 -8.618483917924127127e+02 -8.656768326733599679e+02 -1.962516803656704360e+04
6.101601545722479614e+01 6.129171654137969227e+01 6.755798777889373241e+01 6.777543049952444676e+01 1.182797666075321708e+01 1.200793423366998880e+01 -3.910939830727588742e+02 -4.049252774005754532e+02 -4.098878991081919594e+02 -2.248380247501990652e+03
1.619095395115098199e+02 1.604915093366269048e+02 1.978544011272332455e+02 1.964640582337780188e+02 4.132854857235749080e+01 4.240324472884930884e+01 -4.436758665940450896e+02 -5.185573912995884029e+02 -5.205504149836215220e+02 -1.346855148132645627e+04
1.042774063207296393e+02 1.043452255783290070e+02 9.611481561341253155e+01 9.614642209225482361e+01 9.289045467876082540e+00 9.705091605438763480e+00 -3.926504008728638837e+02 -3.945939002456779576e+02 -4.001170305916234042e+02 -5.819383779127660091e+03
1.576730568634861527e+02 1.569820226399747014e+02 1.453423521930657216e+02 1.449329604404103691e+02 3.580883985940137393e+01 3.437932999291522407e+01 -1.268010234281244948e+03 -1.287518166133004343e+03 -1.298973335742949757e+03 -1.281990805096549957e+04
1.910675279543939098e+02 1.913373683692838085e+02 1.741894901848286565e+02 1.746262240097290146e+02 3.966494915138486732e+01 3.903383973342309332e+01 -4.399265500936191415e+02 -4.618133735227029888e+02 -4.725101888477350940e+02 -1.865673500259887078e+04
9.554438316772341011e+01 9.542907753619357436e+01 9.828678421664510267e+01 9.808623070715519532e+01 3.764945514726892384e+01 3.787829406316317460e+01 -4.031389982012551059e+02 -4.526173139776440166e+02 -4.553077510577049338e+02 -4.944686140370544308e+03
1.750096311584191255e+02 1.757611244363153844e+02 1.841505881677360890e+02 1.850153741642768921e+02 3.314118841104328794e+01 3.227629989267342125e+01 -9.819546529258004739e+02 -9.999261723662469876e+02 -1.016993548855673225e+03 -1.570588170383963370e+04
1.850543912656595751e+02 1.861842568298054061e+02 1.596254502484246416e+02 1.608389514762124577e+02 5.459523095805687376e+01 5.487196453982200239e+01 -4.704425342621761956e+02 -5.414498101521111266e+02 -5.434974633264881732e+02 -1.753024987707489345e+04
1.260629212247540067e+02 1.253126741941970437e+02 1.123019950285911079e+02 1.115191228816784559e+02 1.747635492225019149e+01 1.708356533641051556e+01 -4.311794865018055702e+02 -4.415028332109644111e+02 -4.452210725566918086e+02 -8.357203385409768089e+03
2.266291538093827285e+02 2.263786783581406326e+02 1.735191287047117044e+02 1.733599067897557120e+02 5.970221496961405450e+01 5.921075688311939444e+01 -8.433259947922168749e+02 -9.042624665126758146e+02 -9.056843056396617158e+02 -2.607272826088673537e+04
4.688994326055632200e+01 4.638813863290111783e+01 4.633505614118514160e+01 4.582688026772182610e+01 6.658912307237210726e+00 6.660463591724002264e+00 -3.842313880581745593e+02 -3.860870014799986620e+02 -3.881821421891093564e+02 -1.475314832757032491e+03
1.985892278508644324e+02 1.956740171612804886e+02 1.941239427884088400e+02 1.912095107682692401e+02 1.126055472961201964e+01 9.935641163667703779e+00 -7.081544318906281887e+02 -7.092824079324775539e+02 -7.173546529350080618e+02 -2.010534651343519727e+04
1.775147056272727184e+02 1.779044544915989263e+02 1.774386913830167600e+02 1.777585748342189049e+02 1.265608362271003884e+01 1.357512024781339477e+01 -4.307155415100143045e+02 -4.377138471460112896e+02 -4.387534715203381097e+02 -1.613718483907656992e+04
9.282217131379393038e+01 9.243556449721037893e+01 8.316202711259946057e+01 8.255044183264637070e+01 1.819151601909153015e+01 1.896911759569043454e+01 -5.470805142222777704e+02 -5.595420406374649929e+02 -5.614707473906731821e+02 -4.705474653951991058e+03
1.161356614605479223e+02 1.162389112245195832e+02 1.511763474939217531e+02 1.510615257654540073e+02 5.247821667472963014e+01 5.303159967321475676e+01 -3.718005947687502157e+02 -4.970161394793250906e+02 -5.012525139198185684e+02 -7.106649844068701896e+03
3.201728781799048420e+02 3.204979413904001149e+02 3.173578822420737424e+02 3.176798315770138856e+02 3.435310261991982639e+00 3.921201916169895885e+00 -6.966799798251322500e+02 -6.980633410107969894e+02 -6.993011950219887467e+02 -5.165218889402539935e+04
9.451242139339005632e+01 9.397300608224564655e+01 1.100071848771489442e+02 1.094422014594067463e+02 2.026057195864270355e+01 2.079636514336141317e+01 -3.856688312873683913e+02 -3.951147859753518787e+02 -3.962025110006613318e+02 -4.838594816710092346e+03
1.942142301853339745e+02 1.935473606421576847e+02 1.591792563817346320e+02 1.583649323959766377e+02 4.150013844868951196e+01 4.149747618988276798e+01 -9.958607796389836722e+02 -1.029379721742626998e+03 -1.039455352691416920e+03 -1.922533888516289880e+04
1.597413604545754424e+02 1.606792119241318062e+02 1.389538831326108550e+02 1.398930931801386350e+02 2.346914854753930157e+01 2.426471671997924773e+01 -7.443162349026805487e+02 -7.562594250694179436e+02 -7.573973706388500204e+02 -1.314613224508096391e+04
3.094589150658924268e+02 3.102578942108897309e+02 3.095563499725340648e+02 3.103589946951047409e+02 3.136323043662631704e+00 2.682032434193741821e+00 -4.854356319033330465e+02 -4.875191573120362136e+02 -4.881080143478317837e+02 -4.829092786323891778e+04
1.239458897342197190e+02 1.245684403661502273e+02 1.345703211788308238e+02 1.352035346391071755e+02 1.766574154459872403e+01 1.719690504639562789e+01 -4.243137844539699017e+02 -4.450909144901247032e+02 -4.584726690005396108e+02 -8.069338823052502448e+03
2.238317990940002744e+02 2.237978820144144549e+02 2.113177155060603241e+02 2.113566819487269299e+02 1.708228423272522534e+01 1.609923182521997020e+01 -5.306270468786131005e+02 -5.449027053142294790e+02 -5.594134193186713446e+02 -2.541851343844695293e+04
1.162672306591581304e+02 1.166286761756228429e+02 1.063434338169234223e+02 1.066642977000024359e+02 1.142714804139734674e+01 1.208343425770318547e+01 -3.723542005463521036e+02 -3.785963617160118133e+02 -3.823785234236748352e+02 -7.123868295177027903e+03
9.727640803979200257e+01 9.849483988305799187e+01 9.583977769544958392e+01 9.706060250757735730e+01 8.913432169298950436e-01 1.754824262729576034e+00 -5.880222034842221319e+02 -5.895101606381657575e+02 -5.907538525583584033e+02 -5.129272123871306576e+03
2.821148622957939551e+02 2.812558506040902557e+02 2.563933857011417103e+02 2.553952192923357813e+02 3.334381515511446992e+01 3.373875752454001997e+01 -1.010126641228465246e+03 -1.021265709218801248e+03 -1.048837388133523064e+03 -4.017397575865028193e+04
1.609911870794028914e+02 1.594138836641700436e+02 1.424505225672480435e+02 1.407503126914865845e+02 2.251482735022517545e+01 2.196210288910446451e+01 -6.867531941766493446e+02 -6.926768653411871810e+02 -6.971707683968606943e+02 -1.335287243091946402e+04
1.907108206735906890e+02 1.906271865976633251e+02 1.900044925537744973e+02 1.899143021338646520e+02 3.957748816374289103e+00 4.237516916860124994e+00 -5.254925610795792181e+02 -5.288676495310829750e+02 -5.297194225187472512e+02 -1.852612307177150797e+04
2.106296069461659499e+02 2.107091425068168746e+02 2.277587387107771235e+02 2.279679688184415056e+02 3.301200960598277589e+01 3.204657434467868171e+01 -4.318938013082753855e+02 -4.651753008419781281e+02 -4.955197027295541261e+02 -2.256111705328400058e+04
1.250919402922006896e+02 1.248023489787230460e+02 1.435743811104507586e+02 1.432356770596149715e+02 2.378662952464220481e+01 2.429588562138519592e+01 -3.779702691289798508e+02 -4.059781932091449903e+02 -4.101265831745831747e+02 -8.187383834818163450e+03
1.980544509394907777e+02 2.005290619528877016e+02 1.960246699525469296e+02 1.984891350790822173e+02 4.902472900685781454e-01 2.913823593993932981e+00 -4.130033891178753152e+02 -4.158874594885543274e+02 -4.171912793263693402e+02 -2.001760386132411440e+04
1.665464301628521469e+02 1.660645667007881343e+02 1.632685953978610200e+02 1.628283249550735263e+02 1.636910301167682746e+01 1.584320249941685610e+01 -1.274141546571848266e+03 -1.279973573735110676e+03 -1.282704338118714986e+03 -1.424827270504053376e+04
8.987464215262512823e+01 8.999964492321687715e+01 1.128799247839062048e+02 1.127101712991102431e+02 2.857552352015798647e+01 2.960191486857411292e+01 -4.302119877295488664e+02 -4.572948228652488183e+02 -4.608323848901060842e+02 -4.430937662512718816e+03
2.312747926249618899e+02 2.311586107667160945e+02 2.441792067395219021e+02 2.440929707443427787e+02 1.981157602548564611e+01 1.951400321918935177e+01 -6.682673634871655395e+02 -6.842027804548654331e+02 -6.996717836084643523e+02 -2.712272045482597969e+04
5.357220664418498757e+01 5.392438804182156531e+01 4.898871880769811327e+01 4.939956674134614190e+01 1.069994129567597696e+01 1.057659884976775011e+01 -4.051149683462312510e+02 -4.079960884332521118e+02 -4.102881668888467743e+02 -1.825602899220703875e+03
3.643907729149359653e+01 3.829587277671393508e+01 4.313036275647129258e+01 4.543658027740352878e+01 1.295713027738863410e+01 9.358282556026617627e+00 -3.947398279104034486e+02 -4.065865445873706676e+02 -4.113247773495203887e+02 -1.057816567633071145e+03
1.844798410569634655e+02 1.846213482031121487e+02 2.017255469570118862e+02 2.015961614804141391e+02 4.827132959121438205e+01 4.932969525247716547e+01 -2.554350382396552050e+03 -2.584180639040898768e+03 -2.606114192379774067e+03 -1.741296792034239479e+04
2.616376440145043603e+02 2.610523093834282804e+02 2.582808718077070012e+02 2.576817602016349156e+02 2.008699074853035427e+01 2.016520349781213639e+01 -8.729120387976234952e+02 -8.767906893528579531e+02 -8.770438200498363130e+02 -3.459938007503397967e+04
2.633315579482128896e+02 2.638447239038213183e+02 2.766843129051260917e+02 2.772053489708625307e+02 1.729006051125049837e+01 1.675050331807588577e+01 -6.495942967966444712e+02 -6.570477923461045293e+02 -6.814695165327243558e+02 -3.503950888962016325e+04
1.744234925065551636e+02 1.756185780106849279e+02 1.747836378869295118e+02 1.760371629280012371e+02 9.820400489049651682e+00 8.560171667467704637e+00 -5.070151600405498016e+02 -5.087522965244708644e+02 -5.094776866004682461e+02 -1.560584943476904118e+04
2.111780199719277675e+02 2.108264091633002977e+02 2.287435781695240848e+02 2.283676826529135440e+02 1.988050096808072098e+01 2.045320076107899254e+01 -5.914907342601242135e+02 -6.082319004919571626e+02 -6.483638344438320473e+02 -2.272371431219322767e+04
1.259973304921387722e+02 1.256001188351543050e+02 1.254370864733326556e+02 1.250309715458898125e+02 5.909769978368441201e+00 6.056248869288593184e+00 -4.174332801867503235e+02 -4.174427218940238618e+02 -4.189985593416477059e+02 -8.316709714747930775e+03
8.641884801439239538e+01 8.569196347230493416e+01 8.665593532435094914e+01 8.588906610891403659e+01 7.153435335192601663e+00 7.622756024570846556e+00 -4.623739829369957874e+02 -4.652752940007779898e+02 -4.666152601499219941e+02 -4.117241485077792277e+03
7.218936890076528812e+01 7.099484644591331062e+01 7.825738721938633091e+01 7.704936805667477984e+01 1.170467108912930954e+01 1.237322552638781126e+01 -3.732017506355912246e+02 -3.828282749016802882e+02 -3.864373819843711431e+02 -2.973009318460909526e+03
2.421870045839293084e+02 2.430791778447880915e+02 2.423518387548332100e+02 2.432112716310436724e+02 4.748084876534257148e+00 6.045698405088847593e+00 -6.133522786619174667e+02 -6.182708832536516184e+02 -6.194986169497044557e+02 -2.973191609574301037e+04
1.278118919580637254e+02 1.273855773494574493e+02 1.125127788822063195e+02 1.120178429124231769e+02 2.613703999476163631e+01 2.618040552490871420e+01 -7.400432749249258677e+02 -7.504273221245722425e+02 -7.540283530366931473e+02 -8.582798154655833059e+03
2.092532186648012100e+02 2.086215355241467933e+02 1.876217689519012310e+02 1.868421098162565102e+02 4.491199106420278042e+01 4.521917163762562808e+01 -4.733656093064126367e+02 -5.277060609773013766e+02 -5.309703207157346014e+02 -2.225503315727461813e+04
7.699901488264048055e+01 7.796159743129281594e+01 8.616732950369988941e+01 8.721695369968784917e+01 1.223483702855309829e+01 1.069150394501408741e+01 -3.767918371916855449e+02 -3.811920712148875054e+02 -3.828684486658783044e+02 -3.330407032958634773e+03
1.136578539607600220e+02 1.128830401421551102e+02 1.084737110541041005e+02 1.076706262487129209e+02 6.202765590965643838e+00 6.038027102023850290e+00 -4.207267437445600535e+02 -4.238097463378625207e+02 -4.250569984893014635e+02 -6.871136753355107430e+03
1.285367567311488983e+02 1.291483942593659435e+02 1.292287911473522968e+02 1.298416320746596284e+02 1.817550445983652452e+00 1.404366627469509909e+00 -6.116864965718584699e+02 -6.124481441377573674e+02 -6.134154727913733041e+02 -8.677282875777624213e+03
2.170008273229244935e+02 2.165898125302241795e+02 1.765125937172512920e+02 1.764426440037952375e+02 5.769110326277641576e+01 5.632984431667424019e+01 -1.451021006452746633e+03 -1.499019606148790672e+03 -1.509766097056989111e+03 -2.393580836366695075e+04
1.378269066014271118e+02 1.384368798332469623e+02 1.701983085214328355e+02 1.707142648800103757e+02 5.424906406318523722e+01 5.418191399036869882e+01 -6.051776967296488010e+02 -6.858366608149834747e+02 -7.106488963429389969e+02 -9.878183361576111565e+03
2.741483518167444231e+02 2.739085801316708171e+02 2.810017071463439606e+02 2.807535002280421281e+02 8.517358495659514972e+00 8.964610421958868258e+00 -7.905026264622183589e+02 -7.955272237609319745e+02 -8.018018418945625854e+02 -3.796083888071105321e+04
5.740600185523545917e+01 5.659184572682610082e+01 5.972631714198091402e+01 5.889671616590315040e+01 1.625755029535370433e+00 2.669472531600970200e+00 -4.278680023200211622e+02 -4.283311147998863930e+02 -4.306860315615805916e+02 -2.050570673302511295e+03
3.289640383671693513e+01 3.191563033666751181e+01 3.015405937675623349e+01 2.904099322070626599e+01 3.461720186819561729e+00 3.735459525572418560e+00 -4.232061475507913997e+02 -4.232103126198508107e+02 -4.254884273832808503e+02 -9.554168050985427953e+02
1.891061202067655529e+02 1.902131869510199351e+02 2.113868873824220316e+02 2.124459445203721941e+02 3.414329602892833293e+01 3.371579009355595247e+01 -4.807961966547965744e+02 -5.186355906195590251e+02 -5.300853080806898561e+02 -1.828454778232490207e+04
1.886777382594145536e+02 1.880412545635495292e+02 1.868201993863905841e+02 1.860153074369852675e+02 2.535910913424302748e+01 2.649288634345571225e+01 -6.969334729546002336e+02 -7.031328118905515794e+02 -7.042091782495350571e+02 -1.820830161919532111e+04
2.404670213045084211e+02 2.393686750528828497e+02 2.268883579076630497e+02 2.258101698571732356e+02 3.207131450003593898e+01 3.145312926258324637e+01 -1.221433962773024177e+03 -1.247346428361275684e+03 -1.269548937580938400e+03 -2.928919633055060694e+04
4.206467454023564301e+01 4.178003588417618630e+01 4.922816560517264151e+01 4.923599758400492732e+01 1.341440367169809633e+01 1.242635631109841654e+01 -4.207492954845581608e+02 -4.270711411199630447e+02 -4.299400476828546971e+02 -1.284744680220050441e+03
3.423076118928393186e+01 3.361328959087568080e+01 4.554072407539446488e+01 4.470986752797139729e+01 1.572556623752239346e+01 1.670674110663470913e+01 -4.070920776143046851e+02 -4.140435420124537131e+02 -4.189013558115470346e+02 -9.881083246283649260e+02
4.043297157776337514e+01 4.086984501937021719e+01 4.122436981409617118e+01 4.166300994308332406e+01 1.712746356525896685e+00 1.416066680611260731e+00 -3.963265013936390915e+02 -3.974408358834286901e+02 -3.998264679508803852e+02 -1.207871528621912603e+03
2.432788361817379439e+02 2.437161135092975428e+02 2.322582954653124716e+02 2.327484209478223818e+02 1.594963387759241513e+01 1.546436324584191446e+01 -1.180331203645254391e+03 -1.198004093551022834e+03 -1.220909165519513408e+03 -2.999206821453073644e+04
2.529526420274606124e+01 2.492241192573610675e+01 3.320450108790618771e+01 3.262103028690223283e+01 8.665559112385617269e+00 9.672631550260186728e+00 -4.365809985617587472e+02 -4.393051912001708956e+02 -4.428537485875901893e+02 -7.359226816059107250e+02
2.027115676407856029e+02 2.019859434259365969e+02 1.653749210254375441e+02 1.645058202979205646e+02 4.525823160128530276e+01 4.517868604957641310e+01 -5.793277464399325254e+02 -6.049834802901453941e+02 -6.134782077594531984e+02 -2.092792179841576944e+04
3.209183828079648606e+02 3.205569568030934420e+02 3.235385194511907230e+02 3.231684312680354765e+02 2.293466683905121872e+00 3.395776406827058391e+00 -6.313472992466429332e+02 -6.318136129650820294e+02 -6.368746222502426235e+02 -5.190035106414343318e+04
1.496785541014786531e+02 1.500813456984802770e+02 1.795103267259424626e+02 1.800843200238792008e+02 5.851668386659504506e+01 5.777386200294726848e+01 -4.616512381268809122e+02 -5.493881452989052150e+02 -5.511432234046976646e+02 -1.160252352252906894e+04
8.608847930944342863e+01 8.617962398014770997e+01 8.901117300353662642e+01 8.905156102444820476e+01 9.170538003053920306e+00 9.613478320617632633e+00 -3.833372558205928726e+02 -3.844547238191379961e+02 -3.872289450556767747e+02 -4.080450083634876592e+03
2.356667985083253427e+02 2.367685910190049015e+02 2.362799721735502487e+02 2.373876746931583170e+02 2.939388618720475854e+00 1.743439319089615358e+00 -1.563690544588788043e+03 -1.564657951536606788e+03 -1.566001411756402831e+03 -2.815548286214547988e+04
1.845998921425021990e+02 1.837139850498980707e+02 1.865331552734808440e+02 1.856832049095181105e+02 6.954248842260689401e+00 6.152639225495265762e+00 -6.246661335779133424e+02 -6.275475021982296084e+02 -6.296529058697191203e+02 -1.743738112978064964e+04
2.546147592440158576e+02 2.542859655065934987e+02 2.574509117610830344e+02 2.571135334839487427e+02 2.254859533965484886e+00 3.226950155359899153e+00 -4.143445140732679306e+02 -4.173082546688443699e+02 -4.189623383194964390e+02 -3.282107316948708467e+04
2.427352086677343550e+02 2.410938794964168324e+02 2.217974835749114391e+02 2.202430861837239320e+02 2.826094283964811282e+01 2.622596990868102296e+01 -4.878382397472348089e+02 -5.095510607596163482e+02 -5.209378951268657829e+02 -2.984797077203131994e+04
2.669691809087962611e+02 2.650557017970587026e+02 2.347943422402069586e+02 2.327822989447316502e+02 3.827552621515695819e+01 3.723316284959096834e+01 -7.293305121723500406e+02 -7.633284838161265498e+02 -7.694184582724044503e+02 -3.603658429553091264e+04
1.458951913615735805e+02 1.461477608163679349e+02 1.419186841743195657e+02 1.422030466398000783e+02 7.030803519385399269e+00 6.487488713252564487e+00 -4.822292261651777494e+02 -4.844512178956715616e+02 -4.873958710101555312e+02 -1.104198775033284801e+04
7.253041738707462116e+01 7.223967964370002903e+01 7.896091554619847841e+01 7.863643543090367416e+01 6.895688699419793011e+00 7.497633091496828328e+00 -3.918642806187652923e+02 -3.958629942725901287e+02 -4.007824105324239667e+02 -3.010648545478580218e+03
4.766594091531153765e+01 4.748795178954886609e+01 4.912148387521342841e+01 4.892817758369154291e+01 1.046926782762113595e+00 1.654745610131356237e+00 -4.051614462646845141e+02 -4.061973628599362769e+02 -4.081395009830898744e+02 -1.501103559379554554e+03
1.222371941650415579e+02 1.215519574016754802e+02 1.397832296511664936e+02 1.389587666422418408e+02 2.288145641222722304e+01 2.417512080559645682e+01 -3.866526479979571036e+02 -3.985616258152498403e+02 -4.057291846421398986e+02 -7.815097246031424220e+03
3.059335140552573051e+01 2.963119053337076636e+01 4.264375037826598458e+01 4.175099907351934547e+01 1.519228467854780185e+01 1.574872875152931329e+01 -3.897541364650228388e+02 -4.028621131295928421e+02 -4.131946442365464804e+02 -8.531516412232205084e+02
8.436025543728462139e+01 8.575259308715308748e+01 1.000375787585030025e+02 1.013979119351107130e+02 2.057840181614695041e+01 1.963421431693065955e+01 -3.765249042918853206e+02 -3.845171525996729542e+02 -3.860224683909160603e+02 -3.929052849521275675e+03
1.397145118444256582e+02 1.379503103541874509e+02 1.346124388642730025e+02 1.328617069200568039e+02 1.069614274202255899e+01 9.571216970181485095e+00 -6.691092046592194720e+02 -6.702809408941566289e+02 -6.711799469463345531e+02 -1.014168054064601711e+04
2.044029919647181543e+02 2.053110909566537430e+02 1.975138633072908476e+02 1.983581429048511211e+02 1.056617559218314994e+01 1.213028272011776743e+01 -1.404023041820763410e+03 -1.405026891788666262e+03 -1.410912889003725013e+03 -2.127096753355938563e+04
1.595879029191602285e+02 1.612150075488977734e+02 1.589378917146968888e+02 1.605667126365880222e+02 -3.145078957590025648e-01 7.394026577056701521e-01 -5.926707365111846002e+02 -5.942522190497488737e+02 -5.949953817358098149e+02 -1.313930990491528974e+04
9.221521752520180826e+01 9.285774137415302221e+01 9.603934606883737501e+01 9.671219398189519723e+01 5.805363854747509933e+00 4.639425396103701971e+00 -4.384570542179537256e+02 -4.390698147124943489e+02 -4.441433763782283677e+02 -4.660150809584525632e+03
2.879399389936513742e+01 2.735510348538760539e+01 2.541937726662216335e+01 2.404931393760922020e+01 7.550556054087950386e+00 6.575422865589471755e+00 -3.796488254050726709e+02 -3.816429870942628781e+02 -3.839645220265463763e+02 -7.880017710490616309e+02
2.993173422071420191e+02 2.998865474073657538e+02 2.987295249947883349e+02 2.993008497989794705e+02 1.264061635170270481e+00 9.457915706254838017e-01 -1.407422118370325052e+03 -1.410714911107687158e+03 -1.410845142815703866e+03 -4.517620901352191140e+04
1.798713074811669514e+02 1.780348186263808259e+02 1.408979701557999249e+02 1.390980948444285445e+02 5.251273349068497254e+01 5.101110490319813806e+01 -6.915040992741232913e+02 -7.120974158659706745e+02 -7.203897104766235771e+02 -1.658355189869655806e+04
8.829747321653385939e+01 8.756035341870077104e+01 1.045569518843315251e+02 1.036089259146409205e+02 1.939631317126433885e+01 2.100017957304825700e+01 -3.760608571404970917e+02 -3.899193890429285148e+02 -3.907861234257515548e+02 -4.266537072677321703e+03
6.757484137899676568e+01 6.815394146669183328e+01 7.784937775277413152e+01 7.844270124617015938e+01 1.288703015008745467e+01 1.231249645750185095e+01 -4.207465454905214415e+02 -4.319373929399604322e+02 -4.340227708511305877e+02 -2.687408227134074423e+03
4.170677643961606407e+01 4.039316080945027920e+01 3.547142879850784425e+01 3.392184813767002538e+01 9.926878999090110511e+00 9.876614046471296149e+00 -4.188155991559464155e+02 -4.210748540766958286e+02 -4.233952657201588181e+02 -1.265648063811296197e+03
4.302999815024682562e+01 4.214687971763771657e+01 4.559081873505671467e+01 4.547769247054928599e+01 1.692078742203209529e+01 1.474547898151198666e+01 -4.568590341742500982e+02 -4.690416999372452551e+02 -4.711007746592970875e+02 -1.354507394684369729e+03
8.917408349776115983e+01 8.833353535363418985e+01 9.044468760279622188e+01 8.959618214802463854e+01 7.112734365385223745e-01 1.734309104668273038e+00 -4.251918528550297651e+02 -4.253604587706078064e+02 -4.267425430324603326e+02 -4.334818177145035406e+03
2.507284793495046813e+02 2.513002584777524646e+02 2.557901160211840477e+02 2.563495419163531324e+02 1.014374991557078154e+01 1.017124612936446937e+01 -7.193654206879019739e+02 -7.215212289655610221e+02 -7.253128566165667053e+02 -3.181896833380569660e+04
2.322461039953979025e+02 2.309253911103919279e+02 2.190403425242394064e+02 2.176783325381868224e+02 1.660830472639084832e+01 1.607929671046725062e+01 -4.318958287024336187e+02 -4.373292214826435043e+02 -4.406545674787936946e+02 -2.739016065627771241e+04
1.525452912405484653e+02 1.513152493093892588e+02 1.383695519211918281e+02 1.373315463150110531e+02 4.747815186310447899e+01 4.654193846216693942e+01 -4.976738665487399658e+02 -5.334479099341507435e+02 -5.455660872155394827e+02 -1.202331929659263005e+04
