# SNRtot_MF, SNRtot_opt, SNR220_MF, SNR220_opt, SNR221_MF,		     SNR221_opt, evidence220_221, evidence220, evidence221, nofilter
6.750984737104940336e+01 6.682708579382358494e+01 6.655423437612488158e+01 6.587581436965170667e+01 3.801311891244719021e+00 3.536809036478933965e+00 -4.298978207973767098e+02 -4.283568608521819101e+02 -5.061156187971994882e+02 -2.679095350668932042e+03
6.673447468487459844e+01 6.655272836814232562e+01 5.474919636216752394e+01 5.445969459963470172e+01 1.336341491020007588e+01 1.363265550840453422e+01 -3.997766823452328140e+02 -4.033905102576018749e+02 -4.056696282766115473e+02 -2.600206241932120975e+03
3.661771274516539165e+01 3.817264746607776971e+01 3.606038410391656868e+01 3.759267770149988053e+01 -3.061791404960318430e-01 1.179723992351911166e+00 -4.347474694992538389e+02 -4.370828831636038672e+02 -4.392849777865770875e+02 -1.086065864848017782e+03
1.488733111111331198e+01 1.355630173900597768e+01 1.409046391576883650e+01 1.282206789109943301e+01 2.674283671040965871e+00 1.250122081187551748e+00 -3.941795155172644627e+02 -3.968124099684555972e+02 -3.986968645188188702e+02 -5.009965088067247052e+02
7.887889838699967981e+01 8.027513613229588429e+01 6.841776806557362534e+01 6.980853907984926821e+01 1.040778578637353213e+01 1.169049320608370124e+01 -5.697787389667186062e+02 -5.730334839785933809e+02 -7.285076543668266140e+02 -3.569904452001063873e+03
5.917416883774518510e+01 5.819519026913638271e+01 6.478691963300258294e+01 6.378401287320912871e+01 6.776033607734383679e+00 7.686415513967480351e+00 -4.018037809418015627e+02 -4.062795572297126228e+02 -5.232947307821960976e+02 -2.127528469930879510e+03
7.655347896455853629e+01 7.503686537221358321e+01 7.290733201478033720e+01 7.136672104968812391e+01 6.399871804527787589e+00 5.726992059133022117e+00 -3.870706730453441082e+02 -3.874094672068185332e+02 -3.942290255432565687e+02 -3.306180471909066910e+03
2.887920696484372840e+01 2.848112326256613969e+01 2.880179241492541209e+01 2.843645734883884657e+01 2.268386316473713471e+00 1.715018563683185837e+00 -3.981146506055549139e+02 -4.005858980704758778e+02 -4.106102015162399539e+02 -8.055918861487355116e+02
3.727214591058476145e+01 3.754047624454135956e+01 4.007026482721102667e+01 4.036296006248163337e+01 3.909551873671283762e+00 3.397118267599690711e+00 -4.278533920225521570e+02 -4.296633775976869742e+02 -4.821817530311049040e+02 -1.113470725070789968e+03
5.435496354806654296e+01 5.304933093534751265e+01 5.400289136587026206e+01 5.323579507638685726e+01 1.823854471446573555e+01 1.651759464299975733e+01 -4.162977246915798446e+02 -4.218110982101295576e+02 -4.860931838730732011e+02 -1.869118986507454110e+03
4.863133865330387806e+01 4.833859159030472341e+01 4.451053045628676585e+01 4.444020662790427423e+01 1.011067367592048072e+01 8.867246502661791041e+00 -4.094890833836753927e+02 -4.106755760576272110e+02 -4.125456913467818367e+02 -1.576193247346193630e+03
2.075828963990113962e+01 2.050272751450625108e+01 2.063609319604200110e+01 2.037629112132486853e+01 1.489479073129106323e-01 3.186633435449888752e-01 -3.623062667308034861e+02 -3.600616163598861590e+02 -3.648571062428463279e+02 -5.670158947643768670e+02
2.854055146626823358e+01 2.842751590811661799e+01 2.851735919145125209e+01 2.840877284324665197e+01 1.647095164582003779e+00 8.211964055789948425e-02 -3.823368841339794244e+02 -3.843118232109497399e+02 -3.863895940502594613e+02 -7.853547075626148626e+02
2.525968075763273291e+01 2.452441413334241460e+01 2.389349266056252219e+01 2.320613918514519369e+01 2.959258635414734329e+00 1.808476007256748508e+00 -4.027623586245824754e+02 -4.043309700610018353e+02 -4.066428604114889254e+02 -7.047498419369104568e+02
4.257101339074929314e+01 4.221959374997222625e+01 4.388014921269532920e+01 4.353895625947000525e+01 2.176386120935413171e+00 2.184803626711912639e+00 -3.537160877794497651e+02 -3.573832349955362702e+02 -3.641588540430796570e+02 -1.255526382030465129e+03
2.710304799189376013e+01 2.958747883461502326e+01 2.603428262094818990e+01 2.856412621153147668e+01 1.449578109183160546e+00 2.055425192640159882e+00 -3.676234907892989554e+02 -3.689112554323190807e+02 -3.919571228675143857e+02 -7.359649475531284679e+02
6.147805218687894779e+01 5.995522125523409329e+01 5.546946279338897767e+01 5.381568285724809897e+01 1.134274602056657955e+01 1.113599586458201962e+01 -4.088540812568492129e+02 -4.076421765281099283e+02 -4.099842735235045552e+02 -2.268987330741915684e+03
1.021126536055955825e+02 1.027120999290435037e+02 9.133943508843337611e+01 9.224385509410012673e+01 1.955437127553978982e+01 1.836418521413901672e+01 -4.390084532101386685e+02 -4.482439485992477444e+02 -5.028522310299500759e+02 -5.618196229030523682e+03
2.020576190016953788e+01 1.863338419961191761e+01 1.926790214891925856e+01 1.761823316817627116e+01 1.960823475048261821e+00 1.832903454035603286e+00 -3.915612921512880575e+02 -3.910655189576624480e+02 -3.933737273696969510e+02 -5.909584149167603755e+02
6.527362459862123956e+01 6.518579419400548147e+01 6.974142859709763798e+01 6.944629936773118573e+01 1.146838144517159463e+01 1.263718147866241281e+01 -5.068477516419879976e+02 -5.098226540182056397e+02 -6.386590099158515841e+02 -2.526574213287455223e+03
3.840098296447686010e+01 3.826126983919466795e+01 3.477622822483511555e+01 3.462545111920354657e+01 4.211649661192621963e+00 4.181787723231372489e+00 -4.266531338208656621e+02 -4.279635364472771357e+02 -4.302553758378082307e+02 -1.159793746847719376e+03
6.619361668795998810e+01 6.582525051456893550e+01 6.364144604816226547e+01 6.322691737421357061e+01 4.875415112187709177e+00 5.249111600601956695e+00 -4.253578700619065671e+02 -4.275976131798065580e+02 -4.299542026005519801e+02 -2.594991538008809130e+03
6.907255794691270978e+01 6.920506823671456686e+01 6.194410991766125107e+01 6.165594876557628368e+01 1.026838202804472466e+01 1.243468074043474836e+01 -4.944728034579398468e+02 -4.950170548060958708e+02 -4.973146337503384871e+02 -2.810656166529246548e+03
2.966830851435098637e+01 3.078043660487046651e+01 3.022860763691840802e+01 3.131869626495985059e+01 1.634808683707086319e+00 1.689059893830836323e+00 -3.837464560150824582e+02 -3.844239546566652166e+02 -3.910621010544488740e+02 -8.169046528365081485e+02
7.172315370499363496e+01 7.121618517876153476e+01 7.166396810696484465e+01 7.115358589202625694e+01 9.820505680186889519e-01 1.163532647527369956e+00 -4.185732159830820933e+02 -4.189503704724261297e+02 -4.480457172099558534e+02 -2.980363418977005040e+03
5.357782822603344641e+01 5.440880840656927830e+01 4.965622864300004835e+01 5.063100324226405036e+01 1.165922586809992367e+01 1.129250708435723638e+01 -5.048698413485930132e+02 -5.059677015417488519e+02 -5.078380184002090232e+02 -1.882319127169038666e+03
5.583086827651519712e+01 5.758013479951711844e+01 6.204459171963029718e+01 6.348476355825015816e+01 8.718889995371741364e+00 9.679106098221218701e+00 -7.239724832342649279e+02 -7.300682829311439264e+02 -8.601723991423515372e+02 -1.980727693816245164e+03
1.029458709534095533e+02 1.028936965852868752e+02 1.024589083579452335e+02 1.023975191836043450e+02 3.277176915497967080e+00 3.536655286911011942e+00 -4.238314835540240892e+02 -4.265603611910124755e+02 -4.277692115883243673e+02 -5.695328229717116301e+03
2.671409802722534366e+01 2.602664566527295520e+01 2.303607284379326003e+01 2.226138562891840067e+01 4.382614915918731313e+00 4.229777514433245678e+00 -4.296486642025221272e+02 -4.320018276230378547e+02 -4.347126201386480489e+02 -7.820095028485127386e+02
1.106216527464841874e+02 1.095578500761593403e+02 1.145030320633101013e+02 1.134341869811214281e+02 6.530429314707818733e+00 7.184049458588519954e+00 -3.773036210005985254e+02 -3.795301680695102391e+02 -3.837310648479030419e+02 -6.483181312157039429e+03
3.959452971339267435e+01 3.997865027613374878e+01 3.983283456619327723e+01 4.038675113626780444e+01 8.107606514779345019e+00 7.122850638168525705e+00 -3.986567217700581978e+02 -4.003766373573260466e+02 -4.025258255237983462e+02 -1.170362628963559246e+03
3.878840196404682672e+01 3.912949415399555164e+01 3.873093588953262412e+01 3.907280490729016975e+01 2.582656058399670496e-01 2.043571252812940720e-01 -4.100433732013614190e+02 -4.126818754507622771e+02 -4.145106929344828472e+02 -1.151414101697109572e+03
5.119741019064638010e+01 5.177980652899575631e+01 4.227142620875822843e+01 4.278531129550653844e+01 9.482403249496428543e+00 1.027732203192845084e+01 -4.174171622554235341e+02 -4.201184136082712826e+02 -4.230433326152909217e+02 -1.726241932327779523e+03
7.609760939433601834e+01 7.610321568528543423e+01 6.306841293781881319e+01 6.320330729691795568e+01 1.619730010331845449e+01 1.568080144805011145e+01 -4.361696414492728877e+02 -4.399010065137953802e+02 -4.417285480933298345e+02 -3.303969851882091916e+03
3.677816161531884376e+01 3.842753107883365260e+01 4.302665631150897241e+01 4.460472153843280552e+01 1.238808689211420955e+01 1.179388366832356105e+01 -3.884997285182114410e+02 -3.944833991163697533e+02 -4.854343365134616306e+02 -1.055379991831696771e+03
2.146047552793355351e+01 2.078992454113897281e+01 2.566627857354808029e+01 2.496161641198682446e+01 4.137204618450047278e+00 4.884258125232962655e+00 -4.090661835070192751e+02 -4.096621552498845062e+02 -4.119621227187396357e+02 -6.343483958349478371e+02
3.238072353562728267e+01 3.446463622971688778e+01 3.244859387423212382e+01 3.453376655277229190e+01 1.624800383193679698e+00 1.250716641292328180e-01 -4.018837397766601498e+02 -4.026864919484993379e+02 -4.480195474878473760e+02 -9.223961836039712807e+02
4.720659380138820893e+01 4.690426486024355768e+01 4.498767255471658189e+01 4.465813361297298201e+01 4.973052685312023158e+00 5.078608635605105448e+00 -4.998410691071412657e+02 -5.016830125178272510e+02 -5.037111945887047568e+02 -1.473315655806030236e+03
5.637386387464991344e+01 5.687062470737826203e+01 5.615771789097434663e+01 5.635330208763339499e+01 3.239459674822488200e+00 6.075378871583701823e+00 -3.502407617259198105e+02 -3.528094127408678560e+02 -3.928163239108839093e+02 -1.939797100071354635e+03
5.811092107677051644e+01 5.896545042204601828e+01 5.968514340791449513e+01 6.080341983550712115e+01 1.676707127009769138e+01 1.564138286188490135e+01 -3.954321708700556428e+02 -3.994873189008837926e+02 -4.110948140802559578e+02 -2.062442840988283933e+03
3.505737649735072381e+01 3.563455607636291234e+01 3.372959088886178591e+01 3.427287460623430349e+01 2.895116350407849204e+00 3.458296354063633782e+00 -3.917397503398357230e+02 -3.957539537294157412e+02 -3.980768810513868061e+02 -9.997807904048781893e+02
5.942859408442312485e+01 5.905807893581602741e+01 6.998134651199701750e+01 6.968825189290201649e+01 1.369297917587184088e+01 1.358575946146887681e+01 -3.851707653285428705e+02 -3.939416172990267455e+02 -3.959311222585465657e+02 -2.144461464006891674e+03
5.795331611730087928e+01 5.870384565753002448e+01 5.927287250788517525e+01 6.000057800257661000e+01 1.701795270946694805e+00 1.909314746042931610e+00 -4.040086622872058797e+02 -4.042552954111067720e+02 -4.715363001831563565e+02 -2.077330876209894541e+03
2.584718260624909547e+01 2.492026491744196548e+01 2.302756881678146073e+01 2.198658888746337325e+01 3.294982816449115059e+00 3.229512686354461426e+00 -4.029876457661301856e+02 -4.044343186612447880e+02 -4.060081793675288395e+02 -7.347208360819255404e+02
1.274448885918134700e+01 1.462468402176123483e+01 1.156321141785945272e+01 1.364752430774527348e+01 4.028396215677084946e+00 3.777304270249563611e+00 -3.600382801925661056e+02 -3.615943120585532142e+02 -3.638744452526098030e+02 -4.414405315448344140e+02
9.538743056562090317e+01 9.512718125751545983e+01 9.087958804499622545e+01 9.067352395316376601e+01 6.561538799619269113e+00 5.446692324823490416e+00 -4.090345937183829506e+02 -4.110286242074598135e+02 -4.146288841993867322e+02 -4.915139482553212474e+03
5.169856562804851308e+01 4.964157141660437844e+01 5.285115813608390312e+01 5.076134755101625728e+01 2.245508041025458201e+00 3.409619334440198823e+00 -3.798724828705165919e+02 -3.816937409598496060e+02 -3.843046363593306296e+02 -1.711857783805339977e+03
7.500805620257280282e+01 7.508858045311212948e+01 7.628853085214014129e+01 7.640595850108907428e+01 4.029081541750093365e+00 3.078803008340820213e+00 -4.656752465191516990e+02 -4.654206637416916124e+02 -4.722408772559510339e+02 -3.199109788662996380e+03
4.491448266096613651e+01 4.437246234889163077e+01 4.431923123328041925e+01 4.377108650488906250e+01 7.787886902159254499e-01 6.955681352333925593e-01 -4.068692048837514221e+02 -4.080791242302148589e+02 -4.704579762470377204e+02 -1.394332036572123570e+03
3.601157011660923501e+01 3.532253717078972244e+01 3.631400704430141246e+01 3.562137728709117113e+01 -5.209190595714041638e-01 3.734751891723778749e-01 -4.320300793580154277e+02 -4.348454594131391673e+02 -4.369966486094707534e+02 -1.078719651859502619e+03
6.707977654507995169e+01 6.727906093699772327e+01 5.742349853082316002e+01 5.748049632270105747e+01 1.220185971607229014e+01 1.298226334173428675e+01 -4.160054219964758886e+02 -4.201169852805571168e+02 -4.225422191678317176e+02 -2.639318434298405464e+03
9.040448136961333603e+01 8.931994315193924194e+01 8.887488350589204344e+01 8.780421712096548958e+01 3.403937153638422863e+00 1.888593371342468519e+00 -4.014077450503864384e+02 -4.015028842942464848e+02 -4.039346963471413119e+02 -4.465991427889780425e+03
7.817824531236819041e+01 7.736321530045972850e+01 7.158497559762716378e+01 7.074636118606754565e+01 8.208971046033038732e+00 7.726967707524328155e+00 -4.467867672030696440e+02 -4.461366854323258622e+02 -4.483532312962508399e+02 -3.462230917601760211e+03
2.221266510605289568e+01 2.229506867511202728e+01 2.211782047997088441e+01 2.224221606403500573e+01 2.077477239169077450e+00 6.522962656712374407e-01 -4.314581186568064481e+02 -4.332677150694963757e+02 -4.349410797783821749e+02 -6.584430009673005770e+02
6.192207350830163648e+01 6.069799906675431345e+01 5.627666979536862613e+01 5.511141202274118456e+01 8.342018032870857525e+00 6.876087226854023626e+00 -4.196770020009009272e+02 -4.216104858292962945e+02 -4.238583079341760822e+02 -2.332162436130600781e+03
1.473698671869657062e+01 1.462116105186876780e+01 1.675395742993174508e+01 1.662050685747972167e+01 2.389818673639416247e+00 2.592163339913994946e+00 -3.708663179109191219e+02 -3.720029431810870619e+02 -3.763918722551277938e+02 -4.760168698668325646e+02
1.562403997980663028e+01 1.600511721191462655e+01 1.800582170245376901e+01 1.857291353989277383e+01 4.545248397349263669e+00 3.127877873994628910e+00 -3.915735054335654013e+02 -3.941713372872868604e+02 -3.964755503317932721e+02 -5.105250649837365700e+02
4.661722451683000656e+01 4.701464681977574855e+01 5.194945168344332131e+01 5.233322946713828827e+01 6.949924831357511046e+00 6.742331721891607899e+00 -3.977974093539290834e+02 -4.002508937916547893e+02 -4.025814543488717732e+02 -1.477953213310351657e+03
5.724838095624910039e+01 5.765196896424616568e+01 5.600615998152712649e+01 5.647587332160649964e+01 5.476542003876445186e+00 4.796984265035747264e+00 -4.166182707525089768e+02 -4.169988244975501175e+02 -4.274987860076158199e+02 -2.047468365802432118e+03
2.717299724776476921e+01 2.748034185698731591e+01 2.913529740812368374e+01 2.940672833707125022e+01 2.518908727700349903e+00 2.691328881438698861e+00 -4.083079548441470479e+02 -4.146651668827574895e+02 -4.169409407261273373e+02 -7.759112902020575575e+02
8.394089012449565246e+01 8.506427077699747485e+01 8.447437094643468924e+01 8.541082141642947079e+01 9.975314100728626343e+00 1.134794595921463767e+01 -4.575341067238659889e+02 -4.591795060594311622e+02 -4.608981511599891974e+02 -3.910748334918306227e+03
6.493402240352536126e+01 6.714128632538209729e+01 6.585624917231075415e+01 6.826469427767725051e+01 8.753990325380462068e+00 6.093053677097181264e+00 -4.065230054924747947e+02 -4.061897600212325301e+02 -4.085305525071901229e+02 -2.488575859291325742e+03
9.794877235687313544e+01 9.756630803622962844e+01 9.848608609646063883e+01 9.811155375365812858e+01 1.509985725749005248e+00 7.732297919384302221e-01 -5.954441668566230419e+02 -5.920919165000823341e+02 -6.204238687688676919e+02 -5.202903807986497668e+03
3.429397523361715372e+01 3.494151962534101585e+01 3.198720713396640747e+01 3.262877183004867021e+01 2.268893812679330768e+00 2.860623830157168257e+00 -3.978462256436115467e+02 -3.994232791245658518e+02 -4.015576182182226148e+02 -9.782804124906517700e+02
1.162884027679956347e+02 1.155515699509130343e+02 1.162897846954954559e+02 1.155527175079855198e+02 -8.183999967734173486e-01 3.280943157874714744e-02 -9.168064835363614975e+02 -9.177600697675349011e+02 -1.402933944621957835e+03 -7.165969727549019808e+03
9.969402402021530918e+01 1.016471838507030299e+02 9.645517097073356183e+01 9.842310798573596742e+01 2.814969470735175783e+00 4.019712199234124483e+00 -6.482590306933715283e+02 -6.475825028943773987e+02 -1.229024924961520128e+03 -5.359973152958786159e+03
5.342477991977042251e+01 5.323030057234268497e+01 4.765454126367348664e+01 4.747500260594762977e+01 8.414670831500865589e+00 8.191438253948753356e+00 -4.058369624116684804e+02 -4.089579971208286224e+02 -4.109617742207225888e+02 -1.819568296113430506e+03
4.814062406153643536e+01 4.858757571764325434e+01 6.011542888523079142e+01 6.065542123517941775e+01 1.553620551239812286e+01 1.478994399722514075e+01 -4.103604263441047237e+02 -4.245178216390171997e+02 -5.007879257453765263e+02 -1.565766125010807400e+03
5.502258118365428174e+01 5.372827428364686853e+01 5.123768494329603129e+01 5.007511690225142331e+01 8.195358377812272721e+00 6.435590471762773213e+00 -3.965971791606642682e+02 -3.985503701238819190e+02 -4.056410893436450920e+02 -1.895334530426421679e+03
5.186359959156648358e+01 5.191017423300787925e+01 4.929894690343684971e+01 4.933260421221623915e+01 2.975203214017452247e+00 3.211043976330822058e+00 -4.628570518406536962e+02 -4.639383339792213974e+02 -4.663315904017318871e+02 -1.778152953229712693e+03
3.464108285957412647e+01 3.451470816347917747e+01 4.163645956504220891e+01 4.157444848977104357e+01 8.821596755156612346e+00 8.614538715341657493e+00 -4.101011765831418074e+02 -4.130179288181357720e+02 -4.564467643849137630e+02 -9.942255585157236055e+02
1.983985379556549233e+01 2.098555779917822051e+01 1.879267425087040166e+01 1.993021540692000926e+01 3.331055271929359018e-01 1.349573108866233273e+00 -4.066213822033890892e+02 -4.081790191851064833e+02 -4.132808354941357720e+02 -5.968428160608992812e+02
8.392471064064783093e+01 8.298550400288949902e+01 8.791705539015190141e+01 8.706861453894231317e+01 7.699519336980318762e+00 7.128888019279465915e+00 -3.728929488016126470e+02 -3.762626733733862352e+02 -5.452239171256155714e+02 -3.891201606933906987e+03
5.892673082392070683e+01 6.030477978014422291e+01 6.090082224686185697e+01 6.228062916612147148e+01 3.526368096092306281e+00 2.289029804279931302e+00 -1.200775627198323036e+03 -1.201560453356978769e+03 -1.282992881944288911e+03 -2.155948818336873501e+03
2.594355171157113560e+01 2.512538267286146620e+01 2.313171361197498044e+01 2.216977283405317678e+01 3.361767100491798388e+00 3.576818107966270865e+00 -3.879622901674409263e+02 -3.908991683673584134e+02 -3.931086085744238403e+02 -7.243532018411739273e+02
6.180307180852464199e+01 6.124507104979315386e+01 6.175754310914071965e+01 6.121326867414693140e+01 2.124385073660391754e+00 1.582071458013819543e+00 -4.900816489236522102e+02 -4.921858854453146250e+02 -4.939131983565156929e+02 -2.280078515615754895e+03
5.848689206415756558e+01 5.830102904922421203e+01 5.785542081523950486e+01 5.766718638624693938e+01 7.848922995295185556e-01 8.083293649600402642e-01 -4.197050283824174244e+02 -4.201072629893099020e+02 -4.224715478137359810e+02 -2.108510818018559803e+03
5.224252594730338473e+01 5.262241721735370703e+01 5.199540050570228544e+01 5.239878751126229162e+01 3.294058197999297555e+00 2.898632779733191001e+00 -3.995521144859922629e+02 -4.011841651878039556e+02 -4.026052571749319213e+02 -1.756844796019175192e+03
8.379523527253765280e+01 8.397628940867836889e+01 7.009488741276388168e+01 7.059977564212725554e+01 2.189810835666273547e+01 2.092106732602714203e+01 -1.257671582977416392e+03 -1.260720929312102726e+03 -1.347753993913412387e+03 -3.916677288597618826e+03
7.726676819735038748e+01 7.921706609152107603e+01 7.551908401418209849e+01 7.744605024852579334e+01 -5.059522029959093725e-01 2.054609276426738518e+00 -4.081492226701414552e+02 -4.094676924670723679e+02 -4.181288092201990594e+02 -3.387577898293523049e+03
2.946388050071735165e+01 2.869458158018156624e+01 2.676403534240080262e+01 2.600035082896847527e+01 4.495662107561721577e+00 3.931309323130423472e+00 -3.811726250353276555e+02 -3.838292129876680860e+02 -3.859364955264503010e+02 -8.121722766455383180e+02
7.959473156621319845e+01 8.077529811865538534e+01 8.050494151310942925e+01 8.173799479706323723e+01 7.037083926899031283e+00 6.155481451316173747e+00 -4.334972880418443424e+02 -4.390053223990240667e+02 -4.411666565858180320e+02 -3.570366245161051211e+03
1.991557653858420096e+01 2.093498801463464432e+01 1.762497459061404470e+01 1.871422699909474829e+01 3.787898564234347010e+00 4.025590453776056066e+00 -3.906812957800738673e+02 -3.897465946660023519e+02 -3.965305821484899980e+02 -5.834494124363998253e+02
8.264115230145003466e+01 8.146951869695497805e+01 8.338248958320114923e+01 8.228039070378152076e+01 6.035237942402400080e+00 5.099619163518157805e+00 -4.222939468486139845e+02 -4.257558473146185065e+02 -4.274522267801748399e+02 -3.816080797092417470e+03
4.833477995766404689e+01 4.788410453981730086e+01 4.734382756671097781e+01 4.690667396568574787e+01 2.231103452808392174e+00 1.527484085898046962e+00 -3.908855136508290684e+02 -3.937592694154662354e+02 -3.960759292624945260e+02 -1.541994361752602344e+03
2.639855193975621006e+01 2.701855084418085085e+01 2.337596849669404619e+01 2.398825750255451084e+01 3.030871794281190912e+00 3.603562220501324465e+00 -3.820034277323534297e+02 -3.831698012576889028e+02 -3.853075468559587762e+02 -7.245302294990764267e+02
4.221119588819910717e+01 4.207500150700740704e+01 4.400795024312724024e+01 4.392613825626771273e+01 4.148324863873321888e+00 3.545711155555036687e+00 -3.961709850757615641e+02 -3.953433984252963000e+02 -3.975703847550033174e+02 -1.278237017569640784e+03
4.489495071922801372e+01 4.467068417902225974e+01 4.489423239217272510e+01 4.466844314591504883e+01 -3.012586694709922797e-01 1.497096678096398459e-01 -3.934756167590557538e+02 -3.938591829766025967e+02 -3.961820288051380317e+02 -1.386877086570528490e+03
7.088974648451247162e+01 7.222061769992069458e+01 6.972785345635520571e+01 7.095463051836446766e+01 1.535783929574067619e+00 3.876024227438549907e+00 -3.948782834887336435e+02 -3.972920635809695682e+02 -3.997570272328497936e+02 -2.900332968285086281e+03
4.969185355150062122e+01 4.884722436192398476e+01 5.658372680215988737e+01 5.587109439616483542e+01 1.332340776034811469e+01 1.321426517224622188e+01 -4.187756409245021700e+02 -4.235097635609560029e+02 -4.254135496661486400e+02 -1.615377539325365206e+03
8.386702765320643493e+01 8.199483955065866780e+01 8.449401686523481203e+01 8.260196204900697126e+01 -2.155955538358850010e+00 9.068932892225222142e-01 -4.387504984764343021e+02 -4.407447844538242521e+02 -4.452480202465580419e+02 -3.869697043238965762e+03
1.419480584734839468e+01 1.409094266089240044e+01 1.522116414277495089e+01 1.557811628216768796e+01 5.312261256365164108e+00 2.831794438945827164e+00 -3.985578868458339343e+02 -3.996487583470579352e+02 -4.018800657097985436e+02 -4.992566437525109109e+02
4.351027054397969351e+01 4.373725432439066907e+01 5.085827991306185680e+01 5.116462974144146614e+01 9.610856200029742169e+00 8.970222334471404935e+00 -3.994931710246264061e+02 -4.059484385975999317e+02 -4.089890747162760931e+02 -1.342078914866573996e+03
5.370576578281689706e+01 5.470082572808994570e+01 5.615544552444667659e+01 5.716270638702487616e+01 4.306184669244510488e+00 3.373194918052255797e+00 -4.070666292669763493e+02 -4.066174724852867257e+02 -4.086103978329902020e+02 -1.835729372811177655e+03
1.496772390919790041e+01 1.465602696325025533e+01 1.263372293140893454e+01 1.240113319661375968e+01 3.236080358397570578e+00 2.584575982307107722e+00 -3.752169891653641685e+02 -3.806671458355499453e+02 -3.808123830335694038e+02 -4.863177142126518220e+02
6.328481486505899767e+01 6.329329982971537305e+01 5.316439929777869366e+01 5.322416336922217539e+01 1.465829235583122170e+01 1.447565108641307141e+01 -3.881939797039272548e+02 -3.935914363020057749e+02 -3.983314374145949728e+02 -2.376767368500364682e+03
4.661595583972623302e+01 4.838514354467638867e+01 3.840529913946204488e+01 4.022586398276363440e+01 9.001576842160220693e+00 1.021267985162809389e+01 -4.523879174100693490e+02 -4.621357344333664514e+02 -4.548024183389291011e+02 -1.488759216351573741e+03
4.585826495965745409e+01 4.583506646358399195e+01 4.901882186451631185e+01 4.896062645457552520e+01 3.533307426903977255e+00 3.981838685718290805e+00 -4.035719189030946836e+02 -4.046333741468877179e+02 -4.069912707117108539e+02 -1.442029052475395702e+03
8.600602145615565064e+01 8.564862526959208822e+01 8.273580699302571873e+01 8.230586762806726142e+01 4.505352828628733874e+00 5.391241601181183007e+00 -8.681478026270928012e+02 -8.668861967868996317e+02 -1.090070690478701181e+03 -4.080285291077301736e+03
7.712961178787588779e+01 7.677994031625203775e+01 7.433028063454429457e+01 7.398661589146990991e+01 3.769419806036254261e+00 3.344493461716866012e+00 -4.320747362013383395e+02 -4.362316497682660383e+02 -4.410864633580683858e+02 -3.401424682191466218e+03
6.181369214651503086e+01 6.291338895751524518e+01 6.064474032254275215e+01 6.169787352552469173e+01 6.409634266451699425e+00 7.010132744329226284e+00 -4.220993971005324283e+02 -4.251556899899994164e+02 -4.280143502412458361e+02 -2.314856237187477745e+03
1.035165143207744904e+02 1.044977985742384021e+02 1.009924665240390453e+02 1.018983494964197121e+02 7.332832559356169178e+00 8.532284432015650566e+00 -4.782390801919020760e+02 -4.806896522040933064e+02 -7.685347738398845649e+02 -5.756901510158162637e+03
4.973290449789879375e+01 4.951709498016181499e+01 4.334226991082796587e+01 4.322484356874845446e+01 1.280054103075861072e+01 1.234610414489383423e+01 -3.901274638328285960e+02 -4.001659084783449316e+02 -4.553713146179759974e+02 -1.621407965248833307e+03
7.558634549397960711e+01 7.572739838359120768e+01 6.633874150921258206e+01 6.654124612410925010e+01 1.112174408300557538e+01 1.086464021192959528e+01 -3.796721087303374702e+02 -3.829398006881716583e+02 -3.856457483596126394e+02 -3.224540109786012181e+03
4.494550875300096493e+01 4.545559116066704064e+01 5.689721547045219552e+01 5.706169507952743203e+01 1.415020237712964679e+01 1.506620054407881604e+01 -4.074696890438501669e+02 -4.139738776769265201e+02 -4.162571681041861780e+02 -1.375717324398386154e+03
5.666421820584458402e+01 5.650193531220876508e+01 5.405196012456615762e+01 5.388091035065925638e+01 3.010892864147193926e+00 3.026429316502361022e+00 -4.032047625995134013e+02 -4.063363433495748609e+02 -4.165471569539492975e+02 -2.001043369954349828e+03
3.958148158330532596e+01 4.169932932098600986e+01 3.906947328529749086e+01 4.116668032190755611e+01 -1.314861711617675510e+00 8.949846653838268162e-01 -4.017141056590461403e+02 -4.000667857773790388e+02 -4.306938743992450327e+02 -1.179325808316734083e+03
8.159347431660108896e+01 8.199306403136833410e+01 7.754636206069729099e+01 7.798487754399360483e+01 4.950038315394531097e+00 4.641059008241012585e+00 -4.309737504659074716e+02 -4.322276026523597920e+02 -4.344920148125431751e+02 -3.730562782902358776e+03
2.180233980228017288e+01 2.269467170542038303e+01 2.269257104026599592e+01 2.391547346660190954e+01 7.400968686137802344e+00 5.868080578086373400e+00 -3.925497435761913039e+02 -3.945807599376778967e+02 -3.968042255205589299e+02 -6.246512100569968879e+02
5.471331056877835408e+01 5.495766626903898100e+01 5.487215003836121952e+01 5.507075721180594030e+01 2.068311846435397783e+00 2.921283388464669617e+00 -4.028572221846379193e+02 -4.040503796372885859e+02 -4.063149797549975233e+02 -1.875418680853085334e+03
5.904296168179032378e+01 5.802469603666397546e+01 5.898420721685741341e+01 5.796611638946146172e+01 7.741803154442216117e-01 1.041490984030870176e-01 -3.917542178553945860e+02 -3.935198040900758087e+02 -3.955175514143637656e+02 -2.127883479317084948e+03
1.151183183740144145e+01 1.090032635158724794e+01 1.138424831594216968e+01 1.068221496624904709e+01 -7.056964147437871926e-01 6.260101333408357727e-01 -4.020370158187850507e+02 -4.023292068936038390e+02 -4.115204536411068261e+02 -4.647278609033716066e+02
9.026508245280921017e+01 9.134563213427266248e+01 8.313800726333388980e+01 8.423494630757591040e+01 7.874211284071245487e+00 8.606548119238674133e+00 -6.787560852163330765e+02 -6.739638017422626035e+02 -9.404024948755796913e+02 -4.438677172453699313e+03
3.954280652038988819e+01 4.116995400204123001e+01 4.306101830828340127e+01 4.464870201495087088e+01 5.043557595210136135e+00 4.090516686860063977e+00 -4.051090972031508954e+02 -4.073699497204678437e+02 -4.091799058441299621e+02 -1.177592993485158559e+03
9.614337453864052918e+00 1.115518665151848410e+01 8.380211329247799767e+00 9.693676036569200960e+00 5.923947144509157381e-01 2.427838020626341020e+00 -4.160213432524921586e+02 -4.176515649203777798e+02 -4.193127694872098914e+02 -4.579075674104719837e+02
5.942203407996051112e+01 6.032298578137984890e+01 6.128857955894510212e+01 6.223124418768521338e+01 1.020115218575980620e+01 9.758985741619193632e+00 -3.925520435451701360e+02 -3.996124475331914709e+02 -4.043888599658239400e+02 -2.149419473128670234e+03
1.334508287925367398e+01 1.253235209306051878e+01 1.386374686966647474e+01 1.299467774432581813e+01 -1.137652523429709905e+00 6.275884523028869566e-01 -3.860535610301255360e+02 -3.868542145247946564e+02 -3.886666876784520355e+02 -4.727366820307261150e+02
7.088859927677145834e+01 7.148236177079884612e+01 6.762682949033248292e+01 6.824473584951650196e+01 4.014973918778944828e+00 4.082262377082595428e+00 -4.091177742497951613e+02 -4.136866962051686301e+02 -4.143812988356329470e+02 -2.910002071109735880e+03
7.622200912209787305e+01 7.741143979872337866e+01 6.912956834446721643e+01 7.029807992638566816e+01 8.227069710151731385e+00 9.295483295736341134e+00 -4.099542763809008648e+02 -4.112017284551786247e+02 -4.172404255981044230e+02 -3.289472746316906978e+03
4.176367901411770589e+01 4.043536271090614775e+01 3.532589837066210237e+01 3.400180438299726404e+01 1.093663717969619498e+01 1.007409121104776695e+01 -3.987464748036417745e+02 -4.057878005145707903e+02 -4.106492297606766897e+02 -1.266938814467052907e+03
6.772451820132766898e+01 6.546821975489524448e+01 6.450025467753955866e+01 6.226760188635145710e+01 9.810995493032692139e+00 8.825957001445607020e+00 -4.058244905680247143e+02 -4.080296306664052395e+02 -4.110317763298983778e+02 -2.685214983499208756e+03
5.241790111495359383e+01 5.142419861999661634e+01 4.971142476708736524e+01 4.869575581883775328e+01 4.968903583829450632e+00 4.613046007174017582e+00 -4.549319365289976531e+02 -4.568494988204772085e+02 -4.591533952682496533e+02 -1.760578161573154603e+03
1.237418238242421609e+01 1.079026845883696417e+01 1.356845359033588316e+01 1.215908256384484609e+01 1.728521946200501702e+00 1.754625647052921344e+00 -3.847090773506789105e+02 -3.851717215361061335e+02 -3.933979701598915995e+02 -4.633681289077271117e+02
2.642502816002139454e+01 2.523400079696491360e+01 2.681816963933945885e+01 2.562559268225690801e+01 -6.791935912093114425e-01 4.487127244787054714e-01 -3.932308418346622148e+02 -3.942310050626992393e+02 -3.964208175052741012e+02 -7.333081312286124103e+02
6.790735012983910224e+01 6.782999575901526157e+01 7.456638928431162583e+01 7.446426125468329360e+01 7.326854399615243096e+00 7.635660889186142164e+00 -4.174715613703428971e+02 -4.203231714890946478e+02 -4.226045134572534039e+02 -2.695830488387472087e+03
2.832504416796515656e+01 2.928797986585900759e+01 2.614053655618808847e+01 2.689764662179350907e+01 4.188792709298178707e+00 5.590745654124443575e+00 -4.117749933343241082e+02 -4.149074710192722932e+02 -4.217361648047360063e+02 -8.034118577314770846e+02
8.712166504850709714e+01 8.697731449407660875e+01 7.993078840097446403e+01 7.964885203816183434e+01 9.424303605332712053e+00 1.037828440675497177e+01 -1.372507881844738222e+03 -1.374777877034646963e+03 -1.453329915691143015e+03 -4.155507034867928269e+03
2.856824075364604099e+01 2.741396350748017241e+01 2.763158685671542969e+01 2.648349489786338751e+01 2.231370660889605784e+00 1.032456806475432920e+00 -3.968765265231998001e+02 -3.973773178693437558e+02 -4.028257485412516417e+02 -8.048283612151774378e+02
7.063621576621258669e+01 7.100400298899675988e+01 7.618075570432328902e+01 7.655192964030479175e+01 7.470931962056181597e+00 7.149260077005050285e+00 -3.816871753357391981e+02 -3.823960266224469819e+02 -5.313106988013151977e+02 -2.856592075499233033e+03
1.604115481763844286e+01 1.645412996342385270e+01 1.476725950757678341e+01 1.516503939408552526e+01 1.123709636401210243e+00 1.600353690646815208e+00 -4.345642165915572832e+02 -4.343958913807049385e+02 -4.366950220752017344e+02 -5.475908754562283320e+02
6.381299101786413530e+01 6.298834286652847680e+01 6.973890807052936225e+01 6.893073398344601799e+01 6.610263988170355987e+00 7.137717284304535781e+00 -3.754727420545132190e+02 -3.770021112867703437e+02 -3.821944715056303039e+02 -2.404997099919105494e+03
1.110358752853798237e+01 1.233987386935615405e+01 1.041401946279120239e+01 1.165415599111358880e+01 1.602489148732020530e+00 2.003270293187187079e+00 -4.123916801811218420e+02 -4.137407327691742580e+02 -4.157926544002893934e+02 -4.716550019735621504e+02
4.857406260570181900e+01 4.852432529516477189e+01 5.545173562744098206e+01 5.534835225024882277e+01 1.150659022340018112e+01 1.178728506728970871e+01 -3.857058118485979890e+02 -3.924639296445753303e+02 -5.529696877308308558e+02 -1.549610411193035361e+03
3.365742975564624118e+01 3.516851612184623121e+01 3.449070969699739209e+01 3.601059308024268546e+01 2.586691291997317066e+00 1.004371343055355137e+00 -3.944504957465271673e+02 -3.962749368924978057e+02 -4.127343628254749319e+02 -9.413246475766108006e+02
7.782267571070041079e+00 8.283815125793376311e+00 8.393105475067924814e+00 8.834935748085245066e+00 8.816164219228613819e-01 1.108263846420277643e+00 -3.865897872698326978e+02 -3.873921249337240624e+02 -3.886463707444407873e+02 -4.135404288314459791e+02
4.605563742107366210e+01 4.707493202447918890e+01 4.977979183683227404e+01 5.081092523769244451e+01 6.576968277342991165e+00 5.819197468414077257e+00 -3.847793910270582387e+02 -3.873047793536181302e+02 -3.999088032195724054e+02 -1.436426304031627069e+03
3.316657375913494121e+01 3.270943400582967087e+01 3.097570101285801059e+01 3.045142062243485626e+01 8.975440387785694085e+00 9.086843223271602099e+00 -3.912530635970366575e+02 -3.950635611868997330e+02 -3.969685147982578428e+02 -9.363894865623631176e+02
8.822484992835160256e+01 8.788878992551013880e+01 8.840748032524537336e+01 8.794292008781044956e+01 6.664721736132058538e+00 8.067707296747547829e+00 -3.610735502229442773e+02 -3.660643173561601316e+02 -3.707929915877001008e+02 -4.242288971232494987e+03
3.918657638060186343e+01 3.892023866968700929e+01 4.021633648161630248e+01 3.993127636187382734e+01 4.470427316416069274e+00 4.687369290194207672e+00 -3.757823185253536167e+02 -3.762396503521914042e+02 -3.799151723170720629e+02 -1.135833928626540001e+03
5.784180379482332057e+01 5.941621449773440844e+01 5.905047402024155900e+01 6.061988356373065301e+01 2.834300968961955380e+00 2.062453310478087332e+00 -3.865076515414897358e+02 -3.870792845777718867e+02 -3.912037475305489238e+02 -2.045542210356182522e+03
6.351433757474792685e+01 6.428593614777845744e+01 7.079715030341523629e+01 7.164917064783483625e+01 1.276412877799538137e+01 1.179382301352285900e+01 -5.847994418198807125e+02 -5.912366542535019107e+02 -8.131750404667523071e+02 -2.397528816602741244e+03
1.809348584415993244e+01 1.672507294612025674e+01 1.835229397466570234e+01 1.701858721431965904e+01 1.326078791578577665e+00 1.163659530741682158e+00 -3.569327218585460173e+02 -3.586077350999309488e+02 -3.609134871473661406e+02 -5.168566711959280155e+02
6.260825150659956506e+01 6.140249952423710056e+01 6.222808656196534116e+01 6.103914145338797681e+01 2.466455504754466510e+00 9.947873433857113978e-01 -3.872397918182736589e+02 -3.909015282308284895e+02 -3.925215862326322167e+02 -2.328297228824705144e+03
3.776859452126205241e+01 3.650809269175875471e+01 3.655371808705161385e+01 3.529592995902884667e+01 5.914465968520561390e+00 5.625848910831259708e+00 -3.842756431922622937e+02 -3.857327215645422598e+02 -3.884818745908935966e+02 -1.090325171243127215e+03
8.358662322755225205e+01 8.436916508096896905e+01 7.797850231770966900e+01 7.881618367117651758e+01 1.229482951932559409e+01 1.229479335775183380e+01 -5.753876078146777218e+02 -5.775223260555924298e+02 -7.903532476817946417e+02 -3.866288577100357998e+03
5.434760536383687679e+01 5.482888917330097911e+01 5.521569356204950196e+01 5.568531562833781123e+01 1.853858328587581372e+00 1.974021012381237394e+00 -4.154963599482099426e+02 -4.184630840876465641e+02 -4.206978852538558726e+02 -1.878302794817946506e+03
1.183110269539634487e+02 1.186814488625390851e+02 1.178690381327518537e+02 1.182321306136776968e+02 -2.518861580847741588e-01 8.982018470656815134e-01 -4.075237815424414407e+02 -4.096683396165458362e+02 -8.894503539464067217e+02 -7.398280864736756484e+03
1.570212685807607400e+01 1.666414520820399048e+01 1.561824667702688707e+01 1.660592461224807082e+01 1.225459984076661568e+00 5.396123528007205072e-01 -4.054286194923302560e+02 -4.068093507016730541e+02 -4.091591729160044224e+02 -5.288043402771386354e+02
1.062138562746776387e+02 1.056370890933413023e+02 9.904232837741201934e+01 9.853648648040864089e+01 1.512636576522024612e+01 1.435417783476282061e+01 -5.220681088798056635e+02 -5.275482181336061558e+02 -5.585142603845725944e+02 -6.032864383633039324e+03
3.614703094867765287e+01 3.633978260370111713e+01 3.585674813247015891e+01 3.605922803828890011e+01 1.106313398199082254e+00 6.494192397113912607e-01 -4.217006079167043140e+02 -4.224097133767090213e+02 -4.245313438734293641e+02 -1.069254040601423640e+03
