# SNRtot_MF, SNRtot_opt, SNR220_MF, SNR220_opt, SNR221_MF,		     SNR221_opt, evidence220_221, evidence220, evidence221, nofilter
1.974556163775578455e+02 1.975809260305153430e+02 1.287455668809641338e+02 1.289584267993952551e+02 7.565133489244621501e+01 7.561574332355692718e+01 -5.432260150164364632e+02 -6.402060243487565003e+02 -5.869946941091217241e+02 -1.987400844010372020e+04
1.402037178359535119e+02 1.418396964605353219e+02 6.496057621679648264e+01 6.620106044817089241e+01 9.294737707353742451e+01 9.453332925695067956e+01 -4.702820806621899123e+02 -7.340196258415195416e+02 -5.158973573411566349e+02 -1.026238999620346840e+04
3.402091446122166758e+02 3.414170081987552976e+02 2.853413870356345114e+02 2.867606959876914061e+02 7.161795834902838465e+01 7.169304442130022892e+01 -4.255082387683014531e+02 -5.092550484470048673e+02 -2.305407450224364311e+03 -5.825380847628577612e+04
2.030615649434859336e+02 2.030526487406804392e+02 1.827658716289092240e+02 1.825001667185323413e+02 4.216852180177243525e+01 4.324789755153557280e+01 -4.143181116861441069e+02 -4.414422453524432512e+02 -4.438737229044351125e+02 -2.100189533090342957e+04
4.176324561782290061e+02 4.174453708785422350e+02 4.378097447929912391e+02 4.377291495540006849e+02 9.385092460604911935e+01 9.339243988345619130e+01 -1.136468437537392219e+03 -1.337111314762337315e+03 -1.353776644518701914e+03 -8.758622442873046384e+04
3.038174088568085836e+02 3.042914868141811553e+02 3.292671323049798389e+02 3.297267701186025306e+02 4.590692990320749090e+01 4.574742353910980341e+01 -5.774630743068358925e+02 -6.602690977817140947e+02 -6.626452886314644957e+02 -4.653289974750708643e+04
5.173413190323178696e+02 5.180783047381145252e+02 5.556248135926323357e+02 5.563220801142249456e+02 9.671203529270347587e+01 9.664903977174026295e+01 -9.076386487636067386e+02 -1.097077851114931264e+03 -1.097210731005843854e+03 -1.341851507502641762e+05
3.526762359400007085e+02 3.526692728712410485e+02 3.617280814536979392e+02 3.617039556946928087e+02 2.793181784597593520e+01 2.815454289934674748e+01 -7.493706786354182441e+02 -7.537152559866965476e+02 -7.580775764817051368e+02 -6.256286824066541158e+04
3.492345180066571970e+02 3.475983132175908281e+02 3.124006201616490443e+02 3.106496916833725095e+02 4.442951536811134616e+01 4.386374902636903528e+01 -4.959596627383134546e+02 -5.291040922964591573e+02 -2.732284186228392628e+03 -6.135453747634649335e+04
4.299638832146422942e+02 4.295581243419367183e+02 4.368292379606797908e+02 4.363738992223184709e+02 3.493378423514057829e+01 3.561884079197050568e+01 -7.403065038685908803e+02 -7.865058743247320763e+02 -8.421326807747593648e+02 -9.281255953923922789e+04
8.781784438849408048e+01 8.780103931062643596e+01 6.915215696201094886e+01 6.937421357055947624e+01 7.113233251093824094e+01 7.089422417297981838e+01 -9.975148349445699978e+02 -1.062486910607498203e+03 -1.061354195752650867e+03 -4.264668730944857089e+03
1.575747558697559327e+02 1.572062491134738309e+02 1.453139911994829561e+02 1.448168317922022652e+02 7.478544099970747538e+01 7.497304822208332098e+01 -4.231842962319549315e+02 -5.445464485589834567e+02 -5.461479972659810755e+02 -1.282134821438296422e+04
6.116947923618398590e+02 6.130526118341100528e+02 6.050905002374133801e+02 6.064635808345975647e+02 3.271174957858678312e+01 3.270231288003736125e+01 -4.440948117993279993e+03 -4.454882971720608111e+03 -4.526268384207524832e+03 -1.874741168333891837e+05
1.951025652136355575e+02 1.934878318051159454e+02 1.787327396381285780e+02 1.773132255203973671e+02 3.650351677483835999e+01 3.475612280904024942e+01 -2.738981616395411947e+03 -2.767208136919646222e+03 -2.769250393068206904e+03 -1.942242633314923660e+04
6.451215624490114351e+02 6.451945570090363162e+02 5.787416132879258157e+02 5.789065339382140110e+02 1.529227822785186106e+02 1.526057696956371785e+02 -8.330947593545387235e+02 -1.358152343389215275e+03 -1.369613099613408167e+03 -2.084501255138391280e+05
1.098528473006567907e+02 1.103565007684421460e+02 9.810128811454710274e+01 9.798299265807770553e+01 5.137568344909763596e+01 5.265147630175079030e+01 -4.735153830181639023e+02 -5.289587691164091439e+02 -5.317068529608989138e+02 -6.445471898422272716e+03
8.408438227346988469e+01 8.463202445556325415e+01 6.442910053703056406e+01 6.522923997539992058e+01 7.835348416758661472e+01 7.827882258354040346e+01 -1.065590506795970668e+03 -1.277755067347423392e+03 -1.155676927393771166e+03 -3.946849252184748821e+03
2.806160784869594522e+02 2.801411631069051964e+02 2.904385913067853267e+02 2.899233823866828175e+02 2.178752627835216416e+01 2.251279240751972921e+01 -5.091486932522534516e+02 -5.189317255726017493e+02 -5.212547962477909778e+02 -3.976148023848742014e+04
1.138185429462893978e+02 1.134172454078622678e+02 1.141260543960623011e+02 1.137205422081501069e+02 2.753727180360321380e-01 9.250630271323989628e-01 -5.826976328375573075e+02 -5.848626813164363512e+02 -1.020104711974082875e+03 -6.873736524208130504e+03
2.173566790510480757e+02 2.168199395378319423e+02 2.677410940918825872e+02 2.672495425522536721e+02 9.163894789353311410e+01 9.180224559074245860e+01 -4.450894193066278604e+02 -7.230102491284610551e+02 -1.807400571424237114e+03 -2.401700951760897442e+04
4.161476793842671213e+02 4.171844809015674400e+02 4.434246077163294331e+02 4.444301147253498243e+02 3.483430797883514884e+01 3.441765870274878125e+01 -5.393187486392323535e+02 -5.724451874642323901e+02 -5.727916326111072749e+02 -8.699204204791068332e+04
6.069409263978301396e+02 6.062999029699235507e+02 5.039153413605463356e+02 5.033536651698744322e+02 1.417643716405320902e+02 1.410131603873628592e+02 -5.152690177361170072e+02 -8.041337415061476577e+02 -8.459697430012265613e+02 -1.845709110065053974e+05
1.902082607128919278e+02 1.891947048523707338e+02 1.888032252277945418e+02 1.884338494446655545e+02 9.445926799057419032e+01 9.314784199769847817e+01 -9.497102824394385152e+02 -1.128099696095443505e+03 -1.129153453533734591e+03 -1.845195099351559475e+04
7.418263644216084458e+02 7.421463905044760168e+02 7.145037509453554776e+02 7.148398314589605889e+02 4.513152465383179646e+01 4.507078607630050726e+01 -2.544742969950511451e+03 -2.577211750501496681e+03 -2.589786073730512726e+03 -2.755642127086689579e+05
2.444218779001263897e+02 2.449798447014420333e+02 2.801398499170664422e+02 2.807620435108650554e+02 5.037834939464157458e+01 4.961245861682512270e+01 -4.589416832418968966e+02 -5.223348111583081845e+02 -5.303295006566531811e+02 -3.028821538061178944e+04
9.558750193173474941e+01 9.459975839301850442e+01 9.633028466713567184e+01 9.517235923841371914e+01 3.109928010561916878e+01 3.162923894484480414e+01 -7.809828502198887463e+02 -7.973267986724451930e+02 -9.894396872139058132e+02 -4.972412711681458859e+03
5.303387806897433876e+01 5.280159495404174663e+01 9.321863983921174679e+01 9.240681703047810913e+01 6.618477352592078944e+01 6.711971555127171030e+01 -4.883879219937062999e+02 -7.742689798504827650e+02 -8.237931353170455395e+02 -1.810107575042561848e+03
3.773225551365047181e+02 3.777484458098164737e+02 3.553503096820465430e+02 3.557536038441219830e+02 4.335311414904010974e+01 4.375096114270935033e+01 -6.095647122846829916e+03 -6.113643042335400423e+03 -8.281531314906644184e+03 -7.159699354944554216e+04
2.575539853867889519e+02 2.573463485401831008e+02 3.158404260823016898e+02 3.160285337155236789e+02 1.323131919517045390e+02 1.314544767018595905e+02 -7.958952628567468537e+02 -1.291046670635163082e+03 -1.304726053026446380e+03 -3.356400249801338941e+04
2.165684414226592764e+02 2.160606144519330485e+02 1.824666093629388683e+02 1.819483887525159673e+02 4.112384167568015414e+01 4.074509666068796321e+01 -1.081133170059937584e+03 -1.121422808146670832e+03 -1.126753527941083803e+03 -2.384428910166526475e+04
4.578675998295789640e+01 4.481887769932801291e+01 4.552662235800662671e+01 4.455424634991763355e+01 5.044022591818394519e-01 3.398819231538520724e-01 -3.869828955382133131e+02 -3.880408777020986122e+02 -3.907133626353173099e+02 -1.429292304917152933e+03
5.352352432495837320e+02 5.361665801219535297e+02 6.133551161257685180e+02 6.142506744009218664e+02 9.640350268332581152e+01 9.587420946713996273e+01 -8.349941906979962596e+02 -1.227104223950436335e+03 -1.343162224879674113e+03 -1.436209666665726982e+05
2.521026335661532300e+02 2.523683005047097936e+02 2.748642470731065828e+02 2.753882533352401083e+02 9.868876921571035155e+01 9.789960097897302660e+01 -4.674304407417258744e+02 -7.215133958680237356e+02 -7.364295515744214526e+02 -3.217601923218625961e+04
4.240119257410883620e+02 4.246093514422956332e+02 5.364151881772866091e+02 5.370160004042380706e+02 2.058350572187837315e+02 2.054994200692313200e+02 -1.417855149537806483e+03 -2.446678182206182555e+03 -8.561872419669480223e+03 -9.027810739246924641e+04
1.408708633021120704e+02 1.416175247041802550e+02 1.373789640368674156e+02 1.373834202969135561e+02 1.026708214341167462e+02 1.036847422963178360e+02 -1.374368072584010633e+03 -1.573855652964188948e+03 -1.629597569053945335e+03 -1.031587000631547926e+04
5.725091554178960678e+02 5.710545252903408482e+02 5.926732854539425261e+02 5.911899265830950299e+02 2.136487987206344741e+01 2.334688733714694919e+01 -4.698067384880377517e+02 -4.736634734433753806e+02 -7.926630931066144512e+03 -1.642870728606463526e+05
2.568830292610840615e+02 2.552887601190809619e+02 2.552080920147416236e+02 2.536106856818416588e+02 3.111504661127426630e+00 2.291067334647962639e+00 -6.954189500633632406e+02 -6.984966597427049919e+02 -7.180234169785667291e+02 -3.338504597833963635e+04
5.636112055569803942e+02 5.642045089023197306e+02 5.255468218249171741e+02 5.261568542900006378e+02 8.998851522547916204e+01 9.014129381519408923e+01 -3.453176155280358671e+03 -3.667923427739504405e+03 -3.704756872313129861e+03 -1.592014745408665622e+05
2.204968703116425104e+02 2.215235966298401138e+02 1.657006787474119278e+02 1.668130554968893193e+02 6.078068000712661245e+01 6.146215855108010118e+01 -7.451055531473970177e+02 -7.964145498316391922e+02 -7.985566810257407724e+02 -2.469236624263351405e+04
1.727895173913328790e+02 1.727529426803280899e+02 5.431990548012184661e+01 5.360190487573618867e+01 1.235605843404006805e+02 1.238203784997546819e+02 -5.487407295218187073e+02 -1.256139087228278868e+03 -5.876868322917061960e+02 -1.529982556000684417e+04
2.900231432424594686e+02 2.897331998794558672e+02 2.027726969176524960e+02 2.026101272668644526e+02 1.018034763806678029e+02 1.012993471622521469e+02 -1.869474865704689591e+03 -2.025850533705126509e+03 -1.991963308734725615e+03 -4.243184857239812118e+04
1.635132905080380965e+02 1.634066932556364975e+02 1.321174952149979447e+02 1.321146025757212499e+02 3.539304962678522060e+01 3.490496593495738153e+01 -6.395300712932524902e+02 -6.493639078225296544e+02 -9.886427656957938552e+02 -1.376090633987276851e+04
1.453319969281346289e+02 1.461563970600287234e+02 1.502493995096471622e+02 1.510298769629501692e+02 3.511508587883243848e+01 3.518942466934475988e+01 -3.860628113403613497e+02 -4.461888964382703193e+02 -4.499054706344470560e+02 -1.093798033097837106e+04
1.666729872993524566e+02 1.670261259212213076e+02 1.667945967859782570e+02 1.666051274429822513e+02 1.338901694337353661e+02 1.345630875541957607e+02 -6.548604192278362461e+02 -1.022860403287972986e+03 -1.024534800223691946e+03 -1.427406401797676335e+04
9.343596376814041093e+01 9.304725482987625185e+01 4.088968117334528785e+01 3.985286741641717612e+01 1.025894695484630432e+02 1.026396616620538111e+02 -4.431530354458768102e+02 -8.252384952188280067e+02 -4.993235634021531268e+02 -4.766242599702381995e+03
4.004666372853182565e+02 3.988874130576375023e+02 3.867632293134692532e+02 3.851733834679124584e+02 1.762609374720096511e+01 1.656568719185689531e+01 -1.727475810863790457e+03 -1.737470581741011983e+03 -1.737889631653343031e+03 -8.056315906877812813e+04
1.807624179155741615e+02 1.808810228145026713e+02 1.489961724319439895e+02 1.500789906900320148e+02 1.331674029472152370e+02 1.320996110382386632e+02 -4.340861790750967657e+02 -7.274040080802316197e+02 -1.168330377166435710e+03 -1.672007953125757558e+04
2.858953855357414682e+02 2.861575232855533955e+02 1.478833838765376072e+02 1.481600862274213739e+02 1.500501910018823821e+02 1.502765499719672277e+02 -4.522784917791859129e+02 -1.122779579462916445e+03 -5.837978299386260232e+02 -4.127967658276485599e+04
1.205817304544182491e+02 1.182153978945869852e+02 1.198950071186757924e+02 1.175262949641867891e+02 2.342802660718064978e+00 1.025801470706161789e+00 -4.165102854856614272e+02 -4.160304101424853798e+02 -4.205907985826246431e+02 -7.656256899695632455e+03
2.954083821283543898e+02 2.952657481927215031e+02 2.854489615890140612e+02 2.853031047469065697e+02 1.197558330490312350e+01 1.193355847034258943e+01 -4.705929040835769115e+02 -4.717257191410868131e+02 -4.744778068307801391e+02 -4.403879991469738889e+04
1.236894253019478498e+02 1.229322726569567124e+02 1.820536432493329073e+02 1.817059825100598118e+02 9.639370393795218206e+01 9.608244563275134453e+01 -4.802069271894259828e+02 -9.412669279888251594e+02 -9.555550433959326710e+02 -8.052436841134922361e+03
2.405876652946734282e+02 2.406959666937015641e+02 1.777200925268791991e+02 1.776182236533546757e+02 7.291756063564727697e+01 7.351824794159936971e+01 -8.153786251640428873e+02 -8.962507028352360976e+02 -1.394397758977948570e+03 -2.932146315439924729e+04
5.403922120137518732e+02 5.406282212375651852e+02 5.351299447530873294e+02 5.354543750687688544e+02 2.483698635949084732e+01 2.281534788607126885e+01 -6.001665602004279663e+02 -6.245069840815604039e+02 -7.047312805175894255e+02 -1.463699032944708597e+05
1.754047405304044105e+02 1.756519177125443889e+02 5.954050387239966113e+01 5.990075845178971292e+01 1.235247599659225415e+02 1.237012950903166058e+02 -2.508781236179950156e+03 -3.081821524226341808e+03 -2.550308027909767134e+03 -1.577898254970306698e+04
1.349463416713555262e+02 1.343335018478308598e+02 1.288700410766121252e+02 1.282158177950911977e+02 7.299038302979984572e+00 7.506440661192447905e+00 -4.491972408708393232e+02 -4.530226071161010850e+02 -4.555898545221766653e+02 -9.472234169440736878e+03
3.378420092347528794e+02 3.387953918170476300e+02 3.339809986880549673e+02 3.351308255626365167e+02 1.103817191834963864e+02 1.098140248081980417e+02 -8.899099582105528725e+02 -9.269285984298870744e+02 -9.576750739556912322e+02 -5.746971069754389464e+04
3.329020635946760649e+02 3.342133610508801667e+02 3.326397971337126478e+02 3.338879422433237778e+02 2.269849714991148915e+01 2.360967153350023651e+01 -6.960052350446102309e+02 -7.031664059055049165e+02 -7.229912251111546766e+02 -5.579875384358994052e+04
3.157053599241954203e+02 3.145802106427152012e+02 2.398670851653522789e+02 2.393572104699796625e+02 1.677605229991663407e+02 1.663665679755035285e+02 -1.159252753392450131e+03 -1.540162896505651588e+03 -1.725591115413048783e+03 -5.021753642915686942e+04
8.091655590949447969e+02 8.099591308374109531e+02 8.389913983116928193e+02 8.398437666827152270e+02 6.417042456507051895e+01 6.301036810558254331e+01 -2.430267422745637668e+04 -2.444093595789892424e+04 -2.455571341437720548e+04 -3.277676638950667693e+05
1.210530807981148911e+02 1.221487020847925749e+02 1.710535824632990227e+02 1.718794103384298637e+02 7.090919808772889610e+01 7.079458352726261694e+01 -4.081944887933025825e+02 -6.430121619337845686e+02 -6.755381350730558552e+02 -7.726822667102294872e+03
7.604363981815776015e+02 7.601010768956275570e+02 7.624982329479181544e+02 7.621593650410513874e+02 1.057780839280891172e+00 2.445398507190538862e+00 -9.305178408116302307e+03 -9.294570101223214806e+03 -3.187092903564942389e+04 -2.895258748487861594e+05
2.751372606794653279e+02 2.741512678255182323e+02 2.287178417317258265e+02 2.276380699841873820e+02 5.268140317637710268e+01 5.221189262792658070e+01 -6.687421823433033978e+02 -7.089920163505811388e+02 -7.169236076883336182e+02 -3.821417742951064429e+04
6.760177863279621988e+02 6.764032198635807163e+02 5.775071332401462314e+02 5.778899878473689569e+02 1.201189950392839307e+02 1.204466143785582801e+02 -2.466959741272087740e+03 -2.665829920985362605e+03 -4.853096617354089176e+03 -2.289133895414203289e+05
3.280921162520353960e+02 3.280190995852694869e+02 3.387277588750486643e+02 3.386734050845363981e+02 1.521874684979586689e+01 1.484538654983498773e+01 -1.033340739998155868e+03 -1.052347386777181327e+03 -1.062865521750526568e+03 -5.423152281742478226e+04
4.386464310977849550e+02 4.389094426651582239e+02 5.456003997725509862e+02 5.459103001155674519e+02 1.281860959981048040e+02 1.277654853090630951e+02 -1.036575146719736040e+03 -1.737642770364061789e+03 -1.940679909768853349e+03 -9.662130104464809119e+04
2.918482516488135161e+02 2.928679529874087848e+02 1.847499807981757840e+02 1.857966074471167701e+02 1.167096259465338051e+02 1.175955283656462314e+02 -9.670304919975633311e+02 -1.271186662265299674e+03 -1.113471497845293015e+03 -4.297904142485047487e+04
5.860508491576487131e+02 5.869480647883111715e+02 5.499400132951404885e+02 5.507481868317461249e+02 4.637134355593666868e+01 4.806727630782307159e+01 -1.512610817779835770e+03 -1.525381822633870570e+03 -1.525441497334590622e+03 -1.721263741471107642e+05
2.371634128370173755e+01 2.341335215066362707e+01 2.771382618059883640e+01 2.748735782698205199e+01 5.907423721488870072e+00 5.756467497436417169e+00 -3.822322739841415000e+02 -3.911224382740867327e+02 -3.985731148744641814e+02 -6.598971849227129951e+02
2.811399773595543934e+02 2.817551531330493617e+02 1.558701196954964985e+02 1.562208667136181077e+02 1.391512504867811799e+02 1.399979410893306806e+02 -6.440874911573601821e+03 -6.984761325718693115e+03 -6.617104662338640082e+03 -3.990463578544262418e+04
3.608411750004873397e+02 3.612632516058429246e+02 3.971000078000477060e+02 3.976393604067553156e+02 8.874090084161819902e+01 8.803679686584717956e+01 -2.369858752930029823e+03 -2.507443813950354524e+03 -7.183818957554559347e+03 -6.546863597974431468e+04
5.462649446173718388e+02 5.475441088306275788e+02 4.861191013714350220e+02 4.872892174985306042e+02 8.906418525424234645e+01 9.050296526394399166e+01 -8.888647376073988653e+02 -1.076945496931177559e+03 -6.182830187791153548e+03 -1.496276321006422222e+05
1.374911566146515440e+02 1.364371708740430051e+02 9.451139849268105309e+01 9.396250248630083490e+01 7.313685852867935466e+01 7.185331028489889604e+01 -3.845202591417317990e+02 -4.556063427129284946e+02 -4.486380432713856976e+02 -9.823607750712004417e+03
1.715681345887067550e+02 1.726319997273088518e+02 1.721519643633538692e+02 1.732281381938640266e+02 6.285508287111422732e+00 5.809302641456031147e+00 -4.227076317452340390e+02 -4.244546021739813568e+02 -4.289187612192575330e+02 -1.510546544776118753e+04
2.267694468069039999e+02 2.277800660858850392e+02 2.236190025178871394e+02 2.246303030207680251e+02 5.410797190662544942e+00 5.922442161461453303e+00 -9.724673625298257775e+02 -9.796689137108018031e+02 -9.912899590978624929e+02 -2.610450375169794643e+04
2.308472356321293972e+01 2.442313840518507106e+01 2.641111004804619000e+01 2.777578899007583146e+01 5.252438324990444052e+00 3.922476731607638989e+00 -4.031066625028918793e+02 -4.037662395060149265e+02 -4.060962572211113866e+02 -6.649259761233296331e+02
1.682075858843797107e+02 1.680813532463486979e+02 9.598308734581375745e+01 9.681540948008952796e+01 1.084235356786436029e+02 1.074763603130389100e+02 -3.922106340727449947e+02 -6.390366384823186081e+02 -4.759888653293083962e+02 -1.452735938298768269e+04
3.662229222715448600e+02 3.656584915767527946e+02 3.041215169653480075e+02 3.035151387467749942e+02 7.685153337279376728e+01 7.655968384846278241e+01 -5.793566270980820264e+03 -5.880137511391346379e+03 -5.883311721871373265e+03 -6.743521058055595495e+04
2.648167944663620119e+02 2.644513802902312705e+02 3.315644378228236064e+02 3.310177169686061802e+02 8.032676784751691912e+01 8.136335253945058810e+01 -4.446983341569319919e+02 -6.437647633850205011e+02 -1.026438387906227945e+03 -3.541787950789369643e+04
3.351153845106810536e+02 3.353269151778978312e+02 3.208678763163875942e+02 3.211079155980455084e+02 1.632594267665268362e+01 1.594034324526365509e+01 -4.043674900896723443e+02 -4.134778627379915292e+02 -4.143819567000233519e+02 -5.653534660834712122e+04
1.899136381962802886e+02 1.898703209746390428e+02 9.846948548288445124e+01 9.941621103366303203e+01 1.376854644956946743e+02 1.369380864317039368e+02 -1.094719733775068107e+03 -1.657111614046665181e+03 -1.223580754270114994e+03 -1.841539681555083371e+04
4.650003072895063383e+02 4.648995034288752208e+02 4.715740173320258464e+02 4.715484789412803366e+02 5.199811401674125477e+01 5.131959985176260375e+01 -6.333704822025545127e+02 -7.028845180102510994e+02 -7.602697150336609866e+02 -1.085025080084874789e+05
3.576261340165174829e+02 3.576981659806593825e+02 3.560723223498347920e+02 3.564453207222477999e+02 8.885845172220281540e+01 8.763533986824916155e+01 -1.570531386367860932e+03 -1.726802240823732518e+03 -3.818026023969223388e+03 -6.433885869879140955e+04
7.402085830702391434e+01 7.209774217382097561e+01 1.333611606261826523e+02 1.313367694631757843e+02 9.795182574158855004e+01 9.923389438482624314e+01 -5.754332324136555599e+02 -1.272904230862103077e+03 -1.401357978077505550e+03 -3.135897467399424386e+03
6.702659965515394447e+01 6.750093546399334343e+01 1.353274068505950822e+02 1.357003286383081502e+02 1.188268598292320632e+02 1.186702283084770215e+02 -4.250820301337787441e+02 -1.488572459058598724e+03 -1.554390563938145988e+03 -2.636483579648733212e+03
3.181743350343907082e+02 3.195920085256896641e+02 3.481063392597795882e+02 3.495622540112137813e+02 7.269348613288909178e+01 7.191681486699691561e+01 -5.356834507191499597e+02 -6.784399104356997441e+02 -8.081474071608321310e+02 -5.101610726496025745e+04
2.522406974400080912e+02 2.548118235181318880e+02 2.124345397865025973e+02 2.146465082002179940e+02 6.591446172151326266e+01 6.854572751652732165e+01 -3.860058252934720258e+03 -3.908361657702802859e+03 -3.911182154618925779e+03 -3.219624678151215267e+04
1.721476306716226929e+02 1.724532338522036810e+02 1.585429330607016993e+02 1.589579147449623520e+02 9.760961917724648629e+01 9.747355800648425372e+01 -5.574549295274629230e+02 -8.404863279185716465e+02 -8.431018955710648015e+02 -1.520860646865507078e+04
2.056989578563517114e+02 2.061921267401945954e+02 2.597218946652953377e+02 2.605062839144068221e+02 8.399864537633533246e+01 8.275827653683789720e+01 -6.170104702126789107e+02 -7.667911410871595308e+02 -7.674336818035505985e+02 -2.152397716984363433e+04
4.046921852538422399e+02 4.049776038843387482e+02 3.768293246143010151e+02 3.770627521576959680e+02 4.238611312291388344e+01 4.302690568518271164e+01 -1.431237551711755259e+03 -1.428531094815465394e+03 -4.354986297781634676e+03 -8.226481493196655356e+04
1.104717788398094456e+02 1.130093119983875738e+02 1.707226465702647715e+02 1.732887961493295279e+02 9.137531687389372337e+01 8.961307293220126269e+01 -3.805528972468255233e+02 -7.335865985318127969e+02 -7.344314583043144467e+02 -6.465690938949581323e+03
3.836355045153499077e+02 3.817476052733629786e+02 3.956038487032412263e+02 3.938159848086635861e+02 3.513992404747170184e+01 3.466065923703069274e+01 -1.033859276927481687e+03 -1.057756273409515188e+03 -1.058582560799376324e+03 -7.396624793315291754e+04
4.955194855355127856e+02 4.957321672866954714e+02 5.089040354301046136e+02 5.090610210721870885e+02 3.358169737250640452e+01 3.432511553173981866e+01 -1.630616088022924714e+03 -1.661570337432062615e+03 -1.731036389422051343e+03 -1.231739292798197566e+05
3.541147352286991463e+02 3.538086439919769077e+02 3.375107298310520605e+02 3.375420361581237785e+02 6.271210838722562642e+01 6.075566656870829263e+01 -2.063234752127896172e+03 -2.090126066920657195e+03 -2.100818327831945680e+03 -6.309696839203329000e+04
1.961858754304537342e+02 1.953784405684868375e+02 1.076018718164190062e+02 1.067178709975934083e+02 9.940832775158919787e+01 9.876623912486358847e+01 -5.166448965105246316e+02 -7.911355816246847326e+02 -5.998382242908429589e+02 -1.964688091536103457e+04
3.203192952597926819e+02 3.209831644266767512e+02 3.242217014184853952e+02 3.250065559089983367e+02 3.717217133995234946e+01 3.600591780556444377e+01 -9.650728853365376381e+02 -1.019279190723815532e+03 -2.664977698340551797e+03 -5.170968892902263178e+04
3.474593468448645694e+02 3.463827503602281581e+02 3.323772430579429056e+02 3.313196492297761324e+02 2.263848373792543001e+01 2.159603131350013783e+01 -4.027915579581886618e+02 -4.136680006431032552e+02 -4.142211112786848162e+02 -6.074282642959744408e+04
9.769705520371607577e+01 9.706048447193010986e+01 1.602461316665268214e+02 1.597985505055541751e+02 8.515166925000217191e+01 8.526586450487677382e+01 -4.035313011315147946e+02 -7.806791998691639947e+02 -7.969798604391424988e+02 -5.173040091033736644e+03
3.263832789819676350e+02 3.294335208722973789e+02 2.369841686377684766e+02 2.403793876858895260e+02 1.493963977657023463e+02 1.506490525050368490e+02 -1.328243925093522193e+04 -1.343550700275897543e+04 -1.343977836310501334e+04 -5.362566361666593002e+04
4.681144530301385203e+02 4.675543818050180107e+02 5.639934606758940845e+02 5.638086763145835221e+02 1.502399125482880322e+02 1.491829504166677793e+02 -1.762764688427949523e+03 -2.567453537682677506e+03 -1.563752614583262221e+04 -1.099679917311635945e+05
1.574301370896589276e+02 1.576465960214405300e+02 9.441876903067441162e+01 9.439940255597076657e+01 7.072778047678092150e+01 7.123249670990492177e+01 -1.407903949321158052e+03 -1.571448709267157028e+03 -1.466809084447848363e+03 -1.279302729133200955e+04
1.456914042776408280e+02 1.451665468484355017e+02 1.210156126071081388e+02 1.221102385742307916e+02 1.523227027670615996e+02 1.509322993913318101e+02 -1.163008328356111406e+03 -1.703276707915644010e+03 -1.495118795707094478e+03 -1.099729325119011082e+04
5.362157948271448049e+02 5.343892290931173648e+02 5.079549392212945236e+02 5.060880398225209547e+02 3.661343986268249751e+01 3.573813976510155044e+01 -6.404715685867802677e+03 -6.388804271540746413e+03 -1.425546477279297687e+04 -1.441538148313219717e+05
9.709813290781333990e+02 9.700669418381487503e+02 8.644116720460870056e+02 8.633814308539980402e+02 1.632788948907202382e+02 1.632940471944641558e+02 -1.753351849254879926e+05 -1.757085994301536120e+05 -1.757741907119026000e+05 -4.717996620027283207e+05
4.364440259996617328e+02 4.355177606317755590e+02 3.999141678555823205e+02 3.990463561587700951e+02 4.305371585451266725e+01 4.168368527911658816e+01 -7.444990393343010737e+02 -7.640088308023470063e+02 -7.867452606466605403e+02 -9.565830419772709138e+04
1.868983506576057039e+02 1.859839316642654126e+02 5.444249182235411411e+01 5.581676276241831403e+01 2.321663503864882330e+02 2.310985175104439975e+02 -8.442836650875182386e+03 -1.062914121795475330e+04 -8.578791749664975214e+03 -1.787528229544967689e+04
9.375154934346571736e+02 9.407076513045998354e+02 9.433780464625411923e+02 9.465659747928434626e+02 1.778282902298578705e+01 1.691388899885421537e+01 -4.155958953874721260e+02 -4.198820999461283350e+02 -6.706530213475742812e+02 -4.398550059831218095e+05
1.968435475963072179e+02 1.987996619682068626e+02 2.095685175767750934e+02 2.110864870750136504e+02 1.127143788388957688e+02 1.133184466588568853e+02 -4.203538218020502768e+02 -7.291201263707947646e+02 -7.486679452498279943e+02 -1.977541182389744063e+04
2.946574761353590475e+02 2.956468403066571113e+02 2.249208466026410349e+02 2.260141394552748011e+02 7.906141532252128457e+01 7.963157543362036961e+01 -1.838082364253081096e+03 -1.995813618869096445e+03 -2.587671220598072978e+03 -4.379932261817494873e+04
2.154539776064104473e+01 2.159786074828938496e+01 1.915872228767430130e+01 1.934525496065698746e+01 3.603339578396472564e+00 2.679496773081963656e+00 -4.144792900785921574e+02 -4.149138320678706577e+02 -4.163203626000358781e+02 -6.328248078512143593e+02
5.699181600739036639e+02 5.701265886138620544e+02 5.686729876065436429e+02 5.687384914994499923e+02 1.638757884953357404e+02 1.643720775756988814e+02 -3.379802298466207139e+04 -3.452058812799852603e+04 -3.452860310914718139e+04 -1.627641553162006312e+05
2.984551740138879836e+02 2.983038596129637767e+02 2.904391361240334390e+02 2.903743289377100041e+02 5.255866037030435223e+01 5.205303516539307651e+01 -3.900150940606750964e+02 -4.595107136561649099e+02 -4.638220775095053909e+02 -4.489377463622181676e+04
2.867932356410622106e+02 2.874605363761171475e+02 2.995496441583194951e+02 3.000690572364174500e+02 2.418098681974298714e+01 2.558652488049597196e+01 -9.567827304927404839e+02 -9.909590755409452640e+02 -4.649383840167803100e+03 -4.149459834063124435e+04
1.733778362752949533e+02 1.748694209681761436e+02 2.312618482927566106e+02 2.327365694781393017e+02 7.040231027060082170e+01 6.921192291266621055e+01 -4.939587632853360333e+02 -6.692008366444391640e+02 -6.970983886603002020e+02 -1.539606260833320448e+04
4.471092779545365943e+02 4.477788103785687781e+02 5.292337944270208254e+02 5.304047834667464940e+02 1.343681351316242569e+02 1.319328372759223384e+02 -4.178695457466710081e+02 -6.479978509392111619e+02 -6.635554473427624771e+02 -1.003320618197197036e+05
3.588051894293835744e+02 3.586953937055906181e+02 3.940326654873652501e+02 3.939622248692764401e+02 4.514188861383195928e+01 4.488271808571425936e+01 -1.190869626924916702e+03 -1.250739462157944899e+03 -5.549192846702852876e+03 -6.475731343095910415e+04
1.888155416279215899e+02 1.896463844457716732e+02 1.041356570327974538e+02 1.049739910823086149e+02 1.311262247154912473e+02 1.316546002169624501e+02 -6.588670009297833303e+02 -1.047063666602201238e+03 -7.844811242412506544e+02 -1.820055605665104667e+04
3.380072435331453562e+02 3.387622395023390709e+02 3.178700957819512496e+02 3.190447778907217184e+02 7.788397557915187974e+01 7.632468894743651333e+01 -6.836550159102183670e+02 -7.832641749253748458e+02 -8.079147001946389537e+02 -5.753361761901108548e+04
1.722025871072764005e+02 1.729312571565022267e+02 4.675649891892321364e+01 4.731425525789302355e+01 1.289739757887547000e+02 1.297418084792257957e+02 -4.594860210429721405e+02 -1.276708078845383625e+03 -4.795699420175376417e+02 -1.522353268225690408e+04
2.124514117321203912e+02 2.112883565987765735e+02 2.633269411386654610e+02 2.621447058289273286e+02 8.581939499532299465e+01 8.656080125317599538e+01 -6.179483624752419928e+02 -8.136735670514890444e+02 -8.156408995212351556e+02 -2.294228791289974470e+04
4.729448204440319614e+02 4.741414914314784141e+02 4.087114626612863049e+02 4.100159915128732564e+02 1.063402051951601237e+02 1.066450826016645266e+02 -8.864367424400925302e+03 -8.981596956791263437e+03 -9.015940186391921088e+03 -1.122080404271951411e+05
1.071426913732685193e+02 1.085095686477462493e+02 1.060752573351632719e+02 1.074220371077287552e+02 1.202877400797498719e+00 2.603229212377531798e+00 -5.564382241603227612e+02 -5.575309315847191556e+02 -5.604212992013076473e+02 -6.100160719801160667e+03
8.489420333524450371e+02 8.500599711914522914e+02 8.605704836181919291e+02 8.616844461142043201e+02 1.430327721215060599e+01 1.359958289892639449e+01 -1.563508495054356445e+03 -1.566936323698758542e+03 -1.739534637904287820e+03 -3.607350289140894311e+05
9.177521075512696314e+01 9.053201103220411028e+01 6.327918203352466975e+01 6.285692495112287048e+01 1.015038945172338458e+02 1.006493676453378896e+02 -9.416767948437142195e+02 -1.132528127955938317e+03 -1.087249407475026146e+03 -4.630838753492346768e+03
3.496651013183807208e+02 3.500231845094639880e+02 3.517172956807001469e+02 3.520736506733771876e+02 2.195979343026304420e+01 2.195406399696596722e+01 -5.140002423168942869e+02 -5.330352902514106290e+02 -5.597720019612921760e+02 -6.150185522453893645e+04
2.216868124493384755e+02 2.199931631392623501e+02 2.275886064786400880e+02 2.259091184364019966e+02 3.017308617346688138e+01 3.039745998880303546e+01 -1.431964644236243657e+03 -1.459303237836372773e+03 -1.464277712317679288e+03 -2.499066639251579545e+04
3.237992380142302977e+02 3.228326683927899694e+02 2.984542914050460922e+02 2.973392425664877123e+02 4.708888017073135757e+01 4.749956867900873192e+01 -5.470717083093295514e+02 -5.987024826656620462e+02 -6.075892987501185871e+02 -5.281403675069133897e+04
2.560348921070918777e+02 2.564279333064555431e+02 2.579317202722810407e+02 2.582582001830077161e+02 2.271845735484058793e+01 2.342167886230709684e+01 -4.707270792086063125e+02 -4.815522189699569822e+02 -5.014364512387198261e+02 -3.316831101625443989e+04
3.930130488319906021e+02 3.922314887151722473e+02 3.195959919596024292e+02 3.187579239285358881e+02 8.911731964838884323e+01 8.867285825147955336e+01 -8.520849846861771084e+02 -9.477297789681956601e+02 -9.516995622717104197e+02 -7.764772495317089488e+04
1.929255211847130056e+02 1.944452553903015541e+02 4.849793049767920650e+01 5.037194328898561224e+01 1.596956404173012345e+02 1.609451804108022657e+02 -1.606886251601357571e+03 -2.820247384505327773e+03 -1.661420340585372287e+03 -1.899419121879190789e+04
6.049144195207237118e+01 6.231686852165289991e+01 7.411206044545401994e+01 7.586731459777746522e+01 1.806433016219504495e+01 1.691686257759663903e+01 -4.099362251095664647e+02 -4.198447011687771351e+02 -4.220657844724361780e+02 -2.215368424341575974e+03
2.593744607933762722e+02 2.592734034805328065e+02 1.810190631907977945e+02 1.809804308521513576e+02 8.778036374487940918e+01 8.756097633099466293e+01 -2.367129926381495352e+03 -2.483336124871510947e+03 -3.164197958598001151e+03 -3.399248306773624063e+04
1.067762924099231441e+02 1.080821694871420249e+02 1.676624829325233463e+02 1.686131986578295425e+02 1.049444532359446072e+02 1.047615503311262870e+02 -4.274490797892427167e+02 -8.729820098980154626e+02 -8.793761456429185728e+02 -6.120217151694661879e+03
1.379986545133295976e+02 1.374676793707004379e+02 4.529527141264083667e+01 4.431663735494825573e+01 1.007587360951565358e+02 1.004638823693780125e+02 -1.345320493711188192e+03 -1.837328239803988708e+03 -1.388625275464426295e+03 -9.910023321850208958e+03
5.354273337427870274e+02 5.354266543549471180e+02 5.231384512253943058e+02 5.231374589762806409e+02 3.349362804592138332e+01 3.349826471361438962e+01 -3.800849905497706800e+02 -4.053004397880503689e+02 -2.412371069587441980e+03 -1.437048842500734900e+05
7.376997131761962692e+02 7.401658476187749329e+02 7.603480656942994074e+02 7.628114265109613825e+02 2.904359498996396383e+01 2.705779821089706161e+01 -7.145785675575381902e+03 -7.214180271831324717e+03 -1.915053113508793467e+04 -2.725361783309489838e+05
2.971821201574239240e+02 2.968021945668674562e+02 3.447128202285494467e+02 3.442417998001365049e+02 8.729445843253225235e+01 8.785653580693191600e+01 -3.820257766969531531e+03 -4.060219716252267972e+03 -8.958976781931667574e+03 -4.453683358528719691e+04
4.539878800367271765e+02 4.552407127869947772e+02 4.143467009454524828e+02 4.154527677865483497e+02 6.861365170344781461e+01 7.019248097692539545e+01 -9.471759329745964351e+02 -1.025865161226195369e+03 -1.567290666697907000e+03 -1.034290686582305207e+05
6.832383527240126568e+02 6.825219638992300588e+02 5.963143251297179859e+02 5.954441372877673757e+02 2.090560742442675632e+02 2.091956428357862592e+02 -7.804504196585563705e+02 -1.632405308450887333e+03 -4.195980662635854969e+03 -2.337956717901897209e+05
2.773294952015903050e+02 2.771730101836257063e+02 3.114888055957654274e+02 3.112631637889895728e+02 5.696124476985444574e+01 5.742896276248671228e+01 -4.317022546490891273e+02 -5.185618801762553858e+02 -5.446999490107912152e+02 -3.886743171630720462e+04
3.271072207157354796e+02 3.264847239578958238e+02 2.629424095742192549e+02 2.621913056354838432e+02 7.143365249072621737e+01 7.134531087856788645e+01 -4.205133342930292315e+02 -4.698718797440429285e+02 -4.720670824399344383e+02 -5.389605188929319411e+04
3.795914001427602784e+02 3.793447393606353444e+02 3.297794451260273263e+02 3.296135481556668196e+02 7.796146183724289358e+01 7.745942374820013754e+01 -4.071129229673041436e+02 -5.327036638738633201e+02 -1.592612616147501512e+03 -7.242753769150459266e+04
7.251255340257024784e+01 7.185473153303787797e+01 6.113202234602963614e+01 6.049659879675981955e+01 1.369991874276077048e+01 1.302209782445656749e+01 -3.910273486188247603e+02 -3.975022377988162248e+02 -4.114433291680087450e+02 -3.017255951764574547e+03
5.517410246937594138e+02 5.507799129364664168e+02 4.776067970930267848e+02 4.766859766569847920e+02 8.743659452246666319e+01 8.638995828231071528e+01 -4.036358143986249729e+02 -5.403451228713934142e+02 -5.411556644408948387e+02 -1.525934968434823386e+05
4.490640032436163551e+02 4.486432295213298289e+02 4.080747534786470965e+02 4.077222609709521635e+02 5.178081123273383213e+01 5.089550236739737699e+01 -2.612310118815186797e+03 -2.638460075618637347e+03 -2.661856362590670869e+03 -1.012209971278258454e+05
1.374388063587641398e+02 1.383287545761193371e+02 9.597067463978056878e+01 9.603174863083252433e+01 9.790787006307571971e+01 9.909102849994131645e+01 -7.750056639542769972e+02 -9.091027418324969176e+02 -9.037556743982343050e+02 -9.889749991850621882e+03
2.732462987427625194e+02 2.719920596946993214e+02 2.282179884399690195e+02 2.272081360666773264e+02 5.895136246304965510e+01 5.699148391776919453e+01 -1.311480576504338387e+03 -1.386462700312295738e+03 -1.387957446651083274e+03 -3.772663970391011389e+04
2.425786496202137812e+02 2.411574430922983652e+02 2.140094356812445255e+02 2.134383164590013564e+02 7.258658448084416648e+01 6.940472915523234576e+01 -1.491180992861766299e+03 -1.574139331973850176e+03 -1.576750348355177039e+03 -2.978917225909498666e+04
2.843390771475616248e+02 2.845762497429293489e+02 2.808566259903743685e+02 2.811001394844623746e+02 4.463897829376957560e+00 4.237841866693675463e+00 -1.071301746163357620e+03 -1.069960367682380593e+03 -4.221585740784400514e+03 -4.080369469199321611e+04
3.595305726949846985e+02 3.591120290152717303e+02 3.657989585219521018e+02 3.652848193518073572e+02 2.460949402002418651e+01 2.604919908403576656e+01 -3.986545758601166654e+02 -4.227409696411938285e+02 -4.576787678630818732e+02 -6.501850936942585395e+04
2.476761339674837075e+02 2.463668517874298800e+02 2.798058408019605281e+02 2.781183304478944933e+02 1.008942292764827755e+02 1.023284716830316086e+02 -7.150442459771304584e+02 -9.410159211178763599e+02 -1.064269786677911270e+03 -3.107919297985911180e+04
3.885121636348955008e+02 3.888367965144821028e+02 2.804455875265131226e+02 2.809933153964162784e+02 1.213675403897094469e+02 1.211390537017948787e+02 -1.569037647688862990e+03 -1.755982407159800005e+03 -1.716066836978930723e+03 -7.585440325881488388e+04
6.195421854485224458e+02 6.208481009548096381e+02 6.350736992322326842e+02 6.363932502235268203e+02 2.611950290312643475e+01 2.495844574452229736e+01 -6.089835918755956300e+03 -6.130408757683537260e+03 -9.599828441643450788e+03 -1.923055166671374172e+05
3.378226342205068136e+02 3.385164635053999973e+02 3.267912905419757408e+02 3.274991663238300248e+02 2.843772768102321535e+01 2.854436544762723571e+01 -1.668547158987904368e+03 -1.681709071847669975e+03 -1.685266553541087660e+03 -5.745959261937996052e+04
1.024461400769400143e+03 1.024720430500527527e+03 1.054153701717707918e+03 1.054416572534182478e+03 5.464576790151797070e+01 5.443003613710709487e+01 -1.452697652366717375e+04 -1.453801223476340783e+04 -6.896440947320568375e+04 -5.251818332947995514e+05
3.285946889508022650e+02 3.278425678642154821e+02 3.225989004615901194e+02 3.217603734470570203e+02 5.109490756723408822e+01 5.154552778528742607e+01 -3.859857983018673622e+02 -4.507020352613808427e+02 -4.616036536305294362e+02 -5.436341806369155529e+04
6.217217831460037480e+00 6.698603279470684235e+00 6.416268445591637892e+00 6.729263298461252596e+00 1.104831015443771491e+00 1.745540923544667722e+00 -3.909742196879980725e+02 -3.924280081592198712e+02 -3.924860472153870887e+02 -4.077900576674201716e+02
3.383960980608890168e+02 3.380541832665965671e+02 3.206105694575403504e+02 3.202445745836406559e+02 2.325103133379544929e+01 2.332058987280762352e+01 -9.518685626376187656e+02 -9.627932764819174736e+02 -9.681247474851342076e+02 -5.763291914747608826e+04
1.822492156521063293e+02 1.822048443577027115e+02 2.203086224069880359e+02 2.203412892047380751e+02 1.957190097084938998e+02 1.956408946029980598e+02 -3.548462837221581140e+03 -4.092973004380950442e+03 -4.105379565043294861e+03 -1.698490292626496739e+04
2.847205383778750729e+02 2.834389340383585818e+02 2.815094817984029874e+02 2.802401347260185389e+02 1.565394899583758281e+01 1.515684192637227490e+01 -5.541543735991440371e+02 -5.558394318644134273e+02 -5.630529615058879926e+02 -4.092442116351608274e+04
3.011553352444911980e+02 3.007919744298231990e+02 2.672673544756428328e+02 2.662987324262950892e+02 1.115219875210515283e+02 1.128393191759441834e+02 -1.623236327836664486e+03 -1.857796291477012346e+03 -2.620386058992492508e+03 -4.574750304624843557e+04
2.541801303924640365e+02 2.542583807035954351e+02 2.462805769399151927e+02 2.463421203244344326e+02 1.158185111285305702e+01 1.197719166478861830e+01 -6.752478908211322732e+02 -6.792814868486746036e+02 -6.807241951336333159e+02 -3.269016227026857450e+04
7.339869755323016989e+02 7.333864699369356686e+02 6.300613225514495070e+02 6.296089973395812649e+02 1.502605598904835631e+02 1.492176898675960501e+02 -3.781427526763317928e+03 -4.046695031670357821e+03 -4.048266813740081943e+03 -2.697379277669332805e+05
5.303232219647768488e+02 5.306326599056653777e+02 5.557112456813270001e+02 5.560493741357379349e+02 4.861704730715941025e+01 4.812209298733232288e+01 -2.639472592311488370e+03 -2.721106422166191805e+03 -2.720950406046419175e+03 -1.409981297649197804e+05
7.716847160580353204e+01 7.779618991287301810e+01 7.716599160147363534e+01 7.779353422356906833e+01 -6.916259852885616732e-01 2.150268318922251426e-02 -4.573718960338479746e+02 -4.611669108985005323e+02 -4.642734571168571165e+02 -3.402981120600221857e+03
3.545316472439187123e+02 3.548567639348845546e+02 4.295901221200720101e+02 4.297983858367589960e+02 9.364819981904523161e+01 9.392351370559785551e+01 -1.230790519311649859e+03 -1.545311252804208152e+03 -1.548350429831694555e+03 -6.324945626572847686e+04
4.236854611781292874e+02 4.225617656331641001e+02 3.955274783041788851e+02 3.944275531265596442e+02 4.115088212753665431e+01 4.012943804353357535e+01 -2.928743462527806969e+03 -2.977437337940306861e+03 -8.675259415660128070e+03 -9.014691582658841799e+04
2.311744746665769981e+02 2.331444142275195475e+02 2.412785412150411446e+02 2.432967572172072437e+02 2.973579309087202560e+01 2.862686976273844763e+01 -7.245921457194149298e+02 -7.409333875846620003e+02 -7.431212991367729046e+02 -2.710097904152129558e+04
8.880894688837513513e+02 8.883578446614009181e+02 8.818730040535884882e+02 8.821363683001634399e+02 8.567551639127136909e+00 9.227588381822052099e+00 -8.209037613487080307e+02 -8.215951650099895005e+02 -9.922140747004837067e+02 -3.947390903474492370e+05
3.113763806984343319e+02 3.099365850294924485e+02 3.115448424236124652e+02 3.101185106465264880e+02 4.073842077975315057e+00 2.522287853523129009e+00 -8.440037008709615520e+02 -8.472008315503023823e+02 -8.741269003507433126e+02 -4.888198366882585833e+04
1.997741686806057544e+02 1.993299178914106733e+02 1.910327938399456684e+02 1.908989157887883437e+02 5.810916633742451154e+01 5.700406446243228942e+01 -4.077346840557094083e+02 -4.934457453559653572e+02 -7.535613271668050857e+02 -2.031548077259613638e+04
2.962586102986529681e+02 2.981884305458947892e+02 2.844586288487409433e+02 2.863955021909362131e+02 1.538182707307129782e+01 1.662894510220445099e+01 -5.462505863710089216e+02 -5.590125525298483353e+02 -5.607891602133637434e+02 -4.426136863692400220e+04
7.589464433621905073e+02 7.589197139781905435e+02 7.053784095677510777e+02 7.053827523534727106e+02 6.270901635995281964e+01 6.233444363186163173e+01 -4.488504654354790659e+02 -5.228279746867399354e+02 -5.420932584864441424e+02 -2.883975067664160160e+05
6.671889291370725914e+02 6.680566216078987054e+02 6.952709336258519670e+02 6.961724390736076202e+02 3.987797085059221303e+01 3.863731674236080949e+01 -5.814780889065752945e+02 -6.380482121160018778e+02 -4.656072234196342833e+03 -2.229550379179005104e+05
2.379078259816107561e+02 2.369126865951839136e+02 2.841093100856836600e+02 2.832080576766992408e+02 8.563073109913749192e+01 8.585762763920659779e+01 -6.295581834472574201e+02 -9.290234990277185716e+02 -1.840927475312604429e+03 -2.864700059602380134e+04
7.976242137372739194e+01 8.076819885055866166e+01 1.407184403177077172e+02 1.422578618092959744e+02 1.067365973237445047e+02 1.054299479585885848e+02 -4.210717650195967394e+02 -9.377328385331885556e+02 -1.793301898937978194e+03 -3.557045040047058592e+03
8.780425308344590007e+01 8.799691192444525711e+01 4.982993242854094973e+01 4.856204356612705197e+01 1.156174650694411383e+02 1.162926979825874980e+02 -4.988729658306551187e+02 -1.053717892644452832e+03 -5.998926417687088133e+02 -4.228038869296279699e+03
1.510366843550673082e+02 1.520336125553587578e+02 4.826670714940524931e+01 4.908383837934407268e+01 1.368747759617573081e+02 1.376842993356018781e+02 -6.083224139995942323e+02 -1.448719481582293838e+03 -6.579540983736144426e+02 -1.178786048883529293e+04
5.681858174196822802e+02 5.683639973397480389e+02 4.243461432292146469e+02 4.244949189703111756e+02 1.750426904257061551e+02 1.752601756889895910e+02 -4.306839126147174284e+03 -4.535574768846328880e+03 -4.563416492855200886e+03 -1.618135831086877733e+05
2.084928366204906354e+02 2.080284124879206331e+02 1.799265833613351901e+02 1.786813949520494589e+02 7.817139233638708617e+01 7.974981096099371314e+01 -7.135961069871262907e+02 -8.759651026661149444e+02 -9.089496005240187060e+02 -2.211179439953643669e+04
2.965357170613628455e+02 2.959675367067601428e+02 2.970489029823693272e+02 2.965941336268378450e+02 2.421709388317901457e+01 2.275448006572994331e+01 -7.284612710533077689e+02 -7.452943043065583879e+02 -7.534856530509457571e+02 -4.435532676333058771e+04
1.882107582706017297e+02 1.865189282051361488e+02 2.178893660547028333e+02 2.162117170276492857e+02 4.055619105286793058e+01 4.168767759550601681e+01 -4.519429426263899359e+02 -4.802432607973847780e+02 -4.953899935583590377e+02 -1.812917551126897888e+04
3.538344903278494940e+02 3.542529580696694325e+02 2.516645436242096423e+02 2.522575462802204527e+02 1.138197894234952230e+02 1.138079628384930118e+02 -3.826604453404695050e+03 -3.946358747770834270e+03 -4.486049438617145825e+03 -6.298880099527955463e+04
1.034582085281801255e+03 1.036165315612459153e+03 9.806770237977322040e+02 9.822969698514968968e+02 7.789595790615032911e+01 7.852278558364228900e+01 -2.637106488840637758e+04 -2.623921187355555594e+04 -5.022562736330104963e+04 -5.356129093961792532e+05
1.289105019303415816e+02 1.292362231241901611e+02 1.250284565586725165e+02 1.250135500888894882e+02 1.685324692078835938e+02 1.687928977459227724e+02 -2.468169458307918831e+03 -2.927867816513822618e+03 -2.907838815901885027e+03 -8.704169640287729635e+03
1.045228286104501478e+02 1.040507909245456091e+02 9.204861178009190326e+01 9.149039728937576399e+01 1.137419401733539104e+02 1.137591288683026107e+02 -6.368829085625241078e+02 -8.531535128017803800e+02 -7.565806261775422854e+02 -5.874457063768447370e+03
2.815161752206065557e+02 2.818127640068234427e+02 2.050153940958117857e+02 2.053854223180260306e+02 9.405958688762277120e+01 9.414014872049878591e+01 -7.774610432471490640e+02 -1.013028815999195899e+03 -9.474636027651093855e+02 -4.001276651305073756e+04
1.826194261098394520e+02 1.833888208837015270e+02 7.437010744824200970e+01 7.553906852403603978e+01 1.408453621490674550e+02 1.412192218042319496e+02 -1.167328357230139773e+03 -1.630660592181285665e+03 -1.277806258172214939e+03 -1.706136432237488771e+04
1.696450745684980177e+02 1.702499546069545602e+02 1.805555121676572696e+02 1.811780462473894886e+02 1.339261358649053513e+01 1.261507486361542263e+01 -4.341347484372996064e+02 -4.440175339959117764e+02 -4.458469631084499838e+02 -1.479237798401768487e+04
4.458757603858602465e+02 4.446187978631485294e+02 4.429066914166187985e+02 4.416069687724171899e+02 4.032573950792661321e+01 4.069671323390571871e+01 -8.457836719256148399e+02 -8.733891174622957578e+02 -4.226277090697143649e+03 -9.979081284543218499e+04
9.984303746418861181e+01 9.866583159385872648e+01 1.018227221413827408e+02 1.006112115533827591e+02 3.161126131499681691e+00 4.451056319525405591e+00 -4.336425513116214461e+02 -4.346234983540538792e+02 -4.382958634243850042e+02 -5.392449158940583402e+03
1.282327962891454263e+02 1.271687023016286986e+02 1.913568618442770628e+02 1.904715378642844996e+02 8.613831852334602956e+01 8.652329655566634870e+01 -5.266908144657401181e+02 -8.623326287894603865e+02 -2.336187925563286171e+03 -8.618720200619161915e+03
1.833785846279240417e+01 1.720189744783169772e+01 1.608684711593230432e+01 1.498396275205240791e+01 3.949163234457896188e+00 2.914723046593092448e+00 -3.765136314245671656e+02 -3.797352605709586442e+02 -3.820244723559920317e+02 -5.426728846576924070e+02
3.330448325624815311e+02 3.340442238965235902e+02 3.266027785232747647e+02 3.275443311754696651e+02 1.549855624343588367e+01 1.699546545634672157e+01 -1.134412625302034712e+03 -1.142584557755234073e+03 -1.161599601280124944e+03 -5.585657098914742528e+04
4.579323971639902311e+02 4.583627502617788991e+02 4.436946965678620813e+02 4.440353235582465459e+02 3.251743150262888093e+01 3.387556142470325682e+01 -1.482352103957478448e+03 -1.502656116608084858e+03 -1.517402008144640149e+03 -1.052466473944453901e+05
2.752054176669735170e+02 2.758884108645242463e+02 2.895717035061214801e+02 2.901372696336974286e+02 2.494301568262220670e+01 2.588331620883587902e+01 -1.106042975444036529e+03 -1.122420401047509586e+03 -1.124081546988409400e+03 -3.824830930156652903e+04
5.617437538463619831e+02 5.619537901756604015e+02 5.534568942185220521e+02 5.538223719205440148e+02 6.507379221172075745e+01 6.375020403228029409e+01 -1.344593364881979142e+03 -1.468986559396039183e+03 -1.469085131640320469e+03 -1.581437345359719766e+05
1.094414143745065360e+02 1.112334355285700980e+02 1.708281844327968031e+02 1.706308260644326253e+02 1.301355571270211442e+02 1.319020803711983945e+02 -7.954819640377728547e+02 -1.413596028538808014e+03 -1.449252821350587737e+03 -6.376345875502186573e+03
1.275406358843440415e+02 1.277146404289782708e+02 1.997359135175508413e+02 2.002740854034605889e+02 9.715658283078789736e+01 9.626782320644304036e+01 -5.206232520128741044e+02 -9.516896451048017980e+02 -1.496790924144064320e+03 -8.509126599095610800e+03
5.920602169028375101e+02 5.908910571436867940e+02 5.893942861547287748e+02 5.882669996647006201e+02 6.845805898245035337e+01 6.805100245419876615e+01 -3.866441623559769596e+03 -3.923010842213926026e+03 -3.979805267559410368e+03 -1.756355066253030673e+05
1.881297120241900132e+02 1.877451263930260552e+02 1.610396575554961203e+02 1.606717793044673499e+02 3.685912953455389385e+01 3.650032658684734344e+01 -1.128642453910407539e+03 -1.160070861154517843e+03 -1.552526550037864581e+03 -1.807181428372067239e+04
2.373137885714512834e+02 2.377678450733184832e+02 2.449437978987395184e+02 2.454747697071120456e+02 8.075425374724007099e+01 8.047615713842370155e+01 -7.609002224186966714e+02 -8.983853676973111533e+02 -1.237991011361672236e+03 -2.851974022579189477e+04
6.925626462265306316e+01 6.935810742028108677e+01 8.144527604265729792e+01 8.036793401446891494e+01 1.022044117817274156e+02 1.031126166145116514e+02 -4.584751774148229515e+02 -8.511113797424231961e+02 -8.485934556732310057e+02 -2.784801215721730841e+03
4.715650737694997474e+02 4.706570044254321488e+02 4.884802971767120425e+02 4.875335928825887777e+02 7.030165510452324895e+01 7.078426165887930210e+01 -1.969770998417576948e+03 -2.121492490897170683e+03 -2.179083230948644541e+03 -1.115702217830599111e+05
4.836540067801918212e+02 4.830365315791570993e+02 4.767878100183156675e+02 4.761682366380920257e+02 3.780274073271608160e+01 3.771678655126668644e+01 -4.896083724139433002e+02 -5.424273711734447261e+02 -5.905936157504340827e+02 -1.173531314426773461e+05
2.940515507580872736e+02 2.948129882923875584e+02 2.985967221879006956e+02 2.993407469236956899e+02 7.339616849022884537e+01 7.342020485387055828e+01 -4.341476394077701570e+02 -5.995131406152318050e+02 -6.154037885129442884e+02 -4.363531187770552788e+04
4.253457700703374940e+02 4.247935760311257809e+02 3.770288902905577970e+02 3.765001814961414084e+02 5.415653334103082273e+01 5.349271351984567957e+01 -2.993732078201308013e+03 -3.024414040801192641e+03 -3.039238744494405182e+03 -9.084163793159268971e+04
2.227508332537614706e+02 2.239767215454842244e+02 2.243484428836857489e+02 2.251501308670966068e+02 6.029384150328607461e+01 6.181562955050873853e+01 -2.012277004508765458e+03 -2.084268903825664893e+03 -2.089840231807668715e+03 -2.519978762382352215e+04
3.777924999367804162e+02 3.766449964147324749e+02 3.946324215277517169e+02 3.934187680082258112e+02 2.202652529843005524e+01 2.391925221505941934e+01 -1.133171145088973617e+03 -1.154598383403390017e+03 -1.169847011698753022e+03 -7.174588129444353399e+04
4.649913528184317784e+02 4.659953782972095269e+02 4.773244065343113789e+02 4.779488113763473507e+02 1.645982885189503122e+02 1.656213311401383805e+02 -1.506628105037781324e+03 -2.143474078765561899e+03 -2.201554099381450214e+03 -1.084917533576507703e+05
3.514243046941106741e+02 3.514557705980586206e+02 3.410071181565878078e+02 3.407847814479362114e+02 6.281693128261867543e+01 6.417002168076734847e+01 -3.935332258224970587e+02 -4.962465814959128920e+02 -3.016940829928603307e+03 -6.212244742670627602e+04
2.564662492985881386e+02 2.576028023096539528e+02 2.452567506637447821e+02 2.463362613010618816e+02 5.879424802585538146e+01 5.924754321306694749e+01 -7.797354441040575921e+02 -8.669992024958672800e+02 -8.690130529192905442e+02 -3.329589327065955877e+04
3.182692598819959926e+02 3.181179885353174086e+02 2.764173327740984973e+02 2.762603889593940494e+02 5.230558828674141125e+01 5.221433408774273488e+01 -6.754542398347813332e+02 -7.145956025390055402e+02 -8.022088298279055607e+02 -5.102350883123193489e+04
6.739078975235396740e+01 6.724761922539143200e+01 6.761542253646392453e+01 6.745508951181138002e+01 1.638513055420933506e+00 2.182554993327608273e+00 -4.271513471736714109e+02 -4.290820366117211506e+02 -4.312092515862757978e+02 -2.689159423006188263e+03
2.109037847754150619e+02 2.110489859302125524e+02 2.505350803666629531e+02 2.508386251479446116e+02 7.310266496327845687e+01 7.247491397140311165e+01 -7.100158990059507005e+02 -8.482027526743023600e+02 -8.585037182751980254e+02 -2.263057872594373475e+04
1.920311288703050252e+02 1.909006421715638737e+02 7.914529599862869702e+01 7.749658313763683282e+01 1.631510652134177803e+02 1.626096396025541537e+02 -4.925785984538593993e+02 -1.206920434028188083e+03 -6.680384390986492917e+02 -1.883552614873732819e+04
1.168061460271224377e+02 1.153334152468771379e+02 1.916822524198196334e+02 1.908509352744952423e+02 2.102754905024191032e+02 2.102222258398207941e+02 -9.198411524832263240e+02 -3.447999663468587642e+03 -4.123925804101967515e+03 -7.206043541043451114e+03
2.356026734529013993e+02 2.356771039572800248e+02 2.468223654978564241e+02 2.468407216348047939e+02 3.522641203375570740e+01 3.559195874948624549e+01 -4.549929620597614530e+02 -4.806037146966688738e+02 -4.834726457865832003e+02 -2.812495074685783766e+04
5.975403158630876987e+02 5.990391993140572140e+02 5.966964121844578131e+02 5.981990446169728557e+02 5.882628141367011843e+00 5.710426790534833152e+00 -1.241768197131762463e+03 -1.237857114784651003e+03 -6.643398485967074521e+03 -1.788898120836396411e+05
3.198487550616400199e+02 3.197980720298753567e+02 3.138098974607950140e+02 3.137247748398165186e+02 1.651785847141129793e+01 1.713060615597586533e+01 -6.065803833708665707e+02 -6.144872274527294849e+02 -6.311297412562033742e+02 -5.151581286632930278e+04
3.200553921963676203e+02 3.187810271761653098e+02 2.497940630363706020e+02 2.485450574484160313e+02 8.819979107272922647e+01 8.709979741755972782e+01 -6.256321014322038536e+03 -6.346199923881020368e+03 -6.361645582420720530e+03 -5.160370913140062476e+04
2.723223949502052506e+02 2.724576258163863827e+02 2.971643908440815380e+02 2.973517850028181897e+02 4.264665776191642266e+01 4.219932101792733903e+01 -6.410441790905111930e+02 -6.782014885703656546e+02 -7.034124603075180175e+02 -3.745464437477335741e+04
2.104106796663237731e+02 2.109031802238731643e+02 1.619550912495395494e+02 1.625838258552970217e+02 5.521051844325548785e+01 5.524034910551911537e+01 -5.331018995582713842e+02 -5.917270992222669292e+02 -5.915668036753040724e+02 -2.253430965504776032e+04
2.231345974997256860e+02 2.230868607339976109e+02 9.893803817695850000e+01 9.862907349869554707e+01 1.568550241419347628e+02 1.569813032232392231e+02 -3.689123056313421785e+03 -4.415434735507917139e+03 -3.837526603214886563e+03 -2.528435598282554929e+04
1.559125128962518261e+02 1.566911511051668242e+02 1.922166184401277178e+02 1.930322136275704565e+02 5.288217661624497623e+01 5.220347802086491384e+01 -4.471420367794980848e+02 -5.649001932587885904e+02 -5.722327465525079333e+02 -1.254369363320562479e+04
1.601121755434506326e+02 1.582485551642819814e+02 1.592477414010606935e+02 1.573515797183630127e+02 5.137125272847702817e+00 5.738155325237898730e+00 -4.289628662077313948e+02 -4.291657340661302555e+02 -4.355972047342104929e+02 -1.322434501332082436e+04
3.197306474893184145e+02 3.198760041263830658e+02 3.245403265133503510e+02 3.247776871413231561e+02 4.530058679908008656e+01 4.461486613727612394e+01 -5.766477043688227013e+02 -6.334160143822157352e+02 -6.594530206433890953e+02 -5.151914520864534279e+04
2.813925579730518507e+02 2.827899695237226183e+02 1.803421657271761944e+02 1.813751195521222996e+02 1.213206591890432691e+02 1.230101285745572142e+02 -4.771868827687347220e+03 -5.025092749988342803e+03 -4.949470530059906196e+03 -3.999214311544735392e+04
4.297151954724466236e+02 4.309787068236371965e+02 4.408891368785324403e+02 4.421202218367033083e+02 1.909735259881852798e+01 1.911090158736764266e+01 -3.799955397424451803e+03 -3.823518989452445567e+03 -4.987237854560637061e+03 -9.273165140068087203e+04
2.869341634169787199e+02 2.850213006162528018e+02 2.841659319911461807e+02 2.823291258910758756e+02 4.451204916748982754e+01 4.390568618787158783e+01 -1.751939773417549532e+03 -1.811338703576781882e+03 -1.812187699159921522e+03 -4.152208597580849892e+04
2.391498509826199950e+02 2.393612881341261698e+02 3.047121945131782468e+02 3.052253580400026749e+02 8.932630021951594301e+01 8.812320447537827306e+01 -4.127351851067003281e+02 -8.276992011704242032e+02 -2.013604792744807582e+03 -2.897921347396588681e+04
4.650488864658246371e+02 4.634380058168175083e+02 3.425242936159325495e+02 3.411293353472420335e+02 1.650585686477047318e+02 1.634020278315271923e+02 -7.399435859047104714e+03 -7.650633307326339491e+03 -8.777722423182742205e+03 -1.085254236214506818e+05
1.380242478121615477e+02 1.385985754030004955e+02 1.582974610904590236e+02 1.593706434223705912e+02 7.767208781024727671e+01 7.647652123152515458e+01 -4.694044941652274474e+02 -6.532312683304207894e+02 -6.725445368931063967e+02 -9.911620132213962279e+03
1.342440168350091199e+02 1.326666742282909297e+02 6.009939293764979595e+01 5.947618386915262079e+01 8.914186366430860176e+01 8.716639243280425831e+01 -1.599294527375257076e+03 -1.971711851760641594e+03 -1.638272618539093855e+03 -9.405381357691159792e+03
2.863653771390418115e+02 2.870274535690656990e+02 3.231534682111704910e+02 3.237071914085987032e+02 4.337312056085187351e+01 4.362047984618356367e+01 -7.044602885007342365e+02 -7.614253954131418141e+02 -7.901187080209994065e+02 -4.139222318692567933e+04
2.876929718280367183e+02 2.891866098791731474e+02 2.632179998430463570e+02 2.646510909838547718e+02 3.083948010481483948e+01 3.246202199422065604e+01 -1.281562264083063155e+03 -1.310812651973362335e+03 -1.322542383029526263e+03 -4.176141985958025907e+04
3.170414551736974431e+02 3.158833088325143876e+02 3.021777147719853360e+02 3.009792525982587676e+02 2.597811761738548952e+01 2.577924253239176267e+01 -4.313094823901304153e+03 -4.313631209672254045e+03 -4.318820052474046861e+03 -5.064317904517821444e+04
5.578495619020618506e+02 5.589620245913878307e+02 6.347987405875951481e+02 6.357826749022287913e+02 9.842800626775040485e+01 9.838995366950953780e+01 -2.557297534856681068e+03 -2.855153002800021113e+03 -3.009933631243847685e+03 -1.559940681369501108e+05
6.252789725529356701e+02 6.265843072692766782e+02 6.398173902683010965e+02 6.411351475479602868e+02 1.828371672577879536e+01 1.666617330802940344e+01 -8.024437383073016008e+02 -8.159306756212821483e+02 -8.410113118260087504e+02 -1.958801937462889473e+05
9.705590288491531510e+02 9.712153966460130050e+02 8.824479500051336345e+02 8.831876424063763125e+02 1.049091369822415345e+02 1.047581924363439754e+02 -1.615193857142289062e+03 -1.752635510431923649e+03 -3.412349984491459509e+03 -4.713681378890598426e+05
3.200028956027655340e+02 3.202346021505267686e+02 1.985371728685923074e+02 1.984983780030626406e+02 1.509128369514073995e+02 1.514536043525570221e+02 -1.304753926563652158e+03 -1.724129794372836159e+03 -1.739679404406579579e+03 -5.161717744731156563e+04
3.711951053747791320e+02 3.715296179179802607e+02 3.701074333010457735e+02 3.704444192286763951e+02 2.261374292741295378e+01 2.258925168296022790e+01 -2.726169158171209347e+03 -2.726271931790718554e+03 -2.761749268484972163e+03 -6.927360818136007583e+04
4.226793623938133351e+02 4.232279646386440390e+02 4.422453610141369040e+02 4.427136731014267639e+02 3.629631565934331405e+01 3.696865941078401363e+01 -6.624393034959556417e+02 -6.731797973953136989e+02 -2.232053366889489098e+03 -8.972618203394768352e+04
2.530732742343050461e+02 2.558212862808190380e+02 2.614869874202051392e+02 2.642015092821441158e+02 1.337542521949283696e+02 1.336481467471959093e+02 -1.138884406873714943e+04 -1.173309266789965841e+04 -1.197986106443350764e+04 -3.245984368925210219e+04
4.584790204938926763e+02 4.576927509499340090e+02 4.960999165636345083e+02 4.952828805976629951e+02 4.192642838459841670e+01 4.296890449021864811e+01 -1.617472180957954834e+03 -1.691216442678154863e+03 -1.706924215869124282e+03 -1.055243447129347041e+05
9.256440953555070905e+01 9.234572894510681351e+01 4.300852395031401443e+01 4.399175519948964563e+01 7.780943276576286394e+01 7.698527139306393963e+01 -5.199662502184954747e+02 -7.844414969896639604e+02 -5.437688650196444087e+02 -4.722392977078029617e+03
6.273331939694345465e+02 6.276042001085905895e+02 6.205086737266811951e+02 6.205486851964849393e+02 1.118949005309914071e+02 1.131783223313662887e+02 -2.138739787275340859e+03 -2.469946235998061184e+03 -2.492119584464120180e+03 -1.971333042784086138e+05
1.877194314448439343e+02 1.870814948461032543e+02 1.827212574527226252e+02 1.821494376894027312e+02 1.261736492045080915e+01 1.126952817672524532e+01 -4.043258568573278353e+02 -4.068657001961080937e+02 -5.089166134406825677e+02 -1.799573944821288023e+04
3.375675879101388546e+02 3.369366390003568199e+02 2.419468000206549618e+02 2.416693006077667576e+02 1.355745421149851779e+02 1.344924987492624666e+02 -6.513575914169489806e+03 -6.850597162553272938e+03 -6.798561003993327176e+03 -5.736909987707881373e+04
