# SNRtot_MF, SNRtot_opt, SNR220_MF, SNR220_opt, SNR221_MF, SNR221_opt, evidence220_221, evidence220, evidence221, nofilter
1.496538527156982070e+02 1.489053565543108562e+02 1.445104181795592808e+02 1.437930338217510950e+02 1.181591950135979729e+01 1.106584438008319005e+01 -7.202616311431502254e+02 -7.210619918669679009e+02 -1.067160764179539910e+03 -1.158701970890376106e+04
3.238591101265180328e+02 3.239982416757333112e+02 3.240589696842950502e+02 3.241974566593289637e+02 -4.410778365283274383e-01 2.589291572185540291e-01 -2.672092647396979373e+03 -2.666550114045037390e+03 -4.682601261486861404e+03 -5.282069740728302713e+04
4.675864619014294732e+01 4.748050905394526922e+01 4.216324791165489216e+01 4.295671085448144311e+01 5.249709689706411275e+00 5.285629353952495002e+00 -4.166810574977909027e+02 -4.207334485005698639e+02 -4.371995492498622298e+02 -1.492088927359905938e+03
1.392278531899044367e+02 1.403035651328603137e+02 1.159234455110071735e+02 1.169844894139239955e+02 3.000588894785132510e+01 3.087395213922302517e+01 -5.279366931885411987e+02 -5.574953013318724970e+02 -6.484607510637765699e+02 -1.007870292132408031e+04
1.343460776135659955e+02 1.343355609378670579e+02 1.146294965033463313e+02 1.146729350290040514e+02 3.169299257578410334e+01 3.148994404861462115e+01 -2.337251627416669635e+03 -2.349918312046451774e+03 -2.559154449548763750e+03 -9.389157027635781560e+03
2.107414759144461414e+02 2.098670618573507909e+02 1.994327864639620884e+02 1.986368833820504278e+02 1.608915470641213119e+01 1.431356638234452383e+01 -5.141602000148893694e+02 -5.172877598521704385e+02 -9.699391799847942366e+02 -2.258016944426405462e+04
2.517115202589054093e+02 2.507780479720941287e+02 2.563991823607631204e+02 2.554708588384213783e+02 2.313159103715571874e+01 2.326335404963386821e+01 -8.044216571660090267e+02 -8.240251507539403519e+02 -1.747238650492436818e+03 -3.207956393376996857e+04
3.429031092775176859e+01 3.444356846719546894e+01 3.385378543467664514e+01 3.400012595355698863e+01 3.177729988978467701e-01 7.319357107822834774e-01 -3.910174169229321706e+02 -3.924338420870530513e+02 -4.098815567701095119e+02 -9.764537494957548915e+02
1.122004448093849476e+02 1.127719244228470359e+02 1.011930900420949513e+02 1.019952493266224849e+02 1.631108822309550987e+01 1.516577373038958143e+01 -1.190280526288948977e+03 -1.212765119817418963e+03 -1.307806937438169598e+03 -6.698232711953425678e+03
7.004555779852925923e+01 6.976208380308328572e+01 6.538073815902689034e+01 6.511788927689947570e+01 1.664432795656674813e+01 1.648297527729473089e+01 -4.861669819294698414e+02 -4.942477753587044162e+02 -5.569680640217583232e+02 -2.823656600448427980e+03
2.457190863358059687e+02 2.468631623920846607e+02 2.436662996385348094e+02 2.448113575821732582e+02 5.798891023221858454e+00 6.141948842751032700e+00 -8.366846072024482055e+02 -8.458694980018701699e+02 -1.961395032881365296e+03 -3.058494203341155662e+04
2.473425932831463285e+02 2.491715558539489450e+02 2.585481421252202381e+02 2.603824563840985320e+02 2.581672770097307179e+01 2.493866119323523733e+01 -2.543313848328117729e+03 -2.569640583677914947e+03 -4.136493402319944835e+03 -3.100381824720420627e+04
1.460577777732304412e+02 1.457594860350587851e+02 1.680787364178550547e+02 1.678173854544378401e+02 2.951875987778804244e+01 2.953164046675165011e+01 -4.126737697962548168e+02 -4.380005756914433164e+02 -1.290799658916541830e+03 -1.105945497117208652e+04
1.717055181257329934e+02 1.716688032222271829e+02 1.452223713482628682e+02 1.451775596967273998e+02 4.031465449540864654e+01 4.031968535487280292e+01 -3.994681305282131802e+02 -4.631914474000446944e+02 -7.001361257986354758e+02 -1.513477678513486899e+04
1.739649792048678023e+02 1.736426624144336301e+02 1.733045107890945644e+02 1.729820208498718728e+02 1.938486251267879323e+00 1.838983313979715151e+00 -5.461910389810979041e+02 -5.452428847080882406e+02 -9.541034078678519563e+02 -1.552151322973587412e+04
3.075608263634980943e+01 3.221199677720533572e+01 2.328909768230211341e+01 2.465798281781925638e+01 7.194365043207278099e+00 8.704400703325131161e+00 -4.096821515065426524e+02 -4.144348420393848187e+02 -4.169824384318935699e+02 -8.680764617851971252e+02
1.540291774400301961e+02 1.548209138438491550e+02 1.388165354274934202e+02 1.391778442319153157e+02 6.731301015821780709e+01 6.837035688499932462e+01 -3.952130724124421590e+02 -5.185019710749397746e+02 -8.700587034177077612e+02 -1.225145284313679258e+04
3.639538006500231404e+01 3.543033484336402239e+01 3.202850356467076409e+01 3.096511655175535083e+01 6.004892264452894146e+00 5.786455871763376280e+00 -4.185294526944623499e+02 -4.200439000366138202e+02 -4.293315646876649225e+02 -1.019125863804716232e+03
2.210601000207625191e+02 2.212414591842587583e+02 2.156760248342638135e+02 2.158390324982043467e+02 5.309597250208331509e+00 6.117269597326686181e+00 -4.556176617335389665e+02 -4.594880294031592598e+02 -1.114377877833076127e+03 -2.482318732469773022e+04
2.349861440748962025e+02 2.357769495282441028e+02 2.300806046526086277e+02 2.308959078970671044e+02 1.413716598498733390e+01 1.400892737456702619e+01 -4.380093081472622316e+02 -4.405030090109797243e+02 -1.067281008892195132e+03 -2.799681156194751384e+04
2.125908366728620251e+02 2.137972087144736690e+02 2.132555586549907503e+02 2.145233829394620102e+02 1.511113531500499896e+01 1.411511210184325193e+01 -2.629350531808096548e+03 -2.632309641765017204e+03 -3.542769110699596240e+03 -2.298957748009628267e+04
5.160385875309955139e+01 5.182558905300152219e+01 5.374356017729935076e+01 5.397209521214760741e+01 9.604786122194626685e+00 9.516177937017170407e+00 -4.802172494739616013e+02 -4.846188262370412190e+02 -5.561613304603645247e+02 -1.721926524801296409e+03
2.624476533678462147e+02 2.621312501433662305e+02 2.730428138574056334e+02 2.727150396316064871e+02 1.247957808589834805e+01 1.297660991760259996e+01 -7.032622455378584164e+03 -7.053696105861041360e+03 -8.398422252569785996e+03 -3.481000466527558456e+04
2.874765423113190650e+02 2.881808174137023002e+02 2.879530178229748003e+02 2.886542404219222817e+02 -6.092385169890861957e-02 7.102309605372691959e-01 -1.543151403946084429e+03 -1.534181730259487040e+03 -3.371176542915884966e+03 -4.171695542206933169e+04
1.544398475780908768e+02 1.533691200765555323e+02 1.536962390436682142e+02 1.525981955612490424e+02 3.104277556416972228e+00 3.950482810981852833e+00 -8.073128742304515981e+02 -8.044898085214833827e+02 -1.316961146393032095e+03 -1.230345658667937460e+04
1.843111785511046321e+02 1.824578983614597405e+02 1.683053416183690558e+02 1.664428673436882775e+02 1.894776708540233301e+01 1.732273183622860913e+01 -1.109306013093355432e+04 -1.108769794916549472e+04 -1.130226866038361550e+04 -1.738778353833280926e+04
7.328981620617696535e+01 7.356397529890823250e+01 5.986709926576872220e+01 6.019344184398526920e+01 2.332881680587125928e+01 2.335128023046220846e+01 -3.982839432465902973e+02 -4.188646483100332603e+02 -4.621366438178488352e+02 -3.058343821942571594e+03
8.176862296676422659e+01 8.121502136196323818e+01 8.870053119070057335e+01 8.809856702083662583e+01 7.981423456373591740e+00 8.889404890700559392e+00 -1.267068194360961115e+03 -1.269099925198175924e+03 -1.385034085592257043e+03 -3.722721931440033131e+03
1.026533291303586566e+02 1.032711416023407196e+02 1.261077265503460012e+02 1.266837938348959653e+02 3.320867109350447066e+01 3.293001375979851986e+01 -5.538050991786197983e+02 -6.053626135067928544e+02 -1.103982661709118247e+03 -5.655085300033651038e+03
1.033681364045108069e+02 1.045481243719213893e+02 1.038566616570972911e+02 1.050407035377784553e+02 2.280723541712520674e+00 5.987331363672178108e-01 -4.009711657245431411e+02 -4.013389277304952998e+02 -5.898559160846538134e+02 -5.738992540609012394e+03
2.181198660162738179e+02 2.167903863343301509e+02 1.797077565389290044e+02 1.783596596121707591e+02 4.451888492079349646e+01 4.341861242890676209e+01 -1.049135380555348547e+03 -1.120612327864040481e+03 -1.344592145981799376e+03 -2.417121288662994630e+04
2.260071640605250707e+02 2.256128846645147519e+02 2.246823473499692341e+02 2.242828833570322615e+02 9.241062075275724652e+00 9.309638767827888017e+00 -3.837140324413726944e+02 -3.884739830216548739e+02 -1.283516096994191457e+03 -2.591598411110494635e+04
1.874592038669361216e+02 1.879223550998322594e+02 1.705964665600301657e+02 1.710752530816239982e+02 2.159880911369841883e+01 2.183367317248461603e+01 -1.359242860977582950e+03 -1.375069709294163658e+03 -1.751255435675955596e+03 -1.794928936306943433e+04
5.132024880222879659e+01 5.086993685856965186e+01 6.854756788615227947e+01 6.832252847014656538e+01 2.761986341791129362e+01 2.734441121769083693e+01 -4.061274514805127751e+02 -4.306865782965865606e+02 -6.462614149358372515e+02 -1.712410967861986819e+03
7.214722264763628345e+01 7.160207876424250628e+01 7.078741406334998487e+01 7.022725681735452952e+01 1.464718178460633791e+00 1.649540277216426043e+00 -4.917455908668878237e+02 -4.929651323563851975e+02 -6.111194764855158610e+02 -3.014019957303007686e+03
1.259569331966882686e+02 1.261023621405704489e+02 1.236457358017402584e+02 1.238667019439454293e+02 6.964875848315558393e+00 5.241971943869661033e+00 -4.120265087774833432e+02 -4.171904046498574985e+02 -6.605065132328697928e+02 -8.323707033868271537e+03
2.047977279328034328e+01 2.089498509276089067e+01 2.866541175748565351e+01 2.888027432836880948e+01 1.056910933223684701e+01 1.079790961906370406e+01 -3.944464503714361285e+02 -3.987606670484274218e+02 -4.236214796997239773e+02 -5.937831095016645122e+02
3.941682624137909841e+01 3.846519580880860190e+01 4.015521084428058884e+01 3.900550812352990704e+01 9.267054139538434043e+00 1.008418400207780152e+01 -3.837957254861661909e+02 -3.900076166929530928e+02 -4.542879163229958976e+02 -1.145572876983171682e+03
4.590336638882669007e+01 4.648834482862891093e+01 4.629367595105728839e+01 4.732376853470062628e+01 1.943777837501863104e+01 1.825725106015679344e+01 -4.061037492812071719e+02 -4.113111984761389976e+02 -4.867920233216953534e+02 -1.445834663152980283e+03
1.475090599592386127e+02 1.484639729289670242e+02 1.356090864399922111e+02 1.362476231972570702e+02 5.111283467776348743e+01 5.216283620698484924e+01 -6.185042007775905404e+02 -6.623264913611517386e+02 -7.928142960873075253e+02 -1.125908697621523788e+04
1.473608561621945512e+02 1.478978108632630324e+02 1.278375035928625891e+02 1.284836513817159869e+02 2.556948140953095461e+01 2.542770683082759575e+01 -6.833869250355231770e+02 -7.453673678147445116e+02 -9.197325488127426070e+02 -1.126413907896442288e+04
4.634728562272312757e+01 4.498478531126544766e+01 4.901714532843949712e+01 4.771172088496528829e+01 3.980119676062680245e+00 4.215503803837592045e+00 -4.690763015064625847e+02 -4.699900722386061034e+02 -5.315874383989411172e+02 -1.445042472103588125e+03
1.006178307973038244e+02 1.000695884719052628e+02 9.489669523188287314e+01 9.427933179349895454e+01 1.828698751950621926e+01 1.846796193191714863e+01 -4.681695275228828450e+02 -4.717049936740293106e+02 -5.984015307272209157e+02 -5.424614554975862120e+03
4.942489532500363936e+01 5.077562855301072631e+01 4.609373571018070237e+01 4.745071096037962377e+01 6.355907540544681211e+00 6.958731262787431149e+00 -4.215733300089506770e+02 -4.213219521987639382e+02 -4.599689381068552052e+02 -1.591400884225584150e+03
6.349779314728264978e+01 6.431046627585429576e+01 6.606407559762639892e+01 6.687696467650812338e+01 5.005074306664300643e+00 4.542764056843820342e+00 -4.522743788717961024e+02 -4.525286379517406203e+02 -4.948455017072468536e+02 -2.385827501171881522e+03
7.663267196269929116e+01 7.690507180641071727e+01 6.115290255563450472e+01 6.141250254486195814e+01 1.843136922494176488e+01 1.869909578241068360e+01 -5.706833938046607955e+02 -5.926981772009654605e+02 -6.075071614123903601e+02 -3.308190195046538975e+03
2.949426140365762876e+02 2.950057869465083513e+02 2.968332982249992824e+02 2.969047054339055194e+02 3.637488589638222969e+00 2.680758501185880327e+00 -5.398894310730253210e+02 -5.395203072975833720e+02 -1.821449044839719136e+03 -4.388357752852815611e+04
4.038664453732311443e+01 3.992521604813847347e+01 4.848989670158459120e+01 4.792475468584700593e+01 8.432173087166184189e+00 9.357783353820900984e+00 -4.420396424383876024e+02 -4.434899030638915747e+02 -4.945956375261571907e+02 -1.227097962913405354e+03
1.411648993495275306e+02 1.408951311468611891e+02 1.490665445468884229e+02 1.488039062097903411e+02 1.529122794417740927e+01 1.536105285765451178e+01 -1.111062374817585805e+03 -1.118722067682991337e+03 -1.635450561404637256e+03 -1.034370781978254126e+04
1.557795961876333592e+02 1.563181436174413648e+02 1.804958110462849277e+02 1.809861578963335944e+02 2.879355956774008263e+01 2.863426587502747722e+01 -4.613829902089694883e+02 -4.779625767220819625e+02 -1.096026528368118534e+03 -1.249933347973674609e+04
1.853764313211046328e+02 1.844192043186379237e+02 1.927508216203803215e+02 1.917944482439239664e+02 2.705845430026155896e+01 2.731095596712802376e+01 -4.370979013427222526e+02 -4.463367097959360308e+02 -9.367628381502916000e+02 -1.757211976264409532e+04
1.693927659335511748e+02 1.686786828759652508e+02 2.010403109575302949e+02 2.004550725194210656e+02 4.438374964480088636e+01 4.431296729243429411e+01 -4.999216116529706824e+02 -5.884856994292043737e+02 -1.266872551754965571e+03 -1.471956854500572626e+04
6.258432392898022556e+01 6.187551209319669709e+01 6.320535125904323337e+01 6.302378281941989258e+01 2.289675227632379517e+01 2.138066443390160742e+01 -4.159269276214291722e+02 -4.316015107922718812e+02 -5.602328669038602129e+02 -2.369848215269376851e+03
1.408298022295398368e+02 1.409507052779750325e+02 1.362180036522910882e+02 1.363007959453361195e+02 5.405035888667017119e+00 6.316424106155449358e+00 -6.133722299162855052e+02 -6.112087924746564340e+02 -9.169417899360765887e+02 -1.032305278461190574e+04
2.543238088757400988e+02 2.529707173726819178e+02 2.273448428131506489e+02 2.260539007856487501e+02 3.157739086517415927e+01 2.988879671833820240e+01 -6.374481750428273017e+02 -6.631142691843863304e+02 -1.067468932241069751e+03 -3.273772564553087068e+04
9.880690672602752045e+01 9.795305485201338058e+01 8.580379845887952683e+01 8.506347958413941512e+01 2.322086624118553644e+01 2.229401198182512900e+01 -5.405039735175505484e+02 -5.546497620973379981e+02 -5.794399254400211703e+02 -5.297673024770887423e+03
2.008235077002067328e+02 2.013279409142926113e+02 1.721214755363104416e+02 1.725385193009294653e+02 3.231762351029298230e+01 3.320896084622171429e+01 -4.661682709591218554e+03 -4.679277591179037699e+03 -5.012552596302478378e+03 -2.056975203826251163e+04
1.452717997282142903e+02 1.454294269754411459e+02 1.285869567383006427e+02 1.287628488928349100e+02 1.861181249057893439e+01 1.862659057479434921e+01 -3.963444619898429551e+02 -4.136144405529421988e+02 -5.538927155810114300e+02 -1.092595207163660780e+04
2.497729590337790455e+02 2.501543019888483173e+02 2.341599981783490989e+02 2.344416894133870528e+02 2.935798651634352296e+01 3.032594998406322517e+01 -1.459077294167641412e+03 -1.468342341175798538e+03 -2.307713264030020582e+03 -3.158218907276303435e+04
1.292700723449829070e+02 1.284986905966847814e+02 1.374862673960179507e+02 1.367555449968225787e+02 1.092529356401161245e+01 1.099882824595758279e+01 -4.365145783359689631e+02 -4.432387273840435000e+02 -7.963618198903643588e+02 -8.751082185570199726e+03
1.107012542389805390e+02 1.085476552245881265e+02 1.065161809071943821e+02 1.046423629994242646e+02 1.776529335617741268e+01 1.530246150417076834e+01 -5.799284620495997160e+02 -5.864835765698841215e+02 -8.268742519677120981e+02 -6.540624545850195318e+03
2.524210905056500565e+02 2.544360544612734714e+02 2.507199078955251252e+02 2.527365835800909508e+02 8.404494787597720507e-01 2.200209255004170306e+00 -4.528014690728141431e+02 -4.539136478107241714e+02 -1.381700601526120408e+03 -3.222390270560274075e+04
2.120690740460142649e+02 2.126346296806136138e+02 2.139055551913768625e+02 2.144319976145106352e+02 3.652479730566119631e+00 5.098206330689985855e+00 -7.915865558084238955e+02 -7.916726909484932548e+02 -1.827137734322068354e+03 -2.291047704707541197e+04
2.442682140194565932e+02 2.431133233513490381e+02 2.433533013653977548e+02 2.422151745017194457e+02 4.941377630771250473e+00 3.473979243081205759e+00 -9.870653053252683549e+02 -9.855144470964554557e+02 -2.274295931700623896e+03 -3.021296945101973688e+04
1.772152398167641536e+02 1.774271856040843716e+02 1.808199907029961651e+02 1.810694171494769193e+02 7.390241701524570495e+00 6.163999414134040400e+00 -6.237689842669809650e+02 -6.254032460020116559e+02 -1.160503491049914828e+03 -1.609697068242635578e+04
1.975857768102798104e+02 1.978212390072980895e+02 1.832472709210825599e+02 1.834924467249082340e+02 1.967441603442358655e+01 1.975497878516734573e+01 -8.367971049067953118e+02 -8.573174334755181007e+02 -1.360335965638905009e+03 -1.992095838228540742e+04
5.331785533781616238e+01 5.160305027515106246e+01 5.751754121993593571e+01 5.567232789722763187e+01 4.966109789098369198e+00 7.000101594629065005e+00 -4.328217835556432647e+02 -4.349977835431405992e+02 -4.830287878637533368e+02 -1.840151823697577584e+03
2.672188528702625945e+02 2.667374209799619962e+02 2.550096532814303032e+02 2.545225653217690365e+02 1.997786189497022491e+01 1.975303447559618775e+01 -4.199065452575424047e+02 -4.269987751599310855e+02 -1.311066123132141001e+03 -3.610393309064605273e+04
2.654593378079061949e+01 2.720278677073297757e+01 2.870041331870975299e+01 2.943438478666290337e+01 4.298870070530189658e+00 3.089809527571718117e+00 -3.871408123609237464e+02 -3.885925252583955967e+02 -4.109759082602793114e+02 -7.357092247607529316e+02
6.476841673703877689e+01 6.509858285115848275e+01 6.456862820332115405e+01 6.489759119830860357e+01 -3.507975855600903858e-01 2.431760548986030279e-01 -4.236458659075174182e+02 -4.244521970486598548e+02 -5.201009622572876197e+02 -2.490035878132229300e+03
2.932707216513342630e+01 3.090968818298937038e+01 3.527378485243158224e+01 3.691587981519931105e+01 1.132829123342391675e+01 1.017871457752897868e+01 -3.958498361472220495e+02 -4.028227259843432080e+02 -4.321376959601721524e+02 -8.246039270933730450e+02
2.421315170348281356e+02 2.389535871338680977e+02 2.300811943748865076e+02 2.268135783630463607e+02 3.270426350553963601e+01 3.213674906607178627e+01 -4.635956558842161144e+02 -4.889917573919061056e+02 -1.435631857493632424e+03 -2.967562955577087632e+04
1.802969069199382091e+02 1.812393754320327730e+02 1.587268133477279264e+02 1.595397509944373269e+02 2.883732572491013002e+01 3.019885213595558682e+01 -8.414492635812302979e+02 -8.603565467717274942e+02 -1.168531762767789587e+03 -1.663539913400432852e+04
4.395935491688143770e+01 4.395498439307742444e+01 4.022032639171028734e+01 4.016856186717970445e+01 4.280917495854832389e+00 4.683835214775048605e+00 -4.023373991118741628e+02 -4.049604019091839859e+02 -4.381987388166764390e+02 -1.338789648350202924e+03
1.866060110632946589e+02 1.867848537509354401e+02 1.918182853304347475e+02 1.920948251017013320e+02 1.471593913724834302e+01 1.322507809268357803e+01 -2.770701258754976152e+03 -2.788323898042974633e+03 -3.652435450670935552e+03 -1.778751805959434569e+04
1.719383881394083460e+02 1.720242446097700224e+02 1.309246972748423161e+02 1.308608877363504632e+02 4.443292541863803535e+01 4.494729601182808665e+01 -5.221302401057342877e+02 -6.176577173590924303e+02 -6.348632079157724775e+02 -1.518148940277738802e+04
2.012612962890541155e+02 2.015652422705053084e+02 1.621876184878584866e+02 1.625875362651606508e+02 4.576384426523975435e+01 4.568160765131608514e+01 -1.202757496705730318e+03 -1.399243155736940935e+03 -1.441628545236073705e+03 -2.064436046786451334e+04
1.745962509863652770e+02 1.748517393899100796e+02 1.807771546569772454e+02 1.808679561502624438e+02 3.443488798450015764e+01 3.523659738174430345e+01 -4.063917748932409495e+02 -4.278067764321350523e+02 -7.222086444661183577e+02 -1.564109175138893443e+04
2.082336434436699619e+02 2.084097496995304368e+02 1.955802233063194251e+02 1.958029239351357944e+02 1.887207287640866937e+01 1.849890629730932901e+01 -4.658442314140930307e+02 -4.720065375475238625e+02 -9.589040308175747214e+02 -2.207549510994613593e+04
1.055286129640506232e+02 1.064290987401975457e+02 9.786563424098156361e+01 9.884354097884103396e+01 1.109674599762472269e+01 1.102218043062185693e+01 -1.016499911842221309e+03 -1.018746600152434439e+03 -1.158400449530550304e+03 -5.952423301992194865e+03
2.199404805606020545e+02 2.212762168085929204e+02 2.225768251945127645e+02 2.239212771466735887e+02 7.890997094529664579e+00 7.120750380709937488e+00 -6.281603762874249242e+02 -6.303333131627131252e+02 -1.561549494341160880e+03 -2.458898946746140064e+04
2.036830379624796876e+02 2.020383400401236713e+02 2.020363710840763076e+02 2.004018467811947062e+02 4.643243333108168613e+00 3.133765723099863454e+00 -6.981984062191538669e+02 -7.135165029988825154e+02 -1.533646770203919459e+03 -2.112188869184079522e+04
8.333895540974486948e+01 8.335396527515479193e+01 8.381274953637785075e+01 8.388279479304992492e+01 4.311877724655739819e+00 2.309601761616750348e+00 -3.823058165381663116e+02 -3.854750267549810587e+02 -4.684933877908594013e+02 -3.847350911002088196e+03
2.373028830548123835e+02 2.367384148875709400e+02 2.778466391359315253e+02 2.770832241584340068e+02 4.688483269666442510e+01 4.849126998312274139e+01 -6.285668901725535761e+03 -6.340374120642638445e+03 -8.053404816767083503e+03 -2.854298335395786853e+04
1.228281169261519210e+02 1.216166080953665869e+02 1.196902803611089183e+02 1.185479387290414337e+02 8.538482393186518138e+00 6.781027716774838510e+00 -4.413853992696501791e+02 -4.454222826131825173e+02 -6.641399149527452437e+02 -7.962888359280824261e+03
8.960711750509447882e+01 9.114872887431378956e+01 9.099105759319789399e+01 9.209550233587235368e+01 2.588529858891341107e+01 2.730627328365283191e+01 -3.795542806056093923e+02 -3.844081098900084612e+02 -4.391698155488252837e+02 -4.389501334855931418e+03
1.204975370421136773e+02 1.210252525152955769e+02 1.043969030284562507e+02 1.049333414683892158e+02 1.720855920416423501e+01 1.763811864617780500e+01 -5.614461724759207755e+02 -5.756371029279588356e+02 -6.568336510145827560e+02 -7.683122483050923620e+03
1.743293334746056189e+02 1.748782939773706744e+02 1.742929662292745263e+02 1.744732328799591130e+02 3.919674964570711495e+01 4.077963697967982881e+01 -5.337229924424190131e+02 -5.732101979029273480e+02 -1.273482944886926816e+03 -1.557526033805751467e+04
6.733810048293624106e+01 6.822677417463556537e+01 7.755373576539334124e+01 7.832091831645672642e+01 1.161355835107031886e+01 1.166028938363150580e+01 -4.216786025833256417e+02 -4.251127385087842185e+02 -5.345370321219033940e+02 -2.683608093872328936e+03
1.310508224739560603e+02 1.304641091947038660e+02 1.273759095875799687e+02 1.267021749200037561e+02 1.090331410601318929e+01 1.165965085085924713e+01 -8.594310324777313781e+02 -8.589204350128507031e+02 -1.151709481971772220e+03 -8.970580561920703985e+03
1.834823901615995680e+02 1.831407184976243627e+02 2.014268632234242489e+02 2.010684089708820466e+02 2.202943364470511511e+01 2.245254086774754043e+01 -6.414659831994074466e+02 -6.629639069080727722e+02 -1.875273104112978672e+03 -1.720076789930634186e+04
2.025632610594472567e+02 2.017385353382785809e+02 1.837581922259924170e+02 1.829755240574697552e+02 2.350312019371178351e+01 2.247206959800252335e+01 -1.019690341420836921e+04 -1.023109142130417786e+04 -1.046451400028510761e+04 -2.090066819259728800e+04
1.597312505755544692e+02 1.592365982832650388e+02 1.517963133332959558e+02 1.513488254922513363e+02 1.065182865361493469e+01 9.488290357811516529e+00 -4.818776997471474033e+02 -4.877989178235993109e+02 -7.994702812640714455e+02 -1.314886952577648117e+04
1.014724254973760367e+02 9.957107128725787959e+01 1.287914831466644330e+02 1.266824200298970027e+02 4.961347729518666938e+01 5.113610678205272819e+01 -4.012833927418588473e+02 -4.597698650234787578e+02 -6.954041850068881558e+02 -5.541915870458245081e+03
8.146183653733594099e+01 8.289374581679101084e+01 7.734473682589597843e+01 7.903442222297476860e+01 1.226688209050097811e+01 1.090545464568215550e+01 -4.242297798639928601e+02 -4.305959101555424695e+02 -4.889820185030416155e+02 -3.696435913011380308e+03
1.578412738577579546e+02 1.568568376045555794e+02 1.675027148480940014e+02 1.664960732959015957e+02 1.056281499456010486e+01 1.169074235421031105e+01 -4.278460851752066105e+02 -4.305205011254404326e+02 -9.318667600717778896e+02 -1.284578343582923117e+04
1.055485595439298976e+02 1.062973408945800742e+02 9.622999022694502003e+01 9.703329658772125299e+01 1.061356573254097491e+01 1.076644828819025790e+01 -6.066925072060437287e+02 -6.158724423799960732e+02 -7.195018938127335559e+02 -5.952005411697558884e+03
2.332094230841843796e+02 2.341823760189111567e+02 2.493771519383354303e+02 2.503410640617671561e+02 2.148555576177679072e+01 2.083975366401495677e+01 -6.439197814578187717e+02 -6.629578959925013351e+02 -2.077986280563572564e+03 -2.757620148299309949e+04
1.022741574908695270e+02 1.043760866031837793e+02 1.468326405692649246e+02 1.489147398559400415e+02 5.687238295147722766e+01 5.523083360949486575e+01 -4.461222125536147018e+02 -5.757387832280883231e+02 -1.416840085413200768e+03 -5.638464007054621106e+03
5.240677737324356400e+01 5.255966014515967544e+01 5.015866503169578294e+01 5.002129352831142484e+01 1.309280822425723834e+01 1.414656027016042295e+01 -4.103630369985212951e+02 -4.223815751982518805e+02 -4.374867919036747708e+02 -1.773350323799811576e+03
2.838046339698323663e+02 2.831799488658740529e+02 2.838734422118375846e+02 2.832556326853177779e+02 5.113189771671456718e+00 4.709711215139254392e+00 -4.206256589884523578e+02 -4.221624873600624142e+02 -1.674221322661775275e+03 -4.066654614736029907e+04
1.253209820146583127e+02 1.255144392740337764e+02 1.242491841378102890e+02 1.244236077146951231e+02 3.074812004053322312e+01 3.083177622397000306e+01 -9.120701166897164285e+02 -9.345656117851606268e+02 -1.264248286805705220e+03 -8.207076181141574125e+03
4.945054528426794604e+01 4.974763202602369461e+01 4.946595819435299290e+01 4.972309506140849322e+01 -3.974437394523215594e-02 1.392259509468116274e+00 -3.742840345320676647e+02 -3.774342704908213477e+02 -4.210087420781505330e+02 -1.583623906674899899e+03
1.829375965827622394e+02 1.837336312545357941e+02 1.932013562447990864e+02 1.938541818762835760e+02 3.139120357631725255e+01 3.200686408274031436e+01 -1.517413609935362956e+03 -1.522314834128298344e+03 -2.050859987393414940e+03 -1.713335652213800859e+04
1.705500361680467734e+02 1.692251948473851826e+02 1.742626435244805521e+02 1.729587503123352121e+02 3.946877878775602255e+01 3.950227584214977838e+01 -5.385136108762667391e+02 -5.802279303444028073e+02 -9.099130909946017027e+02 -1.496804835047736378e+04
6.703289297053983375e+01 6.729351756589402100e+01 6.624863330518790860e+01 6.649061741731991049e+01 4.586068549149794893e-01 1.454559656406085422e+00 -4.221622529402879991e+02 -4.246774585366816837e+02 -5.099399135524996609e+02 -2.623451247982633049e+03
3.316570866053095301e+01 3.265816122764239537e+01 3.526478584804058158e+01 3.498753425893722380e+01 1.074058405109237846e+01 1.005695608623953952e+01 -3.794978886331967942e+02 -3.822037971343835920e+02 -4.016560398235994853e+02 -9.234542438496987415e+02
5.812466848474258541e+01 5.887096170730050204e+01 5.300261011249523335e+01 5.369019782821919762e+01 5.737001975661063291e+00 6.773187551863427025e+00 -5.984565487519652152e+02 -5.957763842188318222e+02 -6.409009498420798536e+02 -2.078479491632489498e+03
8.505414147673805303e+01 8.551841730571052835e+01 8.319808974517680156e+01 8.370649330297274560e+01 3.781134766871189434e+00 2.740096731058783597e+00 -7.779158720376397014e+02 -7.761998024813358370e+02 -8.700840769077146888e+02 -4.000876545586927023e+03
3.743912751339764355e+01 3.788208796000967027e+01 3.726506363636109853e+01 3.771287622245606030e+01 6.835676141645902204e-01 2.480707242826203918e-01 -3.990771047134571745e+02 -3.992561707156654620e+02 -4.209194068154457113e+02 -1.089287605593646049e+03
2.135146466470898829e+01 2.496118338243154611e+01 1.926085225989693583e+01 2.288940503041123264e+01 -3.220960035556160173e-01 2.498533411231064427e+00 -3.810709264770108575e+02 -3.870174946666468259e+02 -3.884974150234409649e+02 -6.068132540028693711e+02
1.280922223292428157e+02 1.299368967507257366e+02 1.395927251400906357e+02 1.414552684055349516e+02 2.028749040903367984e+01 1.903870327562312070e+01 -5.156270669475402428e+02 -5.243277318140217176e+02 -9.586644684233782527e+02 -8.585615956300434846e+03
8.389510616400445997e+01 8.548553118181929733e+01 8.450800192320288318e+01 8.610350084438178442e+01 2.637148570697247951e+00 7.538417010194985446e-01 -4.942145669447864975e+02 -4.960263305048379152e+02 -6.633257899708390823e+02 -3.920473666320144730e+03
2.593607606049202730e+01 2.574555030926737587e+01 2.166585048883235842e+01 2.147841760754709384e+01 5.891739483208647599e+00 5.738488569651917004e+00 -4.098811654453339770e+02 -4.187036064890837110e+02 -4.153284433975370575e+02 -7.263683822992886689e+02
1.139357556614045137e+02 1.134539237546800337e+02 1.107602517657444992e+02 1.101366903366025269e+02 9.910199173543453810e+00 1.116511436404852731e+01 -4.132947210125686865e+02 -4.163941265532544094e+02 -6.221873666826447788e+02 -6.850358249024229735e+03
1.488637340092635668e+02 1.499111550477807100e+02 1.611306812540378814e+02 1.621110280046088405e+02 2.654786615190468879e+01 2.647591692211290137e+01 -4.238463931816614263e+02 -4.403919546382592216e+02 -7.993599729672142757e+02 -1.147893370788656830e+04
1.058378313758888254e+02 1.046941687148800071e+02 1.023484883397975693e+02 1.011017303212125569e+02 6.893965611960028106e+00 7.712691639333155713e+00 -1.629490379430006669e+03 -1.625727022824406959e+03 -1.801165131911876870e+03 -6.001846567459917424e+03
2.153937587711191100e+02 2.146720332113827112e+02 1.583396613040244745e+02 1.574218855182783727e+02 6.889699999253612361e+01 6.874489708603260851e+01 -1.009707738890065571e+03 -1.218998028105782168e+03 -1.154856553317026965e+03 -2.359163904174119671e+04
2.431663379118080286e+02 2.426487140315664988e+02 2.126710308669157428e+02 2.119330390185446618e+02 4.371067281214621403e+01 4.440438994998523725e+01 -4.951623988347204204e+02 -5.471067260415826468e+02 -1.117867065761914091e+03 -2.997074376333707551e+04
2.182807930705324679e+02 2.191167206218763681e+02 1.947629851078422973e+02 1.956840646575345772e+02 3.226020202497654310e+01 3.235062111032429755e+01 -7.033847339753245933e+02 -7.171766983276439760e+02 -1.041525421336972840e+03 -2.421572336971920959e+04
1.290101096655402557e+02 1.289872161886843003e+02 1.112629513606803187e+02 1.112529207231286961e+02 2.057083485315655835e+01 2.048114121230144846e+01 -9.712100105756504718e+02 -9.888185852938757989e+02 -1.143392547416468688e+03 -8.733448709282987693e+03
1.682762336629700428e+02 1.670410147769831610e+02 1.793524010826292852e+02 1.781093794043252956e+02 2.904891332036300611e+01 2.955846626492106566e+01 -9.499637695917710971e+02 -9.814413426355081356e+02 -1.899528353742360650e+03 -1.454056855109446406e+04
1.116073118414478955e+02 1.110506928186012630e+02 1.079624867502010233e+02 1.077357995167312339e+02 2.069377107238351954e+01 1.869358802963325417e+01 -4.418515831771850912e+02 -4.495226192745934668e+02 -7.140687038057856171e+02 -6.634257147537015953e+03
1.352266481033510956e+02 1.338264990935314813e+02 1.283517091435353734e+02 1.268682739397692671e+02 1.187180636467017614e+01 1.194079870181871250e+01 -6.469818931588582700e+02 -6.450000235691944681e+02 -9.361367794437555858e+02 -9.517683694394198028e+03
1.831299144303366120e+02 1.827180095421933004e+02 1.836184397680306688e+02 1.832107864159987969e+02 4.059089413562583459e+00 3.911857551512107900e+00 -1.023086395312112700e+03 -1.029987374689640546e+03 -1.630746505081852092e+03 -1.714103582022873525e+04
2.218292575763083505e+02 2.202550468961669310e+02 2.217299096530440750e+02 2.201383321878325319e+02 1.018361674893722091e+00 2.483674870271201485e+00 -5.397862886042331638e+02 -5.399728662058815871e+02 -1.240814669098575678e+03 -2.501257143777069723e+04
4.866672045623452902e+01 4.839353572047684082e+01 4.723922704811938189e+01 4.699774875603724666e+01 4.458865751631760688e+00 3.989811182006696377e+00 -3.880249728858488538e+02 -3.945449259414459107e+02 -4.174248130380083808e+02 -1.571586283266061855e+03
1.157701544618045091e+02 1.170698763272896770e+02 9.205054586120424176e+01 9.330236490927585180e+01 3.071513111690877551e+01 3.182618481784838593e+01 -8.323869682264828498e+02 -8.917063805502289142e+02 -8.935589915713121627e+02 -7.108417531261501608e+03
2.310207762041967214e+02 2.320751670470765760e+02 1.870337114962200644e+02 1.881475344004851991e+02 4.925149831034912040e+01 4.995483163463980247e+01 -1.076473771988773478e+03 -1.197645003509917387e+03 -1.369280962890775982e+03 -2.706577937877026488e+04
2.426882569238353824e+02 2.440410850713882098e+02 2.154902512659640195e+02 2.167183678422191235e+02 3.296173568473314930e+01 3.480050850356673919e+01 -9.305955341296106553e+02 -9.957007387350855652e+02 -1.635260806325602289e+03 -2.983989963169548355e+04
2.421488799044884104e+02 2.415056372294966991e+02 2.345765567733602950e+02 2.339311047892757642e+02 1.187935381108275124e+01 1.150064133183209414e+01 -1.912152691215018649e+03 -1.930664406373018664e+03 -3.053410423333679773e+03 -2.969496578348125331e+04
2.151542951905397274e+02 2.143574269555458898e+02 1.948252027405550848e+02 1.940896758060802938e+02 2.613360989261208545e+01 2.501188557758614195e+01 -1.311340309291737412e+03 -1.323080546304124482e+03 -1.800224144396126803e+03 -2.353880725065828665e+04
7.050824458841827891e+01 7.283286344851961758e+01 7.893414758477466364e+01 8.135778920831531025e+01 1.294969115910829061e+01 1.022319841275540853e+01 -4.039846592310303777e+02 -4.111862166041884166e+02 -5.876889759257111336e+02 -2.883281898454135899e+03
2.732333442990606045e+02 2.732883628038989059e+02 2.369500993144706058e+02 2.369754726375791449e+02 4.147387954121967368e+01 4.169031021369262646e+01 -2.284448212703151967e+03 -2.347162639329792455e+03 -3.039173163116625801e+03 -3.772955312018431869e+04
1.407070154942589113e+02 1.422412609364816660e+02 1.316723126633268635e+02 1.334338042371300617e+02 2.657887993892003919e+01 2.593063054493508446e+01 -4.081933468804664926e+02 -4.181615402617370023e+02 -5.937566538163374616e+02 -1.030350835231215387e+04
1.977882217222051224e+02 1.971962332901168509e+02 1.935829348859240042e+02 1.929829071824480593e+02 5.209171407402884313e+00 5.021415928515066796e+00 -7.748302024067231741e+02 -7.760917985646792658e+02 -1.475112259166097829e+03 -1.994521810753522732e+04
6.855968904300100064e+01 7.048862772367995433e+01 7.362282692561652198e+01 7.551479749458253821e+01 1.071373486083106741e+01 1.002511065994570139e+01 -3.993158295038177812e+02 -3.999759734818144921e+02 -4.865711219375299947e+02 -2.738332364710720867e+03
1.287433255222004220e+02 1.302208752586553544e+02 1.190875371570989500e+02 1.205412609920861797e+02 1.978850982509179701e+01 2.062134193513449532e+01 -5.845800253379172773e+02 -5.927696043203735599e+02 -8.226008977638323358e+02 -8.671077372979676511e+03
1.976000755182997750e+02 1.975632883311163255e+02 1.961395623189747823e+02 1.960465484829927902e+02 1.443458304725228381e+01 1.515810639201606236e+01 -8.211927984670111300e+02 -8.154639552861268612e+02 -1.510295014705767016e+03 -1.989251576117091099e+04
3.129678782485780175e+02 3.132287464723125368e+02 3.059589986031009516e+02 3.062385707421378243e+02 1.069380661705987379e+01 1.031530641492200928e+01 -4.055476865046701278e+03 -4.039698448765735975e+03 -5.358267926012029420e+03 -4.935450107502573519e+04
2.129513116682361442e+02 2.125955265908226011e+02 2.224157204768773681e+02 2.220143674444660462e+02 1.368783126414373008e+01 1.460967412083196315e+01 -5.520277969048244131e+02 -5.527261578152446191e+02 -1.627236523865774871e+03 -2.306630161667893844e+04
2.264856883228566176e+02 2.273516749631473886e+02 2.146476564485465417e+02 2.155140047812586204e+02 1.265219409324591204e+01 1.341078605114316602e+01 -7.575702187499280171e+02 -7.596829520796205770e+02 -1.392368375736211419e+03 -2.605808006257809393e+04
5.637477506150821682e+01 5.549557220310502714e+01 5.640534757671691324e+01 5.548314672273522064e+01 5.018210703567898889e+00 5.453651029126891814e+00 -5.018330763222291466e+02 -5.018878120590769072e+02 -5.648304585496490517e+02 -1.966146920352578718e+03
6.824209932228860964e+01 6.867448169362670285e+01 9.084675941891096329e+01 9.110790559504668806e+01 3.301270927550783085e+01 3.319050572525384979e+01 -4.432747992215653881e+02 -4.713871358060692387e+02 -7.814368750532847798e+02 -2.713822947227408349e+03
1.841216506460742437e+02 1.838599916602991016e+02 1.553279873761071315e+02 1.551379528621230008e+02 3.207718126395257485e+01 3.148557532123903613e+01 -7.996272591993339120e+03 -8.004695530436499212e+03 -8.201588307335789068e+03 -1.734629885000637660e+04
4.005862812006300544e+01 3.799762279299248746e+01 3.741378284303881685e+01 3.539755480672197763e+01 5.784731887876436218e+00 4.084850820007630112e+00 -4.097631607996989942e+02 -4.136148418442401180e+02 -4.416221174106799481e+02 -1.198641346748478327e+03
1.449948125717131688e+02 1.435898639044101230e+02 1.428709050878224787e+02 1.412879545407121498e+02 5.720290579696968969e+00 8.346117226399893951e+00 -8.517064386050483336e+02 -8.536775403341395076e+02 -1.251373987375191746e+03 -1.089846979634039781e+04
2.076283329053763396e+02 2.084792551435177472e+02 1.933922592122993933e+02 1.939978860383694155e+02 3.522299292183087260e+01 3.684880703178084360e+01 -1.432118523465765975e+03 -1.433851693116675960e+03 -1.957345147549722924e+03 -2.195916611495152029e+04
1.330185696397859374e+02 1.340810545849193147e+02 1.366588732153319654e+02 1.377317372512989380e+02 7.797611197867394317e+00 7.044017756194349111e+00 -3.838449345073680661e+02 -3.912440525716787079e+02 -7.575069219310634026e+02 -9.221122356771236809e+03
1.455759500342860804e+02 1.458524278057499259e+02 1.422904371140811577e+02 1.425500625543266153e+02 6.858201203273618596e+00 7.311633588074831991e+00 -6.438795003306738636e+02 -6.447003788424955246e+02 -9.006936767939486117e+02 -1.098303932032117882e+04
3.067137185202986416e+02 3.066676203814876089e+02 3.069415648945798125e+02 3.068951096935635405e+02 -1.272693100329251314e-01 2.886675559222447451e-01 -2.322370444278230025e+03 -2.316680666837981335e+03 -4.351038346594179529e+03 -4.741892512198147597e+04
2.417969481951898558e+02 2.408860938147302875e+02 2.419773364935752227e+02 2.410832636303743755e+02 4.032565624344775834e+00 2.462653083941245491e+00 -3.771203942893894805e+02 -3.783997868468713364e+02 -1.173633635679091412e+03 -2.960445681287293337e+04
8.110979007665866902e+01 8.027318117252252705e+01 9.230435159424365565e+01 9.140145367840342772e+01 1.158081058864085833e+01 1.278309557569484056e+01 -4.720228256953326991e+02 -4.777681208058431253e+02 -6.201941563199026177e+02 -3.682278442426364563e+03
1.789333668346884849e+02 1.781954492051595764e+02 1.781468587313533476e+02 1.774402865745682902e+02 7.982321462806047485e+00 7.123279263507089176e+00 -2.947858329432383016e+03 -2.949758554190093491e+03 -3.439427690423374315e+03 -1.640275462450272607e+04
3.377057950537601272e+01 3.290777065064816043e+01 3.177544832172681666e+01 3.090428354592076232e+01 2.984623726458816240e+00 2.362140603345809442e+00 -4.442372062288544612e+02 -4.410031532635750864e+02 -4.550972515027998497e+02 -1.004158449091092166e+03
5.667003377395921149e+01 5.651905603156876623e+01 7.379958161248359261e+01 7.333667295988115598e+01 2.755167097369016815e+01 2.844514713890088231e+01 -4.700472911284191468e+02 -4.998337059913143889e+02 -7.107004562955935398e+02 -2.003680275208553439e+03
1.754927241108902933e+02 1.756302093364105303e+02 1.602914995546131536e+02 1.606688502275620749e+02 3.847275950866480798e+01 3.749990532406769717e+01 -9.431418053277386662e+02 -9.387029047658763830e+02 -1.322732193129967300e+03 -1.580592431633740489e+04
2.572377516357959166e+02 2.571976663228446114e+02 2.181404778465259824e+02 2.179558351912731098e+02 4.694395320715468500e+01 4.757317534703277317e+01 -1.835268345114026715e+03 -1.899030530509663322e+03 -2.348167539657702491e+03 -3.350519478690777032e+04
3.013535238917124914e+01 3.065445542730089201e+01 3.112667451974514776e+01 3.141099142451729875e+01 3.209692158335472278e+00 4.696395209409851113e+00 -4.118443645536397639e+02 -4.107280777061649246e+02 -4.331188216818812862e+02 -8.617339292001439617e+02
9.347228709577325390e+01 9.340500443202465419e+01 1.100619917783739083e+02 1.099661824858360291e+02 3.170867181785951416e+01 3.184218165983078208e+01 -7.735205992773488788e+02 -8.067092628037092936e+02 -1.125335469736077357e+03 -4.754939125694265385e+03
3.155939093738565049e+01 3.160003426372534818e+01 3.132181211171636193e+01 3.132494434765655100e+01 7.147792024444226122e-01 1.503662132288650977e+00 -4.264339724748572849e+02 -4.285744406913069611e+02 -4.649275474549371552e+02 -9.008016313603205845e+02
1.926351613285798976e+02 1.912386721150592734e+02 2.007167935450204368e+02 1.992932669873933094e+02 2.062329760333944151e+01 2.140068016176226706e+01 -5.083865912145685115e+02 -5.357338302549159152e+02 -1.599609077189182699e+03 -1.890044942620144502e+04
5.351497739113546714e+01 5.361312628316629514e+01 4.729271981459412189e+01 4.740635725671722867e+01 8.201132778248297228e+00 8.185854197295373780e+00 -3.971722734692275480e+02 -3.934951102762098571e+02 -4.188899914731783838e+02 -1.803506375772674119e+03
1.422069634276710417e+02 1.415691205286378249e+02 1.452247148845214895e+02 1.445944106990696696e+02 4.748689681578484922e+00 4.919362999459277574e+00 -5.776860894995523950e+02 -5.786394415992260747e+02 -8.325989975295414069e+02 -1.049785096257506848e+04
1.231635941373533001e+02 1.218908360339271155e+02 1.104666855692168355e+02 1.089474327222860524e+02 2.877257896556279704e+01 2.912896471884195648e+01 -7.419168805548947603e+02 -7.818756600631302263e+02 -9.779460369604677226e+02 -7.991494631882947942e+03
1.955536548205149927e+02 1.960623622375234447e+02 1.998150048973829769e+02 2.003253390717780746e+02 1.899897336934949621e+01 1.886675729105347088e+01 -4.209242861497544254e+03 -4.223542931788975693e+03 -5.058287875240062021e+03 -1.951648440763642429e+04
2.337013329031517515e+02 2.335022119827766289e+02 2.356381296900319455e+02 2.354048591177537730e+02 1.180921330397780444e+01 1.248352985860127973e+01 -5.562727356203619138e+02 -5.605950431511823808e+02 -1.674782749804341847e+03 -2.769341922585510110e+04
1.959241614565115981e+02 1.958113442517425256e+02 1.396905365745449501e+02 1.397185335062836202e+02 6.942139909217431182e+01 6.904479461517207994e+01 -4.011400810123672272e+03 -4.190715085594836637e+03 -4.104978605587177299e+03 -1.954774019458296971e+04
1.752741431694405208e+02 1.756808478848179504e+02 1.657327424273329086e+02 1.655377382758952933e+02 5.081595988549610610e+01 5.278125559968608371e+01 -5.288328438727221510e+02 -5.974062889043792666e+02 -7.780074482878779918e+02 -1.573939753655727145e+04
7.196724664133812155e+01 7.088654241209977158e+01 6.458696581295735939e+01 6.338235577663001408e+01 1.036886671188452880e+01 1.034408304714875193e+01 -5.293133336630094163e+02 -5.327546283358675510e+02 -5.976623323434804433e+02 -3.000431798130569405e+03
6.567907501753060728e+01 6.541270182128761235e+01 6.007546304134957182e+01 5.984703356990115708e+01 7.080705533653578243e+00 6.503583014492650527e+00 -5.657032942703815479e+02 -5.714894890721261618e+02 -6.352285802989225658e+02 -2.572585204907698426e+03
6.817182427906229236e+01 6.782086924417336604e+01 6.070325510940499214e+01 6.007940198463032289e+01 1.479038239065288174e+01 1.566365537837481803e+01 -5.172708718064909590e+02 -5.178382741447752551e+02 -5.984738696792127257e+02 -2.701391074236117220e+03
4.491836225660388493e+01 4.409009403115442893e+01 4.043807147694199955e+01 3.959925327629476044e+01 5.892989616862875479e+00 5.265973649297158055e+00 -4.983335779341742864e+02 -5.007053631644406551e+02 -5.315794655233946742e+02 -1.399574213006632135e+03
9.912749468626185489e+01 9.884358406294681743e+01 1.009329802491373727e+02 1.006446141211765450e+02 1.693883766841704608e+00 2.141957198435510801e+00 -4.243258936912133095e+02 -4.290116018352355809e+02 -6.635382474140793647e+02 -5.288962831126136734e+03
1.852116605982151043e+02 1.861531339271063530e+02 1.690375043765026248e+02 1.699882949953049547e+02 4.163500369772366128e+01 4.195995482200388693e+01 -9.141938793283834457e+02 -9.432005395680982929e+02 -1.183982948698903556e+03 -1.751687078855136497e+04
1.687157771485675255e+02 1.700677289286305438e+02 1.650906020830742591e+02 1.666096993954485015e+02 2.555650665063708260e+01 2.461509328939864716e+01 -4.158916361735316514e+02 -4.412444854803734415e+02 -6.874938094738679411e+02 -1.462104110419663994e+04
2.332986065952352988e+02 2.321887076093934752e+02 1.900343130703080590e+02 1.889957656488479643e+02 5.010020459049590613e+01 4.884259436699818480e+01 -5.888859990768785792e+03 -6.009099305373437346e+03 -6.236869637227742714e+03 -2.760779809195339112e+04
1.939739074942280297e+02 1.937995966891698743e+02 1.986716886493345271e+02 1.985114788990451018e+02 6.466692141104518399e+00 6.144812635208609208e+00 -4.641676561194967690e+03 -4.644420829186221454e+03 -5.418274895434327846e+03 -1.920299563646673414e+04
1.308268960443117521e+02 1.305293096048723385e+02 1.093723539654361048e+02 1.090672498100699386e+02 2.449638117456196085e+01 2.426697968211004763e+01 -7.099526637740045771e+02 -7.265838440557884041e+02 -8.174823081904578430e+02 -8.966856686589024321e+03
7.798216204767021509e+01 7.754129741239614759e+01 7.690500506135950332e+01 7.646450501436302716e+01 8.518332458632624338e+00 8.458916128887080887e+00 -4.854889140662492082e+02 -4.908999216515285866e+02 -5.850255624008345876e+02 -3.440150951791715215e+03
2.022900781914379991e+02 2.028943162585523794e+02 2.124914245442256231e+02 2.130874708084827489e+02 1.290032355923282203e+01 1.254860957658818776e+01 -2.520986993464775423e+03 -2.537832676129461106e+03 -3.646679517067075267e+03 -2.087083309751132401e+04
1.090163822325724539e+02 1.089394546042746441e+02 1.537505535656719928e+02 1.539918208024882347e+02 6.096771187995921082e+01 6.021148346054273048e+01 -4.619445448438598305e+02 -6.385408793896540374e+02 -1.693613831830923345e+03 -6.356013086162783111e+03
2.131148070671385710e+02 2.128640074005093084e+02 2.154641833970040921e+02 2.152548200539242202e+02 7.768740058840189810e+00 6.486018962806300969e+00 -1.245686492616040141e+03 -1.247118070583666849e+03 -2.374905267566304701e+03 -2.307331685077876682e+04
1.582940669025948637e+02 1.559707146615168085e+02 1.602907257493017994e+02 1.579938518634122318e+02 1.096239748803965242e+01 1.100936143122761202e+01 -4.877596537087217143e+02 -4.894232622232123617e+02 -9.694786725690028106e+02 -1.291755722344360038e+04
9.456693418924325556e+01 9.378257815363954819e+01 9.057700958588071671e+01 8.980362931171328000e+01 1.355156372037592938e+01 1.324143295392150677e+01 -3.842840630542473832e+02 -3.944029749038274986e+02 -4.567593891554558923e+02 -4.847675251053633474e+03
2.090936550417574722e+02 2.087280278197766847e+02 2.227191504409801155e+02 2.223611778790643996e+02 2.028506735482218915e+01 2.044561772793262122e+01 -6.588699477972077148e+02 -6.696742916535299628e+02 -1.559191286169105751e+03 -2.223969563028249468e+04
2.560715283385662389e+01 2.531771812083458073e+01 3.086477620959212587e+01 3.065879110015568898e+01 7.206297565927741289e+00 7.062933330223096107e+00 -3.829649546543262204e+02 -3.869154053703853720e+02 -4.051293800754789913e+02 -7.074759877468752620e+02
1.916881993500293220e+02 1.929172291615774384e+02 1.772244874483669150e+02 1.784714406916533846e+02 1.537113488101625336e+01 1.626597715560765067e+01 -7.459145407081955454e+02 -7.509852428906453952e+02 -1.191017919504001384e+03 -1.875717594521264982e+04
2.922254230600045943e+01 2.834452163273875058e+01 2.926414851587638566e+01 2.843608120644091741e+01 6.557655769117132216e+00 6.346502180308527308e+00 -3.820229671209487492e+02 -3.856092992126810373e+02 -3.981504158373053883e+02 -7.962892604726893069e+02
3.774513016094923046e+01 3.719876122042288102e+01 3.348553133183246899e+01 3.295068099527861705e+01 6.246532556177558426e+00 5.779245816216882048e+00 -4.284142527765557134e+02 -4.323741943507586143e+02 -4.450128036801760345e+02 -1.104809799879377806e+03
6.740018103165581920e+01 6.756367252158602810e+01 8.568148062165637668e+01 8.580048146278579679e+01 3.450404467141490272e+01 3.452824966386211969e+01 -4.257257445580411854e+02 -4.633320238249920067e+02 -5.063824207457776652e+02 -2.685942707288352722e+03
1.736319952365209645e+02 1.718120555105752771e+02 1.280777238622329151e+02 1.263235675392397468e+02 5.166415007353660371e+01 4.983623718059591567e+01 -6.660042266915207847e+02 -8.528603397454241986e+02 -7.680364722430452957e+02 -1.545137716520231334e+04
1.905317596913889133e+02 1.899973624067446565e+02 1.541701200270625520e+02 1.534770344611184498e+02 5.178686739723519850e+01 5.188013320882613044e+01 -5.238274928444744774e+02 -6.516157805174092346e+02 -8.516771856420336917e+02 -1.852399084818192205e+04
2.251486515313219741e+02 2.246298860332601635e+02 2.310070156455766153e+02 2.305488698857762415e+02 1.932103700908535515e+01 1.873908503422926941e+01 -3.208226683420295558e+03 -3.230665928615226676e+03 -4.428443332077050400e+03 -2.572469714589920477e+04
9.676016026866952302e+01 9.708471176109713952e+01 1.166616030582185601e+02 1.169221614143273342e+02 2.931741610171535228e+01 2.935298120890970708e+01 -4.263302854177426866e+02 -4.486304762890906659e+02 -9.040157451390563210e+02 -5.078205045406105455e+03
5.359127709167995590e+01 5.443971613564777812e+01 5.154188096364510585e+01 5.232695298104761861e+01 7.976653905426365654e+00 8.572550556813444800e+00 -4.511487682831985921e+02 -4.530542946687715471e+02 -4.876302309923064513e+02 -1.814609294189504681e+03
1.409949266489630304e+02 1.412063736352713477e+02 1.486337327070357048e+02 1.488652184898533903e+02 1.101698477072292803e+01 1.058204822676295187e+01 -7.100627285436023612e+02 -7.158900439391891268e+02 -1.095399370477455250e+03 -1.032178168456711501e+04
9.986150763885574122e+01 1.006178281582496368e+02 9.556960726762892477e+01 9.632538729731717808e+01 2.698160201291738858e+01 2.710330392757869689e+01 -3.737721271533884533e+02 -3.940921214182536119e+02 -4.308720093526583810e+02 -5.346989191278776161e+03
2.351767754338060854e+02 2.348372083533037937e+02 2.287363110055089521e+02 2.283827184058050364e+02 8.276693871175497819e+00 8.397145974518412714e+00 -7.736498586708148650e+02 -7.752593931982088407e+02 -1.564730122454260936e+03 -2.802813346005770291e+04
3.189231665991941895e+02 3.184634609982859388e+02 3.005347449286938399e+02 2.999926718506029601e+02 2.655628134096216542e+01 2.715356981679344628e+01 -8.586544880897539770e+03 -8.582747782274109341e+03 -9.771662094889321452e+03 -5.125084214881176740e+04
