# SNRtot_MF, SNRtot_opt, SNR220_MF, SNR220_opt, SNR221_MF,		     SNR221_opt, evidence220_221, evidence220, evidence221, nofilter
4.917093410213176696e+01 5.017942495390288116e+01 3.943632731484085241e+01 4.052971228379139035e+01 1.045286614948940240e+01 1.102354576046559487e+01 -4.019352379290826889e+02 -4.120102693861496164e+02 -4.080321228558504458e+02 -1.593484065498352038e+03
5.950569728814303261e+01 6.023441355201818226e+01 4.561342968009913790e+01 4.631649186248468908e+01 1.504533173607491570e+01 1.576408108104480554e+01 -4.552291196777318305e+02 -4.600687061906832014e+02 -4.907889982968982849e+02 -2.184459540735419978e+03
2.453537075842266546e+01 2.559419571278517580e+01 1.783188323828616717e+01 1.881077558635220370e+01 6.308989145457544190e+00 7.471540418471366962e+00 -4.010386401679372170e+02 -4.042885592493428817e+02 -4.065889587798747584e+02 -6.980840672285049777e+02
4.991683811647615698e+01 4.986204248714111031e+01 4.056170158225573630e+01 4.028071295816194208e+01 1.046268344159899399e+01 1.122743514180230484e+01 -4.029685419825289046e+02 -4.075832159710813016e+02 -4.064497312700182761e+02 -1.636526194805265277e+03
7.300776901797314089e+00 6.507751595713711090e+00 6.235525829622869942e+00 5.371245788197152926e+00 1.679406952212856519e+00 1.271618698122153113e+00 -3.614002339201387599e+02 -3.618176835088134453e+02 -3.631579346773855264e+02 -3.869528634445564990e+02
4.919627445062297255e+01 5.010555521323853156e+01 3.870744698857615163e+01 3.964442577785243316e+01 1.103008184407043402e+01 1.174638971346123206e+01 -4.170728449891662422e+02 -4.235813064385795315e+02 -4.246807264213638291e+02 -1.618044965943144007e+03
7.590402504717559395e+01 7.522922568841086388e+01 5.455333548613208450e+01 5.384295542715726413e+01 2.403994699632674426e+01 2.350753596778093168e+01 -4.059642991775978089e+02 -4.192763885541039031e+02 -4.235612390655484774e+02 -3.274912848805243812e+03
5.603830510688156608e+01 5.651950020970459576e+01 4.213776232974468172e+01 4.241000076159850352e+01 1.845217789449949564e+01 1.926461433075218110e+01 -6.445936297737475797e+02 -6.613151998995987242e+02 -6.542572623029188890e+02 -1.989832332082546372e+03
7.454334541065907871e+00 7.635433987501325070e+00 5.354190004011278425e+00 5.747106142301078968e+00 2.498157555000051655e+00 2.076629325235381351e+00 -3.937537809832402900e+02 -3.975462466999557591e+02 -3.962424274889536946e+02 -4.226432607312029859e+02
6.158842917283273266e+01 6.226189435688278451e+01 4.884954874842166817e+01 4.940858119094295375e+01 1.386866795353844850e+01 1.483339759336657160e+01 -4.530586410877887147e+02 -4.607179375589551569e+02 -4.994257622217233461e+02 -2.309484760363739952e+03
2.969457707006877811e+01 2.968957377643398132e+01 2.228825833457461059e+01 2.235425019235040267e+01 8.290065910590033837e+00 8.089339490746933592e+00 -3.964005540258268638e+02 -3.984730811126704566e+02 -4.007904273658183456e+02 -8.339855475716224191e+02
3.742839484136556649e+01 3.922790165562423681e+01 2.932627530694109907e+01 3.124255074277510857e+01 7.606655734054784013e+00 8.821977751338456741e+00 -4.210579997835516224e+02 -4.278996408681026651e+02 -4.286114225821420405e+02 -1.117885906915549640e+03
4.562044595274659997e+01 4.664550380685060560e+01 3.716052169701237773e+01 3.812030183154633534e+01 8.273752617027378520e+00 9.460500751262770791e+00 -3.938552156230149990e+02 -4.003782077370946695e+02 -4.011576613237697870e+02 -1.431196437691490473e+03
1.345398894314380378e+01 1.268009675124357827e+01 1.002454261735644359e+01 9.407880078383351830e+00 4.714131012146836497e+00 3.599730846012048513e+00 -3.908067730080032334e+02 -3.941467024663082839e+02 -3.961671530223529771e+02 -4.774953364604327817e+02
1.049258474960578980e+01 9.401909932026629946e+00 8.099396233772266029e+00 7.073231839469526605e+00 3.733638173204810951e+00 2.566022753931501921e+00 -4.169912850554684951e+02 -4.188594148775145527e+02 -4.206645704099539103e+02 -4.695517825367073783e+02
2.679514594500516367e+01 2.723263546487021713e+01 1.978586918409235551e+01 2.023008306824294422e+01 7.349654498507518063e+00 7.728450831878495464e+00 -3.955496449442647418e+02 -3.986638676578727427e+02 -4.020955645730712718e+02 -7.503328262149015018e+02
2.643031849353756968e+01 2.653711168540874255e+01 2.014196152226413261e+01 2.020656925119174829e+01 6.769186570309449813e+00 6.987918696091572457e+00 -4.071019933096307000e+02 -4.086466157345029160e+02 -4.109615008410850692e+02 -7.527459037908922710e+02
2.499412176434343635e+01 2.449986094696243200e+01 1.917174684850043676e+01 1.869211149839918207e+01 7.076096651982185293e+00 6.599724680922847142e+00 -3.841744644951550640e+02 -3.860178841222090114e+02 -3.883188520167258844e+02 -6.877318610637985330e+02
3.411574007446046863e+01 3.168576335431337654e+01 2.684427349413579122e+01 2.447156301770751341e+01 1.034317044595216828e+01 7.966859870326678639e+00 -3.763614869899919881e+02 -3.805879179143241799e+02 -3.828556532965959605e+02 -9.530977700959427921e+02
1.567413498537802496e+01 1.443392681682609435e+01 1.198395684203535794e+01 1.045046876357596766e+01 4.858462134411415612e+00 4.435660457596737771e+00 -3.959471264535966384e+02 -3.968479842920344254e+02 -3.996290579416148603e+02 -5.175459706485272591e+02
3.383898816229613971e+01 3.275537263607287031e+01 2.753802647589540697e+01 2.629112420755928170e+01 7.766105224875691881e+00 7.399631866030005334e+00 -3.979871569870132930e+02 -4.003338790359972563e+02 -4.023284903611652226e+02 -9.611885315897098963e+02
9.975965646113454710e+00 8.769279454449881328e+00 7.478036977246658168e+00 6.452318811517637087e+00 4.105037877821472669e+00 2.551844666379182947e+00 -3.703494860996771081e+02 -3.699064237108358384e+02 -3.717936449780238490e+02 -4.178119414073840971e+02
4.466747310403339277e+00 4.631495725907558203e+00 3.476366857523535359e+00 3.748855999836501418e+00 1.280195122344990111e+00 1.028985609364258869e+00 -3.786504835251675445e+02 -3.807966532815739242e+02 -3.794557825108280440e+02 -3.884796336955004676e+02
5.692415140492396119e+01 5.567234798796715722e+01 4.330060652735183169e+01 4.200368277611916312e+01 1.627190266772767657e+01 1.527587027578798384e+01 -4.020452025976358073e+02 -4.077666453373402646e+02 -4.101013613270725386e+02 -2.005629229775849126e+03
1.097072306724389534e+01 1.066089803423890991e+01 8.719442375613606799e+00 8.536775559468830821e+00 3.177736671136380142e+00 2.472539719081974674e+00 -3.706209567416839832e+02 -3.774554723911614929e+02 -3.737569383155539526e+02 -4.317596549249805093e+02
3.931000008816785396e+01 3.857043574419781606e+01 2.951606302961468131e+01 2.880339143399307744e+01 1.157272431570257609e+01 1.083453281132496038e+01 -3.956792767585320689e+02 -3.965041568289198040e+02 -3.987928122694754620e+02 -1.159834478125477744e+03
1.651979683880602678e+01 1.661243166731639320e+01 1.262400563149706834e+01 1.258718805387464279e+01 3.995039140923503762e+00 4.445458288289787063e+00 -4.047039729457854946e+02 -4.055871431321360774e+02 -4.078908406762953405e+02 -5.384528630018230615e+02
1.695008579644129654e+01 1.682906142819691553e+01 1.341859502951895777e+01 1.334057979828650353e+01 4.445698730858991254e+00 4.209077245516702703e+00 -3.847800156060858967e+02 -3.881615696978080905e+02 -3.949185981050986243e+02 -5.190859512566371450e+02
4.132139898729926131e+01 4.069314358045750879e+01 3.309373898070181497e+01 3.241516516358822031e+01 1.000357079346647815e+01 9.633011156355465232e+00 -3.876368887236556020e+02 -3.956410982667711664e+02 -4.391750902959492464e+02 -1.221821114362825256e+03
7.310613170023916041e+01 7.200786020713815105e+01 5.405002586554979160e+01 5.334067652685189387e+01 2.258325879034791228e+01 2.057892651937949680e+01 -4.194931166062515331e+02 -4.300707970643582598e+02 -4.319742773031559864e+02 -3.086390735219257749e+03
4.946281521652590385e+01 4.916347208522002177e+01 3.934841098902384715e+01 3.918902553722789150e+01 1.197510712459195936e+01 1.122016385948024286e+01 -3.910749386890948927e+02 -4.036200812014023995e+02 -4.236153823799949123e+02 -1.599824436144066340e+03
3.118275025821985480e+01 3.323767858272150022e+01 2.273400513654750554e+01 2.498589846486694910e+01 1.049197023580598120e+01 1.153532760837657278e+01 -4.678076451198316477e+02 -4.789582438689024002e+02 -4.754891019612636001e+02 -8.594846397820074344e+02
3.464098469065130814e+01 3.343855253349266121e+01 2.766839081728400274e+01 2.636720887638142585e+01 8.570619642913589686e+00 7.815865787974954237e+00 -4.075677188162671882e+02 -4.079817386908737262e+02 -4.102640734901875135e+02 -1.000533178235282321e+03
5.312538284218785378e+01 5.459143064484764096e+01 3.943543156313763376e+01 4.094715678638578282e+01 1.628202572838813822e+01 1.732844382511196457e+01 -5.388772797324913881e+02 -5.402423773739157014e+02 -5.424815001494155240e+02 -1.808999869440996690e+03
3.488202624537464658e+01 3.445406052495150107e+01 2.593912802721021293e+01 2.546178794739137885e+01 1.028141692765390758e+01 1.002288610983059414e+01 -3.969413991736712433e+02 -3.975787888908587320e+02 -3.998936704833502063e+02 -9.997089508503238449e+02
3.589822813647577959e+01 3.643480948371264816e+01 2.789776000371833931e+01 2.840119098664608899e+01 8.854491453031783976e+00 9.412494405099254280e+00 -3.942440777878153426e+02 -4.028766422860236389e+02 -4.075494162745811764e+02 -1.018461869406190203e+03
1.621346452401560256e+01 1.684201359173258084e+01 1.209377767665887760e+01 1.262616424024696116e+01 3.812296133168473489e+00 4.644292000372101548e+00 -4.068677900818906892e+02 -4.076007224262324939e+02 -4.099058904297742743e+02 -5.374644747570172285e+02
4.612676768930612070e+01 4.629670072418198146e+01 3.548887323219336309e+01 3.573036295190928513e+01 1.232288505303236192e+01 1.226080294640914659e+01 -4.274995128011797760e+02 -4.305875985225601994e+02 -4.369166595873578558e+02 -1.458725462537307294e+03
2.985641805634805479e+01 3.003606722705453791e+01 2.315001743898270448e+01 2.337590562308840347e+01 7.533288113915362239e+00 7.548604018064253296e+00 -4.121199089148456096e+02 -4.170439888396537071e+02 -4.170500002561548172e+02 -8.518643517517296004e+02
3.287019799431344325e+01 3.176849846195944238e+01 2.587442007739112526e+01 2.472724650468140339e+01 8.708622483781347512e+00 7.865312553222714165e+00 -3.900302795908859821e+02 -3.918742741972142198e+02 -3.941703115751546989e+02 -9.215104683856474139e+02
3.279705910725802909e+01 3.321029996594057110e+01 2.681599561073197080e+01 2.710432674327537583e+01 6.180207362593760578e+00 7.021715616556963191e+00 -3.997829939973492515e+02 -4.039751718535074474e+02 -4.038590410073224461e+02 -9.328781215564320064e+02
2.814523965519191862e+01 2.809164818628239857e+01 2.166371400230218569e+01 2.167998141256986955e+01 8.208747199195423505e+00 7.975772933488164185e+00 -4.302590311012197049e+02 -4.280188065597894820e+02 -4.306231341968651236e+02 -7.837124930751817828e+02
1.956798839852172378e+01 2.057442869581608491e+01 1.541544080948975193e+01 1.632056495364488669e+01 3.464630192145088383e+00 4.721581283544719732e+00 -3.731635349248543321e+02 -3.737012555424714719e+02 -3.758976391124336374e+02 -5.597994502702830459e+02
1.180562405747823007e+01 1.138235651739989329e+01 8.754196887113247172e+00 8.443073279033146861e+00 3.921455216498875185e+00 3.246616457331899408e+00 -3.880976308997492197e+02 -3.895859417663489239e+02 -3.918278959322192918e+02 -4.554218947271882030e+02
4.872841203407280375e+01 4.894988118123374221e+01 3.836207635878044186e+01 3.842820808663180543e+01 1.117630254811613888e+01 1.187520140123155343e+01 -4.340870252551450790e+02 -4.375211031161605320e+02 -4.393388255422307225e+02 -1.609130228351095411e+03
5.896526361947655914e+01 5.941156660346850060e+01 4.559110777159946792e+01 4.594249274579630793e+01 1.422172240314385405e+01 1.491703855407716084e+01 -3.907540288911499147e+02 -3.935687202834934055e+02 -3.958837616277157281e+02 -2.118701262736921763e+03
4.438636515188975551e+01 4.464358297254641172e+01 3.478412997564651477e+01 3.484241358389743226e+01 1.000352479487890101e+01 1.087287903868414851e+01 -3.838551154166761421e+02 -3.871324197009847694e+02 -3.894563811377039428e+02 -1.365465799031455163e+03
2.540888593049231758e+01 2.581415891113440608e+01 1.956237093801286875e+01 2.000180791063092656e+01 6.186593016179966043e+00 6.446016373588750348e+00 -3.665317095757870902e+02 -3.689563641716619031e+02 -3.712131309553023470e+02 -6.839777975507462315e+02
3.008571552187103038e+01 3.045348980961726326e+01 2.302196374877726370e+01 2.339613731864444901e+01 7.924515503139835104e+00 8.221985535404957801e+00 -4.130673733748819245e+02 -4.149440995228729889e+02 -4.173121114239538656e+02 -8.401955508657058544e+02
4.460069592601212918e+01 4.571042704837517334e+01 3.463455752291914536e+01 3.595591102204172529e+01 1.052097200703014401e+01 1.081823083952101605e+01 -4.196995412325703114e+02 -4.326413110810802891e+02 -4.296058397005455731e+02 -1.406477052426502269e+03
2.818618516205203406e+01 2.863114866550175819e+01 2.265576659175103558e+01 2.305268704853392592e+01 5.956416123183903011e+00 6.508003580137631694e+00 -3.804633667275138578e+02 -3.850568703237710793e+02 -3.840965724384599298e+02 -7.733137441726503312e+02
4.563983800440247762e+01 4.498983186332091577e+01 3.514279632381040841e+01 3.444133372650852465e+01 1.209604392080067470e+01 1.165999220679695725e+01 -3.754826048152560816e+02 -3.791501816055811105e+02 -3.877697606059761597e+02 -1.410335857756891528e+03
4.970622361685383339e+01 4.835553788576894618e+01 4.016181185297116940e+01 3.897674733929441970e+01 1.249958938716810586e+01 1.071485446933744612e+01 -4.122581548884623999e+02 -4.234529007183110139e+02 -4.211403483097065532e+02 -1.629671787776216661e+03
2.880717515243789606e+01 2.935171565279073747e+01 2.248580597531151426e+01 2.316157546980099724e+01 6.956249933994632428e+00 7.003556155806175632e+00 -3.752005049623370496e+02 -3.824917962373222622e+02 -3.800328012235010533e+02 -7.841377146661740198e+02
6.056475879611991786e+01 6.212798451615643103e+01 4.526696841791050474e+01 4.683824879624007309e+01 1.547563891202697661e+01 1.687006408560463910e+01 -4.033811949085396122e+02 -4.083331928463445024e+02 -4.182127254093793454e+02 -2.228272557607732324e+03
5.425410975561526072e+01 5.357322935440195266e+01 4.358216684085712700e+01 4.288993825425772144e+01 1.270479430178538749e+01 1.214598231058735323e+01 -3.753121612449109534e+02 -3.888866219891904734e+02 -3.864192452653825285e+02 -1.831106477871543575e+03
8.047389810149537581e+00 7.056716690455608898e+00 6.442534242740519446e+00 5.648685743583371277e+00 3.167052676367496211e+00 1.612797910499010001e+00 -3.859679952233632321e+02 -3.899042550522372608e+02 -3.869228137332053734e+02 -4.157819949207721493e+02
7.536107875707415360e+01 7.727775790811494971e+01 5.684400128010810249e+01 5.867246868169702623e+01 1.923605759650440206e+01 2.116542889656161464e+01 -4.426343853996485223e+02 -4.505539465567149477e+02 -4.528209195482689893e+02 -3.223661428729505133e+03
3.974213118100546183e+01 3.900615770436882457e+01 3.164020565144137009e+01 3.087073362863552362e+01 1.004972129765284450e+01 9.529956973537908382e+00 -4.183267839518916276e+02 -4.272463218583159801e+02 -4.423947512807840781e+02 -1.186328117059685837e+03
1.858968674567289980e+01 1.825902891419896434e+01 1.482478692920158991e+01 1.432738202196699362e+01 4.290912674342774125e+00 4.531248053702997325e+00 -3.824988176804578757e+02 -3.837913037854680169e+02 -3.855925213816838095e+02 -5.516678418876950900e+02
3.125456950659643951e+01 3.035493875409902742e+01 2.320396529958005516e+01 2.197971535345101302e+01 9.270200455991892241e+00 9.226895418071338284e+00 -4.203418856882868795e+02 -4.215306757225312708e+02 -4.252230206614618737e+02 -9.041401626801798557e+02
4.550267898487911822e+01 4.694997084630978890e+01 3.338439877835740077e+01 3.493270604176660754e+01 1.230944341910406159e+01 1.334807610978117332e+01 -4.205035173314901158e+02 -4.245021037789657044e+02 -4.267817720609772891e+02 -1.448232300061959222e+03
3.008434733956482532e+01 3.039826298778884350e+01 2.392228923480976732e+01 2.425765030541106171e+01 6.725881996414992514e+00 6.929001991997066234e+00 -3.958041607330799820e+02 -3.979955694085701907e+02 -3.998866032771239247e+02 -8.400654330508795056e+02
1.079164687946612311e+01 1.157503375508384025e+01 8.514170061539132917e+00 9.419869567422329837e+00 2.310467528504722701e+00 2.522977660577569115e+00 -4.019108312419781441e+02 -4.062484035384692902e+02 -4.072833112754032072e+02 -4.583554552927411123e+02
1.001484507341768904e+01 1.001555978574292283e+01 8.126914052570398894e+00 8.176230107732338936e+00 2.294279525646536921e+00 2.106237497396656000e+00 -4.378085486896188741e+02 -4.400846617547614414e+02 -4.390185741649427769e+02 -4.857036244916312739e+02
3.339621096398499134e+01 3.261483551553369153e+01 2.584389758309911400e+01 2.507249659851907708e+01 9.040011818642245345e+00 8.299816784901844713e+00 -4.485267897774463677e+02 -4.530090852616474422e+02 -4.553294929012735679e+02 -1.000467104678930014e+03
2.354842049057593911e+01 2.061636569077536052e+01 1.775781062266177912e+01 1.481274734036099439e+01 9.028112007483988677e+00 6.398960757021123769e+00 -3.832049624971806452e+02 -3.856736904402221171e+02 -3.913074316497760492e+02 -6.579333413436846740e+02
2.593484425616934530e+01 2.529451152378255330e+01 2.014412732440137788e+01 1.936012218510314398e+01 6.839521998851400220e+00 6.687221313697850889e+00 -4.127487393516981342e+02 -4.146340776871509775e+02 -4.169491859415722388e+02 -7.449882373187990652e+02
2.431323476597732736e+01 2.490225114142666740e+01 1.926182952849392294e+01 1.993516714249527766e+01 5.435987087793762385e+00 5.656058337952913462e+00 -3.895200465516261374e+02 -3.938160383946570846e+02 -3.920790307051368586e+02 -6.810621787254866604e+02
4.459815814906612985e+01 4.451919108596482744e+01 3.362949752008008630e+01 3.352176591751872081e+01 1.212719588739569510e+01 1.213509066082207610e+01 -4.201273865496190751e+02 -4.238120980692777380e+02 -4.260734956752244784e+02 -1.407912120039135971e+03
4.510161962927737278e+01 4.530530475625602094e+01 3.432909305859541149e+01 3.471832268299959168e+01 1.320443893954836057e+01 1.287150323917737360e+01 -4.718138440060388348e+02 -4.750200937147182003e+02 -4.773215920872511902e+02 -1.416525725010261567e+03
4.825666031429449276e+01 4.762619310695509967e+01 3.835803588805564601e+01 3.784860272681251558e+01 1.203095576734315664e+01 1.105934094092759956e+01 -4.226896282003381771e+02 -4.329594972069090772e+02 -4.306092110571785838e+02 -1.570377593063745053e+03
2.526912829642260050e+01 2.648781682734648513e+01 1.983330743027675780e+01 2.104808074356798997e+01 4.912664589791949865e+00 6.026391137039056822e+00 -3.812186770282366979e+02 -3.838393946109721355e+02 -3.854866633439265797e+02 -6.959889677599335300e+02
5.707975723864164053e+01 5.599515431883475713e+01 4.536906259465791180e+01 4.420655956972248646e+01 1.398837235936556311e+01 1.328516318398083840e+01 -4.061421087241350847e+02 -4.153851142500034257e+02 -4.411006140344265987e+02 -2.021398936230713844e+03
2.158670996220018523e+01 2.155468737820780945e+01 1.711930706223263954e+01 1.707693857949661265e+01 5.167057035195160353e+00 5.173491218416222281e+00 -3.900477268117622884e+02 -3.937204491855978290e+02 -4.068115424611481217e+02 -6.141019837468930973e+02
6.993486747931005709e+01 6.883303222409752209e+01 5.521357682604937622e+01 5.406799413157154532e+01 1.718547854838620026e+01 1.633430662252948196e+01 -3.988476382264473727e+02 -4.034346344419169554e+02 -4.100738463715745752e+02 -2.828513032574138379e+03
1.012112857954799949e+01 9.398379508142673089e+00 8.207042419355627061e+00 7.443619062427202948e+00 2.791500356615489231e+00 2.311217900488860444e+00 -3.934460490526921035e+02 -3.956684663246205105e+02 -3.964661667876441697e+02 -4.440629086767800118e+02
2.604903037850760583e+01 2.635504413982480543e+01 2.025870254132781767e+01 2.057659143510579725e+01 6.241428393249798923e+00 6.476722747701260552e+00 -4.268361009631603906e+02 -4.286245188279910394e+02 -4.306318043727752638e+02 -7.564671883874846117e+02
3.002598541186502956e+01 2.884104928806997847e+01 2.353686302364682348e+01 2.227509097340083244e+01 8.232299767191801010e+00 7.413721099136429515e+00 -3.968437216703513855e+02 -4.008527408082051693e+02 -4.038359932112174420e+02 -8.455478832358537602e+02
6.084003863240306487e+01 6.094241089780695830e+01 4.481290747432548471e+01 4.492719635128391786e+01 1.756390599898555394e+01 1.762654639502000364e+01 -3.873047860729114973e+02 -3.933272278724439275e+02 -3.952574177124580501e+02 -2.231562453241242565e+03
4.449382153320757283e+01 4.474375463892739191e+01 3.424039596251225959e+01 3.458085091802354327e+01 1.130215420632909051e+01 1.124968370869986956e+01 -4.014047587980455205e+02 -4.048639371840284866e+02 -4.072435984035254251e+02 -1.377815322210695285e+03
4.256486505306413193e+01 4.199460635057166513e+01 3.325287026668016921e+01 3.288491275554192583e+01 1.141129583995967778e+01 1.025612911531918670e+01 -4.138405500274795941e+02 -4.213213781800803872e+02 -4.233410019084483338e+02 -1.307544524069476211e+03
6.574431717799031105e+01 6.440734146395861615e+01 4.933754829808988518e+01 4.807642338447183050e+01 1.944249089070412495e+01 1.802918965279153696e+01 -3.956134449184549453e+02 -4.022493776359141293e+02 -4.042923019366006088e+02 -2.543700563219392734e+03
5.141254955850278918e+01 5.241040986255093515e+01 4.065883354201085353e+01 4.169550540105359460e+01 1.196434514738514565e+01 1.267994079335632840e+01 -4.458997944457373706e+02 -4.489342297415554413e+02 -4.491398334801664305e+02 -1.714853189666760727e+03
5.765288526858056883e+01 5.863419783719989908e+01 4.039059963771290995e+01 4.163752902328938887e+01 1.841349079276571032e+01 1.871377319693331742e+01 -4.143597545772585704e+02 -4.234876732921322287e+02 -4.248593120741538200e+02 -2.070258788798375917e+03
2.124708605241804094e+01 2.089710976630752981e+01 1.697525573233365748e+01 1.660537321846458170e+01 5.352335229360167368e+00 5.123700540952537352e+00 -3.934814520765850716e+02 -3.950971126947467269e+02 -3.979351444108330043e+02 -6.065916488706558312e+02
8.832393936321358296e+01 8.640224386891955533e+01 6.710546281824959181e+01 6.528076982892071101e+01 2.534786716474021517e+01 2.333728918721392631e+01 -4.069263856394138088e+02 -4.185269016089882257e+02 -4.327068327811697372e+02 -4.290647493942406982e+03
3.901132821886107394e+01 3.835081326656725764e+01 3.072601741745563331e+01 3.019698989805656808e+01 1.012310760756420613e+01 9.094304722506558747e+00 -4.031693316273001528e+02 -4.113062573555803283e+02 -4.129670384389316382e+02 -1.153704250049317352e+03
3.833076997461111546e+01 3.906855567506702442e+01 2.871589749537825043e+01 2.936616311278672242e+01 9.785002047734066011e+00 1.069465422725764725e+01 -4.057171735170637703e+02 -4.093990588400309321e+02 -4.116943090467796083e+02 -1.134072071933254620e+03
3.868049974233436217e+01 3.811355101679541946e+01 3.026114762345135389e+01 2.972090108407125086e+01 9.854780483179153450e+00 9.254902156778621602e+00 -4.252347446987224657e+02 -4.281116250591020389e+02 -4.303899367498484594e+02 -1.167972864749144492e+03
6.681842996417698544e+01 6.647322182956324355e+01 4.989235499990348899e+01 4.954926417608890432e+01 1.935589704086514473e+01 1.904360325035807833e+01 -4.361780475626848670e+02 -4.439781091836691758e+02 -4.468915537195592833e+02 -2.630797644593134009e+03
2.878018315551760153e+01 2.723907922950261096e+01 2.210119318124996468e+01 2.066094944556262547e+01 9.221959359946648505e+00 7.617586518226571179e+00 -4.224099251869691898e+02 -4.260407478470958722e+02 -4.285766910740578055e+02 -8.158661406244908676e+02
1.718893648015531994e+01 1.590221894437881289e+01 1.352521813261286354e+01 1.209729630521038857e+01 4.989251992095071309e+00 4.236891283950600773e+00 -3.577917264355085081e+02 -3.586703891098988493e+02 -3.660323589454928879e+02 -5.011400720755248130e+02
6.128533833718739032e+01 6.271334433437758804e+01 4.491728760394894238e+01 4.630446338001176088e+01 1.669241833289238031e+01 1.809207030536443739e+01 -3.838208697516435564e+02 -3.903314890880331518e+02 -3.946517994046920421e+02 -2.251178223156929562e+03
1.606598772814264109e+01 1.577411544327004655e+01 1.196349782674647244e+01 1.159338438793034065e+01 4.678375493994688661e+00 4.610451616028263366e+00 -3.883458551818061437e+02 -3.913135898863832267e+02 -3.937262636004140859e+02 -5.128489737269314901e+02
3.661007400827292457e+01 3.649358376697788486e+01 2.883185295631742306e+01 2.880634376586482048e+01 9.000363033537695401e+00 8.591063306126525134e+00 -4.133486414088648075e+02 -4.189960654388904118e+02 -4.197097817356363407e+02 -1.075816301366908192e+03
1.544137320368264987e+01 1.368816454225985701e+01 1.258037062079701762e+01 1.092340066652342934e+01 5.033818176717449688e+00 3.177491730814734350e+00 -3.794930220514069106e+02 -3.832149547992647172e+02 -3.823734563924887766e+02 -4.939713358264566523e+02
6.253201217982260829e+01 6.278629101881593755e+01 4.603681916102942751e+01 4.631627467297609257e+01 1.794744392238428077e+01 1.811426750134149444e+01 -3.955436747192423468e+02 -4.024246992455653640e+02 -4.047866371322775194e+02 -2.341299977529563876e+03
2.604847429174706619e+01 2.603834305968824125e+01 1.990289668305808490e+01 2.001561589545956465e+01 8.308476960245840814e+00 7.993216520474573095e+00 -4.314944773455531504e+02 -4.372505231269923911e+02 -4.365393952875524519e+02 -7.306553822568937449e+02
2.106886852361535745e+01 2.228342126640671594e+01 1.663085062961890870e+01 1.780967526367504661e+01 3.962374799076720411e+00 5.142675973710055359e+00 -4.046270832690252632e+02 -4.048043309770781661e+02 -4.068130727290511004e+02 -6.148300240556858398e+02
