# SNRtot, SNR200, SNR220, evidence220, evidence200, evidence220_200, nofilter
4.563452190609544346e+02 4.202783553833667440e+01 4.204805830398435660e+02 -2.090365344497827138e+01 -2.116376081745197624e+01 3.172820517333365675e+00 -1.041134890787861805e+05
5.840316217015904385e+02 5.378731697150514179e+01 5.381319811175420682e+02 -3.577166578997100288e+01 -3.602994980351198961e+01 2.601331000438936059e+00 -1.705344771725857572e+05
1.443090291561101424e+02 1.329036854281127589e+01 1.329676354281472470e+02 1.680693926846208885e+00 1.425379346588281582e+00 6.924725687687313780e+00 -1.040055754688046727e+04
1.701069572867359057e+02 1.566626958311328188e+01 1.567380780853685565e+02 4.737638554552390246e-01 2.169387808691598529e-01 6.477593861295228628e+00 -1.445619805756664209e+04
3.024976996473729400e+02 2.785900463176940889e+01 2.787240970282837793e+02 -7.448399042118376556e+00 -7.707857245134624335e+00 4.543349340463800345e+00 -4.574043874486707500e+04
1.224235400370827733e+02 1.127478976834036040e+01 1.128021492117755997e+02 2.641705575084188240e+00 2.388502955943182737e+00 7.329617329384073621e+00 -7.481771176496549742e+03
8.115093069257969773e+02 7.473723458632622396e+01 7.477319631409153544e+02 -7.078985274457103571e+01 -7.100026850969447878e+01 1.890519888672848481e+00 -3.292616872124846559e+05
8.115093069257969205e+01 7.473723458632621330e+00 7.477319631409153544e+01 4.375058692297512764e+00 4.131674424117692368e+00 8.163509456639081563e+00 -3.280746375026881651e+03
9.565817178472119622e+02 8.809790798157183644e+01 8.814029853831458468e+02 -9.890211116684483272e+01 -9.902091751237225026e+01 1.522940185634110044e+00 -4.575123010586525197e+05
6.884381573894688700e+01 6.340280219571107878e+00 6.343331007206938210e+01 4.905030494199531077e+00 4.668679651654969121e+00 8.432159154405233892e+00 -2.357745081639980526e+03
1.443090291561089998e+03 1.329036854281135049e+02 1.329676354281460362e+03 -2.263392584435931099e+02 -2.258881061084412067e+02 5.170183350532241429e-01 -1.041242804397826665e+06
2.786171148490484484e+02 2.565968436162711086e+01 2.567203117360998021e+02 -5.782255935375674838e+00 -6.041497324319124118e+00 4.851896181527677321e+00 -3.880175794229487656e+04
1.846870150138849738e+02 1.700904308593862524e+01 1.701722742110155764e+02 -2.505663780992328782e-01 -5.079774920201058919e-01 6.237510892963992859e+00 -1.704265635626043149e+04
1.566779175849256092e+02 1.442950090788346529e+01 1.443644403049578955e+02 1.113224713086755191e+00 8.570919482894461261e-01 6.706528506544215062e+00 -1.226199452826531706e+04
5.379254308670617775e+02 4.954109432085452625e+01 4.956493228270880422e+02 -3.000963214195592954e+01 -3.026926540123288945e+01 2.781040791892527952e+00 -1.446698941856479796e+05
4.954590786205126847e+02 4.563008836837923354e+01 4.565204444990798720e+02 -2.509655975576579223e+01 -2.535661303796711508e+01 2.969074772306087517e+00 -1.227278588926346274e+05
1.566779175849256262e+03 1.442950090788346529e+02 1.443644403049579068e+03 -2.669069209033643233e+02 -2.662853831773400657e+02 2.840331572778995728e-01 -1.227386502536328277e+06
8.810646780277137395e+02 8.114304662374533450e+01 8.118209067145306790e+02 -8.370371563363671896e+01 -8.387686664383279833e+01 1.708221880410796034e+00 -3.881254930329303606e+05
6.340896257639184341e+01 5.839748811877402801e+00 5.842558756052524416e+01 5.148095066647731421e+00 4.916317082805304217e+00 8.554707763989719993e+00 -1.998357866398076112e+03
7.474449624985107903e+02 6.883712734514199383e+01 6.887025008573353944e+02 -5.981283670105024441e+01 -6.004685888348586076e+01 2.070333781698781461e+00 -2.793249955810910906e+05
7.474449624985108187e+01 6.883712734514198850e+00 6.887025008573353091e+01 4.648186606178376756e+00 4.408008752300506039e+00 8.301971340027380464e+00 -2.781379458712945961e+03
1.329165986948416673e+02 1.224116462040933051e+01 1.224705476916913227e+02 2.187097429495670653e+00 1.932750267347257633e+00 7.132392715931578309e+00 -8.821420703193738518e+03
1.127588525615262370e+03 1.038470507196084753e+02 1.038970193783082550e+03 -1.378637698391954416e+02 -1.378143276707075131e+02 1.140755096307015881e+00 -6.357159511484914692e+05
1.224235400370827165e+03 1.127478976834035649e+02 1.128021492117755542e+03 -1.626778004087429679e+02 -1.625135713014333021e+02 9.416960832422319738e-01 -7.493641673594505992e+05
1.038571407683579650e+02 9.564887829166469402e+00 9.569490219047794710e+01 3.425809263579983277e+00 3.175567370831936742e+00 7.693021017711953569e+00 -5.381162443180205628e+03
3.024976996473729685e+01 2.785900463176941511e+00 2.787240970282838504e+01 6.978497534375910583e+00 6.871634487753336629e+00 9.416398376057255604e+00 -4.455338903507066561e+02
9.565817178472117632e+01 8.809790798157182579e+00 8.814029853831456762e+01 3.767645076564740680e+00 3.519307806868173572e+00 7.859496366724060046e+00 -4.563252513488558179e+03
2.005167458097767508e+02 1.846690720879474767e+01 1.847579303248605527e+02 -1.074944655256202530e+00 -1.332852020043522323e+00 5.985641730277420969e+00 -2.009149227396225615e+04
2.566217752310171818e+02 2.363398873151028567e+01 2.364536082834362105e+02 -4.343838255111758251e+00 -4.602823867984318085e+00 5.153380896449808901e+00 -3.291537736025029153e+04
3.284251161007412065e+02 3.024683110418956744e+01 3.026138513889466708e+02 -9.382980226672342994e+00 -9.642622242582897130e+00 4.234623698746027287e+00 -5.391953804178362043e+04
3.871372257379958910e+02 3.565401580751773025e+01 3.567117164713779971e+02 -1.425799736575395116e+01 -1.451792741477010829e+01 3.654392083473680497e+00 -7.492562537494694698e+04
6.884381573894685289e+02 6.340280219571105391e+01 6.343331007206935510e+02 -5.047773953077116005e+01 -5.072545874894763784e+01 2.248155945620466500e+00 -2.369615578737942851e+05
2.786171148490485194e+01 2.565968436162711530e+00 2.567203117360998377e+01 7.158013047029214704e+00 7.082321604961896000e+00 9.494840214787071631e+00 -3.761470823249847513e+02
8.810646780277136259e+01 8.114304662374532739e+00 8.118209067145306790e+01 4.082700648016066580e+00 3.836625506794324458e+00 8.016187988390349517e+00 -3.869384433231338335e+03
1.127588525615262398e+02 1.038470507196084824e+01 1.038970193783082863e+02 3.052384474955992744e+00 2.800536913029389119e+00 7.516458970897446079e+00 -6.345289014386951749e+03
1.329165986948416730e+03 1.224116462040933015e+02 1.224705476916913312e+03 -1.919064727589712049e+02 -1.916079873941050948e+02 7.348186338408144724e-01 -8.833291200291702989e+05
1.038571407683579537e+03 9.564887829166468691e+01 9.569490219047794426e+02 -1.167946482341560852e+02 -1.168396098612375056e+02 1.334066722329349197e+00 -5.393032940278168535e+05
6.340896257639185478e+02 5.839748811877402801e+01 5.842558756052525268e+02 -4.253459331213377936e+01 -4.278951168979555320e+01 2.424685523604779736e+00 -2.010228363496040693e+05
4.203191907182633713e+02 3.870996141356396691e+01 3.872858769940215211e+02 -1.732168442678109699e+01 -1.758172350066739753e+01 3.399817902648344603e+00 -8.832212064191886748e+04
3.565748004415344781e+02 3.283932085649905019e+01 3.285512233381054443e+02 -1.163398990785140619e+01 -1.189378781335443591e+01 3.935028453709854990e+00 -6.356080375385100342e+04
2.363628507114432864e+02 2.176821099937083659e+01 2.177868532963246082e+02 -3.098607334968614957e+00 -3.357291164943040140e+00 5.443740611811424657e+00 -2.792170819711095828e+04
2.177032605520199695e+02 2.004972649755717740e+01 2.005937393514388134e+02 -2.017262097193298409e+00 -2.275589801390810685e+00 5.721233877612235119e+00 -2.368536442638129301e+04
