# SNRtot, SNR221, evidence220, evidence221, evidence220_221, nofilter
1.572879447137987938e+02 2.108648701718009022e+01 -4.715421776176627056e+00 -1.958253629895797232e+01 3.544246045191751460e+00 -1.235775837503645926e+04
3.579631281975729280e+02 4.798959557327816583e+01 -4.270033723576176499e+01 -1.036884942203025730e+02 -6.129028924368228992e+00 -6.405681017338695528e+04
1.243525287462155404e+02 1.667106775240701921e+01 -9.848902840112518930e-01 -1.172096773276045667e+01 4.748781534040830365e+00 -7.719785301680126395e+03
6.440807739393943621e+02 8.634737329934002048e+01 -1.446372245362441333e+02 -3.357032866698731937e+02 -2.953631023590881099e+01 -2.074080312780755630e+05
9.162237811811254460e+02 1.228316696607749634e+02 -2.945690007019736640e+02 -6.793256956841506735e+02 -6.316815301055602561e+01 -4.197210181998104090e+05
4.319872687290667557e+01 5.791349076508991445e+00 5.915046748122717801e+00 1.923693205573465903e+00 8.068994020936731459e+00 -9.210746006109399104e+02
2.134757257800218255e+01 2.861918711147489081e+00 7.709079270307309883e+00 4.602334004335636664e+00 9.350846653525188401e+00 -2.158690263774807363e+02
2.400871448312074463e+01 3.218679264763102399e+00 7.467536261490576699e+00 4.231325413789674528e+00 9.177418729035311529e+00 -2.762187844569512549e+02
1.303355186442556032e+03 1.747316507168039550e+02 -5.971979662602184362e+02 -1.374676445220137794e+03 -1.305034412491416447e+02 -8.493553806122459937e+05
1.648555606987286183e+03 2.210102399588870128e+02 -9.557184395283122740e+02 -2.199288097522166936e+03 -2.099881943037630094e+02 -1.358855804263500962e+06
9.831364656532213075e+01 1.318021820224998386e+01 1.523645267284145177e+00 -6.456720178457330483e+00 5.692892192961574338e+00 -4.820796149376483299e+03
5.464013504670309374e+01 7.325218092052491414e+00 5.051211753846835961e+00 5.220670572812085020e-01 7.488381401173921148e+00 -1.480781777851921333e+03
3.751858562069766322e+03 5.029852542312448236e+02 -4.950497328422332430e+03 -1.139115701345064917e+04 -1.091833368269911944e+03 -7.038209344486998394e+06
8.146689269934337290e+02 1.092169255794218117e+02 -2.325615888315146833e+02 -5.370778304358817650e+02 -4.930258612221710024e+01 -3.318307399032072863e+05
7.243704804879274661e+02 9.711124880060278031e+01 -1.834865241598843397e+02 -4.246160535042251354e+02 -3.829119062535841778e+01 -2.623443061000463786e+05
1.398540441548110493e+02 1.874924675083401127e+01 -2.659572137928536861e+00 -1.523575253982791011e+01 4.187432505612098232e+00 -9.767586432118863740e+03
3.182862566348077848e+02 4.267039683485648283e+01 -3.303536667746619315e+01 -8.196530289060272878e+01 -3.813206436854026826e+00 -5.064108018019030715e+04
1.768951173475236942e+02 2.371508256489962108e+01 -7.253425104559803493e+00 -2.500905841310927968e+01 2.796750618786850939e+00 -1.563395086958803404e+04
3.336000059998736106e+03 4.472340336220569270e+02 -3.913884563998380145e+03 -9.005897957057513850e+03 -8.631930167169304013e+02 -5.564436209754676558e+06
4.858378608323216241e+01 6.513286039522229842e+00 5.506835454119378248e+00 1.280431633102370848e+00 7.788530116431018335e+00 -1.168201733981577036e+03
1.105692116308128874e+02 1.482323549840645427e+01 3.884703495841286269e-01 -8.841323180642005397e+00 5.245946831696429058e+00 -6.100784879220688708e+03
1.854060958597724266e+03 2.485608951383403280e+02 -1.208903246403107460e+03 -2.781781023519086830e+03 -2.660326298523839910e+02 -1.718759028697047150e+06
2.700158854248314100e+01 3.619912812010691816e+00 7.207606376279975358e+00 3.841493795961157254e+00 8.990606514054432452e+00 -3.525524907997237278e+02
1.465828605433068105e+03 1.965133177505622371e+02 -7.555179618231950371e+02 -1.738766673224524084e+03 -1.656262956675198552e+02 -1.074314759851817507e+06
3.841055121235296355e+01 5.149432087346457187e+00 6.283953066220931305e+00 2.481688441148182100e+00 8.328872864641471807e+00 -7.256948211093400687e+02
1.898139341418978887e+01 2.544701734926968495e+00 7.935227432002559311e+00 4.959673325714720526e+00 9.512905181283780820e+00 -1.681562468630691001e+02
7.772719379673443996e+01 1.042033746361804880e+01 3.268700605653353186e+00 -2.840048407699929722e+00 6.478887995683955126e+00 -3.008767926648501998e+03
2.085184159773918054e+03 2.795459549904390997e+02 -1.529117526789932754e+03 -3.518550239746655734e+03 -3.368461677376978969e+02 -2.173984499684921000e+06
2.966235591293760990e+03 3.976623154401619900e+02 -3.094333898948850674e+03 -7.120101840152211480e+03 -6.824045073092030407e+02 -4.399264801127815619e+06
6.911185986350032806e+01 9.265340318335393732e+00 3.949293834659076019e+00 -1.493550761325961762e+00 6.833866011878723334e+00 -2.376234185786998751e+03
1.334341108773574724e+01 1.788857150994057399e+00 8.546767961351669385e+00 5.992836273705345995e+00 9.947424041210785717e+00 -7.703290861909998455e+01
1.687748312496735892e+01 2.262645299643732066e+00 8.148689757242424392e+00 5.307777105728670008e+00 9.665374596785436978e+00 -1.304343172077243196e+02
3.036754776396457345e+01 4.071163259419575908e+00 6.926062619895643202e+00 3.426314558621205375e+00 8.788256652037336636e+00 -4.491035774892801555e+02
5.092130430079727148e+02 6.826660644529603417e+01 -8.950183139559196377e+01 -2.098330604988266543e+02 -1.700499075343694599e+01 -1.296369711836106726e+05
1.158890429433840836e+03 1.553642781654779981e+02 -4.719813844562729059e+02 -1.086825137692577755e+03 -1.026858047470396116e+02 -6.715015233155669412e+05
4.025860321578831531e+02 5.397187404185402215e+01 -5.486287296529522450e+01 -1.311560305149275507e+02 -8.995849462485770331e+00 -8.102576624320501287e+04
1.989464774196958956e+02 2.667135310883175237e+01 -1.040130802028656731e+01 -3.181689140359475942e+01 1.916380018395142937e+00 -1.977786003774373239e+04
2.830071959441702916e+02 3.794078162763216966e+01 -2.534497712962291160e+01 -6.477725524562514181e+01 -1.932966290185833103e+00 -4.003454607698194013e+04
3.415310013133999689e+01 4.578665604833050295e+00 6.619448703475407925e+00 2.977044422655518829e+00 8.568267022990323056e+00 -5.712267231816133517e+02
1.500677165358233900e+01 2.011852187520441593e+00 8.351852672058601712e+00 5.650785202715244537e+00 9.809780077491824457e+00 -1.006111966223265455e+02
6.145145528195792650e+01 8.238363825960464126e+00 4.537009018531289684e+00 -3.883661873707744405e-01 7.169924432052666496e+00 -1.876150277026182721e+03
2.637456062594069408e+03 3.535851595204531463e+02 -2.446392868750561775e+03 -5.629183281430680836e+03 -5.394289668125164781e+02 -3.478075250655997079e+06
1.186441851494468303e+01 1.590579032849578800e+00 8.735169429141866004e+00 6.338401207229972023e+00 1.007944762810709882e+01 -5.839181223982642877e+01
2.345118675850065301e+03 3.143935449219522980e+02 -1.934125262202686599e+03 -4.450456626511684590e+03 -4.263310006374758245e+02 -2.749778811509272084e+06
8.741649649492052276e+01 1.171931403758622992e+01 2.470560407748322085e+00 -4.477009629467190166e+00 6.100847844631341665e+00 -3.808831528614171020e+03
2.516384898392847163e+02 3.373540012029542368e+01 -1.921569378007616180e+01 -5.116736872200353048e+01 -3.970067256702476399e-01 -3.164897438318884451e+04
2.237467120132450589e+02 2.999614590036737383e+01 -1.432062004234117580e+01 -4.037944690264958325e+01 8.669842328003096732e-01 -2.501930516725995403e+04
4.527715301425449184e+02 6.069989031563687831e+01 -7.018447182214427471e+01 -1.658947338664697213e+02 -1.255963161529038175e+01 -1.024890388527016767e+05
1.030438242317558661e+03 1.381435980880285967e+02 -3.729319629456365988e+02 -8.592486501298221810e+02 -8.064383857180875737e+01 -5.308894952141407412e+05
5.726904319443524400e+02 7.677657292827744584e+01 -1.138732433882521065e+02 -2.654084677883808467e+02 -2.256543394191155372e+01 -1.639751750191954779e+05
