# SNRtot, SNR221, evidence220, evidence221, evidence220_221, nofilter
1.874924675083401127e+01 1.874924675083401127e+01 -1.530231940234164334e+01 9.247900544393637290e+00 1.023962057270997228e+01 -1.637767257527752349e+02
2.371508256489962108e+01 2.371508256489962108e+01 -2.909599745149749594e+01 8.771005797482764876e+00 9.918430501707646840e+00 -2.692121694209483280e+02
4.267039683485648283e+01 4.267039683485648283e+01 -1.090667576529054799e+02 7.390029801482481453e+00 8.862874370247531886e+00 -8.983909819130104779e+02
9.711124880060263820e+01 9.711124880060263820e+01 -5.850437316717038811e+02 4.588371390744491407e+00 6.022045031484946520e+00 -4.703306920697219539e+03
1.092169255794220106e+02 1.092169255794220106e+02 -7.409332027719509597e+02 3.979102170028758323e+00 5.384662406014443903e+00 -5.952178015401448647e+03
1.965133177505622371e+02 1.965133177505622371e+02 -2.405863188791032826e+03 -1.187486693994167730e+00 6.578731088942912919e-02 -1.929675162555766656e+04
4.472340336220561312e+02 4.472340336220561312e+02 -1.247164153541404994e+04 -2.695798318099161506e+01 -2.636080382841703340e+01 -9.999715001381815819e+04
2.485608951383403280e+02 2.485608951383403280e+02 -3.850670053748018745e+03 -5.120345814352755376e+00 -3.966146777600374485e+00 -3.087926889487745211e+04
1.482323549840645427e+01 1.482323549840645427e+01 -6.432892124761973029e+00 9.684591166939529927e+00 1.052820654008019119e+01 -9.787375421155397248e+01
6.513286039522229842e+00 6.513286039522229842e+00 6.830322878427878663e+00 1.090905428684826894e+01 1.129929332566246281e+01 -9.221046407262923239e+00
2.544701734926968495e+00 2.544701734926968495e+00 1.083183148367283621e+01 1.161141557106392597e+01 1.174852649261027437e+01 8.752647649184503109e+00
5.149432087346448306e+00 5.149432087346448306e+00 8.385374581007752681e+00 1.114021039210029329e+01 1.144410308289793754e+01 -1.267924302041935292e+00
3.619912812010691816e+00 3.619912812010691816e+00 9.916616908394875196e+00 1.140627245364268028e+01 1.161552038243445040e+01 5.438516725775087046e+00
1.228316696607749634e+02 1.228316696607749634e+02 -9.380686234986044383e+02 3.271155228605035159e+00 4.649516680942618940e+00 -7.531819134717818088e+03
8.634737329933987837e+01 8.634737329933987837e+01 -4.617566320367776029e+02 5.119723048675104415e+00 6.581890926406762432e+00 -3.715944036738721934e+03
4.798959557327816583e+01 4.798959557327816583e+01 -1.394033883442946262e+02 7.077965740675806749e+00 8.581771692684357689e+00 -1.139510240534345030e+03
2.108648701718009022e+01 2.108648701718009022e+01 -2.143170109687499192e+01 9.014912452580910340e+00 1.008374711553701886e+01 -2.103295662537976227e+02
1.667106775240701921e+01 1.667106775240701921e+01 -1.038717905412699771e+01 9.470750492029344159e+00 1.038748121592134055e+01 -1.269718488936179313e+02
3.218679264763102399e+00 3.218679264763102399e+00 1.027530879734817937e+01 1.148021518017140252e+01 1.166362707738775129e+01 6.810453004346690875e+00
2.861918711147489081e+00 2.861918711147489081e+00 1.057755548118772992e+01 1.154852244707147157e+01 1.170793697575869530e+01 7.895111754446611840e+00
5.791349076508991445e+00 5.791349076508991445e+00 7.673777274707073381e+00 1.103120073925406075e+01 1.137538142329302815e+01 -4.779460953936107259e+00
7.325218092052491414e+00 7.325218092052491414e+00 5.828927177035186702e+00 1.077252929573284845e+01 1.121496684498332463e+01 -1.483900893901190621e+01
1.318021820224998386e+01 1.318021820224998386e+01 -3.239256204118383664e+00 9.890367870653040683e+00 1.066212731548503356e+01 -7.486867482040624111e+01
2.210102399588866433e+02 2.210102399588866433e+02 -3.043801533676560211e+03 -2.951484963929392080e+00 -1.742804073534431453e+00 -2.441077268223326973e+04
5.029852542312438004e+02 5.029852542312438004e+02 -1.577533595010690806e+04 -3.511139365407719737e+01 -3.472537852693918836e+01 -1.264850925859254203e+05
1.747316507168043529e+02 1.747316507168043529e+02 -1.901481766041043556e+03 2.564489394555531376e-01 1.546947799180033556e+00 -1.525358448000060162e+04
2.011852187520441593e+00 2.011852187520441593e+00 1.122253226510750856e+01 1.172021902974198859e+01 1.181822865990451810e+01 9.966626496839271709e+00
4.578665604833050295e+00 4.578665604833050295e+00 8.985426720945270063e+00 1.123781714582832336e+01 1.150643375589243433e+01 1.508311748614064030e+00
1.171931403758622992e+01 1.171931403758622992e+01 -6.480984262582181188e-01 1.008824069288076686e+01 1.078906156491610169e+01 -5.668075964672816980e+01
1.590579032849578800e+00 1.590579032849578800e+00 1.149040183152686012e+01 1.180509910994889644e+01 1.187228531794284692e+01 1.072543027918431413e+01
8.238363825960444586e+00 8.238363825960444586e+00 4.634584044435762884e+00 1.062118563211555156e+01 1.112178984803543003e+01 -2.194491815539214485e+01
3.535851595204524074e+02 3.535851595204524074e+02 -7.794666454521514424e+03 -1.527816987400077764e+01 -1.438098716428461366e+01 -6.249924211544283025e+04
3.143935449219530369e+02 3.143935449219530369e+02 -6.162015941993628985e+03 -1.113007061404066533e+01 -1.012740534812791182e+01 -4.940966014318699308e+04
6.069989031563672910e+01 6.069989031563672910e+01 -2.260250068865308890e+02 6.394348434136805537e+00 7.915323337778898072e+00 -1.830247941056110221e+03
7.677657292827744584e+01 7.677657292827744584e+01 -3.642375194682963979e+02 5.589596655607842024e+00 7.078301526748544958e+00 -2.935330674196497966e+03
1.381435980880285967e+02 1.381435980880285967e+02 -1.187380393161736265e+03 2.438298172873133662e+00 3.789494353340965294e+00 -9.529836445244332936e+03
2.999614590036737383e+01 2.999614590036737383e+01 -5.076016243189209831e+01 8.250283784721631264e+00 9.551011201283611030e+00 -4.378939833290085630e+02
3.373540012029548762e+01 3.373540012029548762e+01 -6.592316518895661659e+01 7.974287010937919362e+00 9.343381675805186859e+00 -5.570482095291616815e+02
2.795459549904390997e+02 2.795459549904390997e+02 -4.871210789081551411e+03 -7.801322658930770260e+00 -6.714543597485446824e+00 -3.906098007464924740e+04
3.976623154401619900e+02 3.976623154401619900e+02 -9.859701854395783812e+03 -2.046264147250560583e+01 -1.969816619470096697e+01 -7.905566815950638556e+04
1.788857150994052958e+00 1.788857150994052958e+00 1.136954434560519900e+01 1.176566426519568331e+01 1.184719161479535998e+01 1.039039615572338349e+01
9.265340318335377745e+00 9.265340318335377745e+00 3.200470900428243226e+00 1.045558916645330960e+01 1.101954084126258770e+01 -3.093286449823089157e+01
1.042033746361804880e+01 1.042033746361804880e+01 1.465557470158306508e+00 1.027725977125015788e+01 1.090843875883062353e+01 -4.230131531878624429e+01
4.071163259419567915e+00 4.071163259419567915e+00 9.490909270492821292e+00 1.132592022036779511e+01 1.156331030068698595e+01 3.703215966630782674e+00
2.262645299643732066e+00 2.262645299643732066e+00 1.104493783830571552e+01 1.166874052871198586e+01 1.178532553176559361e+01 9.430619233054727601e+00
3.794078162763224071e+01 3.794078162763224071e+01 -8.501201137079128500e+01 7.687938327892384294e+00 9.115312298575448224e+00 -7.077610541487835008e+02
2.667135310883175237e+01 2.667135310883175237e+01 -3.870099760277708612e+01 8.516010272241981482e+00 9.741689450339402256e+00 -3.436901372189398671e+02
1.553642781654779981e+02 1.553642781654779981e+02 -1.502690987501736345e+03 1.447371389786727303e+00 2.769873204625117769e+00 -1.205703906383095818e+04
6.826660644529603417e+01 6.826660644529603417e+01 -2.870836709777206011e+02 6.011023199618018786e+00 7.520634813892111303e+00 -2.318174376669412140e+03
5.397187404185393689e+01 5.397187404185393689e+01 -1.776870883597551369e+02 6.747806488494203059e+00 8.267466823431798062e+00 -1.444491192685818987e+03
