# SNRtot_MF, SNRtot_opt, SNR220_MF, SNR220_opt, SNR221_MF, SNR221_opt, evidence220_221, evidence220, evidence221, nofilter
4.270861096681389313e+01 4.279104361073208196e+01 3.942036317926415023e+01 3.970093849523958340e+01 1.858626437590049818e+01 1.816728461850639320e+01 -3.968022752111169211e+02 -4.979699280361780893e+02 -5.582364684397211931e+02 -1.294323651115475059e+03
7.182616959641792675e+01 7.316159506952607217e+01 6.131192115305802304e+01 6.247537124273089404e+01 1.395712050650336167e+01 1.556431500415333247e+01 -3.841081040990464999e+02 -4.255479607253004701e+02 -5.104605833719165275e+02 -2.940024295172845086e+03
7.841624037989156193e+01 7.832069510085504760e+01 7.922511348350683136e+01 7.905351737816739899e+01 3.003920594045049075e+00 4.389517701051950382e+00 -6.295388405033326080e+02 -6.287850223758875927e+02 -6.752877979522739906e+02 -3.458238579289535210e+03
3.347184678850241113e+01 3.472228698049299567e+01 3.869189913521375956e+01 4.003682766948629279e+01 1.768993974500366662e+01 1.707934679424045754e+01 -4.171700575061169047e+02 -5.060273726633536171e+02 -5.161426120607160328e+02 -9.426043749657827675e+02
5.849918563224129286e+01 5.693642474467140602e+01 4.811324887789752580e+01 4.770670355185157518e+01 4.777221433447089538e+01 4.626831070678190372e+01 -4.138000419757174200e+02 -1.080602699729550523e+03 -1.079279649507943077e+03 -2.116056242864914111e+03
1.852033984217579743e+01 2.026479487011853919e+01 2.040901369761860806e+01 2.002014349235751212e+01 1.706785790244865453e+01 1.930259664761004146e+01 -3.834084436226859225e+02 -4.408842965186274796e+02 -4.399911065352034711e+02 -5.501831543708277650e+02
3.608331657700095008e+01 3.715290773092154097e+01 3.939971484350230213e+01 4.018144279726667634e+01 8.949250458335288982e+00 9.799072180327632609e+00 -4.216852653413696999e+02 -4.319883224495780496e+02 -4.309447744237775737e+02 -1.014673900584300213e+03
7.316537046324901894e+01 7.369271446235639189e+01 7.308826480503871892e+01 7.362143960464855752e+01 1.263559326622562207e+00 5.454084618997477873e-01 -4.744794061366528126e+02 -4.747623428136386678e+02 -4.988951850126745171e+02 -3.080820682741945802e+03
3.455702133238190044e+01 3.281430148961857185e+01 3.315847532823601540e+01 3.178035464905845586e+01 2.247548809619098975e+01 2.186308737862334794e+01 -4.205652032248913201e+02 -5.748376727061161091e+02 -5.947569715960670464e+02 -9.795566496813293043e+02
5.379757074691723773e+01 5.444260303752265173e+01 5.331802606046981907e+01 5.396799172020914170e+01 6.760278988087127239e+00 6.766175317802503919e+00 -5.872787004032635423e+02 -5.951700572282992425e+02 -6.088982398573543833e+02 -1.835381158203322457e+03
3.686178180217830658e+01 3.702313777125473138e+01 2.046810883022861205e+01 2.087442038360123675e+01 2.093172847637172751e+01 2.081123520077844802e+01 -3.943202026486954992e+02 -4.768293434855848432e+02 -4.786673035010177841e+02 -1.067282697163633884e+03
4.878263008980255933e+01 4.849916532287071647e+01 4.185753341894790935e+01 4.128770944592282888e+01 1.462843327537046889e+01 1.526888112224630589e+01 -4.601690694171529117e+02 -5.184897680190099436e+02 -5.308819087627009594e+02 -1.595085714073723238e+03
3.818911706736092526e+01 3.851141329385987433e+01 2.918913576993644554e+01 2.974572903955823833e+01 1.643436947741876963e+01 1.617821077989395206e+01 -3.954189883659731777e+02 -4.539734126820403048e+02 -4.617836266637761469e+02 -1.114660783535034170e+03
7.694246333400084836e+01 7.636839156032984022e+01 6.794762972783263422e+01 6.778113173779316014e+01 2.352210658533374499e+01 2.204535486129331900e+01 -5.325150268620213865e+02 -6.634312985787884145e+02 -8.667243069041383023e+02 -3.353822219431392568e+03
2.465637451063046726e+01 2.462241311801537691e+01 2.207146743742607597e+01 2.174582925296934732e+01 7.463407008792905195e+00 8.222880628841313211e+00 -3.804256042634710866e+02 -3.883839065326068862e+02 -3.927437859136457519e+02 -6.801462542007474212e+02
4.354051843289200008e+01 4.493155928193669268e+01 4.626868449126695992e+01 4.789111363224196083e+01 1.376679311546097750e+01 1.255638908308502977e+01 -3.983546148201508004e+02 -4.437960494932814868e+02 -4.537655109507876432e+02 -1.339738616343348895e+03
4.255049561228516808e+01 4.424987985317715555e+01 3.703159708170678499e+01 3.793970075403845499e+01 2.765099788925785873e+01 2.905339400500682601e+01 -3.923619766637089583e+02 -6.045198083629962866e+02 -6.031684825422322547e+02 -1.290983795083832547e+03
3.217855622744534827e+01 3.217050535765617525e+01 2.265707524113192406e+01 2.219141444669290664e+01 1.302669102901958276e+01 1.375891939948749965e+01 -4.254997973462938035e+02 -4.583246813952314369e+02 -4.939655620321310607e+02 -9.264061648491526739e+02
2.969875813578911306e+01 2.991038426734261790e+01 3.187662490025015316e+01 3.177797583025582639e+01 9.339458334495333247e+00 1.026178220465493141e+01 -3.823988093469001228e+02 -4.056230279594886383e+02 -4.071785494875907716e+02 -8.193353131505693909e+02
8.529309083443185102e+01 8.493156250847458466e+01 8.747519984256993553e+01 8.737440696117572259e+01 1.217279726055392430e+01 9.978159274219265740e+00 -4.837455308290198559e+02 -5.218246561204613272e+02 -5.292161577958332828e+02 -4.021970543012490907e+03
2.578842279429719042e+01 2.529061614095551391e+01 2.330959362594332163e+01 2.315468878621818405e+01 2.484899307789660838e+01 2.448123949132043364e+01 -3.887834109264420022e+02 -5.312027450753914763e+02 -5.393637960618847274e+02 -7.007358712974398713e+02
7.451142012602494979e+00 9.001617708185280620e+00 9.292701046296670597e+00 1.072340534719677230e+01 5.049549310574464656e+00 4.758438548293484338e+00 -3.957976610740428214e+02 -4.004553019175762074e+02 -4.020058157051832382e+02 -4.189415137426297520e+02
2.310725402958894037e+01 2.500047903078394995e+01 1.814043741866806769e+01 1.928079810266220306e+01 8.825661091772992961e+00 1.110742099320569309e+01 -3.767629678918572154e+02 -3.893485847892513334e+02 -4.087462599109209123e+02 -6.394495203514468358e+02
3.943167109900895895e+01 4.144619581791889118e+01 3.739209545895906928e+01 3.948771202590500451e+01 6.456299180703171103e+00 6.569441592764757587e+00 -4.017001494345446417e+02 -4.116244437484490959e+02 -4.193128530857124474e+02 -1.174814679797651934e+03
6.863956234095181230e+01 6.721770096120739879e+01 6.464057975176746140e+01 6.318941397945179261e+01 2.547016508018561254e+01 2.531706922784194091e+01 -3.869812659391175202e+02 -5.265629180748785529e+02 -5.562306891279901038e+02 -2.732361488152073434e+03
1.117895689597075126e+01 1.030674049530097847e+01 1.240052566954294910e+01 1.192884532297315481e+01 5.394991015429204673e+00 4.675720927834493779e+00 -4.039923387130208425e+02 -4.105551311920966100e+02 -4.139051708034215835e+02 -4.554443244841433511e+02
4.653889705009331124e+01 4.625526668122503793e+01 4.394782859545289710e+01 4.353351246813963371e+01 2.987028944410439735e+01 3.003401175941263901e+01 -3.920719474068880004e+02 -6.271936233806350174e+02 -6.258180309087664455e+02 -1.466295682974606962e+03
1.272780424684007627e+01 1.124090690349517452e+01 1.328285518813020794e+01 1.236735957413430853e+01 8.781511794236752877e+00 8.117272525729564592e+00 -4.278631532357923675e+02 -4.579063191425995001e+02 -4.579118812005161772e+02 -5.055262632048929845e+02
4.404328944885401143e+01 4.486958380155330417e+01 3.058259555065493629e+01 3.062044909693547723e+01 2.216451086569520967e+01 2.368117509268550691e+01 -3.854889477831512750e+02 -4.607597334528430792e+02 -4.799743335456562363e+02 -1.343267763924993460e+03
4.561831121322163085e+01 4.584987206626772149e+01 4.979487304453129326e+01 4.985241315100564208e+01 1.086143699407764451e+01 1.153327744563470958e+01 -4.014285770599638568e+02 -4.314845018251772331e+02 -4.433135627426628957e+02 -1.434246192281178082e+03
8.115300446840426218e+01 8.079989466225285355e+01 6.649740123300715311e+01 6.624010159917442309e+01 2.381581057925473033e+01 2.332326893394476386e+01 -5.402227995665159597e+02 -6.598033450183489776e+02 -8.603492831313973284e+02 -3.673601469792690295e+03
5.952152029413917944e+01 5.869004190002220156e+01 5.782438059594514357e+01 5.699241955693499762e+01 4.413655022493631286e+00 4.073926454794752239e+00 -4.210714857527244135e+02 -4.227763973388521208e+02 -4.547474870049396714e+02 -2.175791015197372872e+03
4.321087270962524940e+01 4.166125850787208407e+01 5.305019229023656635e+01 5.196921603313201388e+01 3.304791668004257588e+01 3.279232672803746595e+01 -4.964250415266649838e+02 -7.597233275165547184e+02 -7.593285420407129322e+02 -1.329747940787548032e+03
5.564501000941289277e+01 5.683844500507510134e+01 5.516945730743498189e+01 5.637252839876953203e+01 8.547255064929191182e-01 8.694815483076328011e-01 -4.193907571834747046e+02 -4.197924371653891171e+02 -4.556938772989565791e+02 -1.943995801751965473e+03
2.946382367106173561e+01 2.853364449232531896e+01 3.355524402504683934e+01 3.216665126841969169e+01 1.802417985037615722e+01 1.897917283724053661e+01 -5.160069170747453882e+02 -6.156837669619593498e+02 -6.165115904969127314e+02 -8.554587399853450052e+02
5.355251122385181617e+01 5.431397687157913623e+01 5.364992195427183219e+01 5.434381706924135358e+01 9.090696781601858234e+00 9.475815952785234586e+00 -4.226069986740508853e+02 -4.449418229249736214e+02 -4.533978277041403544e+02 -1.850578959714961911e+03
5.732261657557896939e+01 5.792448435211433377e+01 4.243493961055276742e+01 4.342189251612804668e+01 2.700606391127577766e+01 2.670679617704738007e+01 -4.231306105548970322e+02 -6.245407478270209367e+02 -7.998147439724247079e+02 -2.037140206927613917e+03
7.501858920186354851e+01 7.497651747318761295e+01 7.004220354612566268e+01 7.019452127632625604e+01 2.304142714105538303e+01 2.242395067336174819e+01 -6.347807870285308809e+02 -7.785842051360743881e+02 -9.116156012204470471e+02 -3.196070242700461677e+03
8.157752047038991350e+01 8.289827041559179577e+01 7.981914390524285352e+01 8.119262706325902457e+01 3.882554617493202631e+00 3.260268541356523109e+00 -5.764170861441372153e+02 -5.829219524847952698e+02 -6.366152339393261173e+02 -3.746334680053363627e+03
6.328737676751565999e+01 6.173840104820503427e+01 5.980420236605426965e+01 5.807720572465361641e+01 1.308905179979720934e+01 1.343645409961990111e+01 -4.118953319106278741e+02 -4.328716070934943900e+02 -4.972062709050657077e+02 -2.400417796843305950e+03
2.275596721444219384e+01 2.078147002624394801e+01 2.242300580044117098e+01 2.157479303843986429e+01 1.428192564705828715e+01 1.245701499655402245e+01 -3.849654011526927206e+02 -4.243394546432148786e+02 -4.268293980708377262e+02 -6.242485789179453377e+02
7.062184001297097780e+01 7.029617978590586347e+01 6.438058900342151958e+01 6.414778545575558155e+01 1.654198420968585026e+01 1.604598230139632520e+01 -4.099094404555034998e+02 -4.650054735273142228e+02 -5.303141335822748488e+02 -2.895436763342424001e+03
4.056595923593153685e+01 4.077838306604282081e+01 3.053417407529844851e+01 3.101899032394979372e+01 1.560383956529830307e+01 1.518390746116197576e+01 -3.781915755393754353e+02 -4.431715421905400376e+02 -4.963989350512045462e+02 -1.194711290349176352e+03
1.593367534985990552e+01 1.387565994663415658e+01 1.104608934873836290e+01 9.134374187304322490e+00 8.078133031105560136e+00 6.323811149214377814e+00 -3.950280228809417622e+02 -4.036495622562485437e+02 -4.083791814858406610e+02 -5.161068376778083575e+02
3.222924084034647052e+01 3.176916353959978423e+01 2.776949043816928153e+01 2.775767358694611531e+01 1.276587465848474245e+01 1.152624620970395064e+01 -3.854804538068958095e+02 -4.210467653563321164e+02 -4.226146964682209841e+02 -9.002184482940949692e+02
3.820221350573204688e+01 3.924299399699215485e+01 2.674742716974825996e+01 2.757508625669006364e+01 1.610149691787941961e+01 1.715212871724526877e+01 -4.093890983169850415e+02 -4.667760095973155785e+02 -5.142902466263120687e+02 -1.121951519700717199e+03
1.943018639274352211e+01 1.981993042842338326e+01 2.359649502117592945e+01 2.340346273339030247e+01 2.305458748594541163e+01 2.357390424810553142e+01 -4.114569663228952550e+02 -5.291633399140737311e+02 -5.310030861130037465e+02 -5.829473819702049013e+02
3.975499810567322356e+01 3.740642454743743883e+01 4.635789307840896356e+01 4.376762855956839360e+01 1.607326494412623674e+01 1.752902190899662571e+01 -4.484259508186734706e+02 -5.141145877986858750e+02 -5.131480396412833898e+02 -1.199004162543301391e+03
2.733471730261902266e+01 2.739704951592725379e+01 1.853310710344317513e+01 1.910085029919958544e+01 1.582024090320789078e+01 1.521993211147554170e+01 -4.014356089283383540e+02 -4.720034214484276163e+02 -5.034461823534336986e+02 -7.703847961142664644e+02
7.237948393733374530e+01 7.287350334640682092e+01 4.771328451260058046e+01 4.744865032832778695e+01 3.409903072743927055e+01 3.546807757884575096e+01 -4.251870139231732537e+02 -6.529989298033574414e+02 -8.973511306719979075e+02 -3.007054230212694620e+03
8.396620926145737940e+01 8.459499642595736191e+01 7.321846785412888892e+01 7.364085553594935618e+01 2.537476279634378429e+01 2.621723374101478399e+01 -4.135777070142771663e+02 -5.464655458417365708e+02 -7.618633580750597503e+02 -3.899365556931013543e+03
3.733287076005548499e+01 3.801749823732070865e+01 4.118834522320926084e+01 4.057159646235817974e+01 2.592618460505632072e+01 2.776485124523237147e+01 -4.074943473767455089e+02 -5.783201649726571532e+02 -5.845927899301726711e+02 -1.099472187797998686e+03
1.356128071215401221e+01 1.252333929923643829e+01 1.198760174690766434e+01 1.115867637879387786e+01 1.343757070753815164e+01 1.315254740005899059e+01 -3.864924060892268471e+02 -4.321279065663370034e+02 -4.309396501096779275e+02 -4.753319893036890562e+02
2.237391412199271201e+01 2.248427279937200751e+01 2.676170503371109533e+01 2.689035966135310929e+01 1.297530518283292089e+01 1.289946992704726014e+01 -3.988529515546309199e+02 -4.525422516925608534e+02 -4.515740682913282171e+02 -6.415180569134938651e+02
8.627184072823237670e+01 8.553869757150377495e+01 6.765388590226200449e+01 6.691763252592919287e+01 2.904263574530554592e+01 2.857211482094052712e+01 -4.272459713082930648e+02 -6.146800359184198896e+02 -7.748742286860309605e+02 -4.134370729528511220e+03
4.678748133624509364e+01 4.728142752419741157e+01 4.507887333567041566e+01 4.736800101413994923e+01 4.455280897726958500e+01 4.255351660137282011e+01 -4.353662122671318002e+02 -1.013868361790028757e+03 -1.020064012937995471e+03 -1.527375013380749351e+03
6.308229328064537356e+01 6.292083121164330350e+01 6.572482476282849007e+01 6.541999271434640661e+01 1.035356104929073950e+01 1.122507279605406971e+01 -4.405389866018904286e+02 -4.729607482573096036e+02 -4.796395428465710324e+02 -2.395342891834245620e+03
5.357162119148484436e+01 5.566697680543640558e+01 5.809248986642600698e+01 6.045326303692789338e+01 2.692305305874308985e+01 2.591698185686093581e+01 -4.775937974554803418e+02 -6.510874498215705444e+02 -6.927012592272058100e+02 -1.802426383900760811e+03
8.209649396935655830e+01 8.159452496841937830e+01 8.531601474791708029e+01 8.529870989747536214e+01 3.045408181562034855e+01 2.909718633045890002e+01 -1.875868632480778615e+03 -2.088637906881654089e+03 -2.116463705514286630e+03 -3.768438521264835799e+03
5.398326050058243197e+01 5.576958104142624961e+01 5.762990983186733018e+01 5.910384231275985911e+01 2.124524214527731303e+01 2.181848431274179134e+01 -4.498307328545276960e+02 -5.774543797519804684e+02 -5.762993045180284071e+02 -1.846685765398372041e+03
2.266931297150375357e+01 2.410612823893106338e+01 2.139755179048301770e+01 2.278131622886751728e+01 9.500298749349850524e+00 9.817298170287784842e+00 -3.835151563428169652e+02 -4.068822796493759029e+02 -4.100671267604910781e+02 -6.370690882601379599e+02
6.207889803301766563e+01 6.198447739761243724e+01 6.837922578885840608e+01 6.832051649106921332e+01 1.616079945771538107e+01 1.604603188109597767e+01 -4.451024555815285453e+02 -5.058936720462853600e+02 -5.062902844662477264e+02 -2.322592894306651488e+03
3.241626776748402250e+01 3.159502850722203249e+01 3.164318703901536622e+01 3.117366423788308794e+01 8.776973017907291563e+00 7.207791769930242509e+00 -4.065636459017701441e+02 -4.231465379317463089e+02 -4.296463007725203624e+02 -9.295723509393283166e+02
5.130786895216372301e+01 5.149376057561573106e+01 3.607845831095612965e+01 3.632471976212114129e+01 2.169037757199683369e+01 2.171924048503014504e+01 -4.192406966524828817e+02 -4.851846781093063328e+02 -5.902153408203345180e+02 -1.721028402385047457e+03
1.088751252623577415e+01 9.904311907626475175e+00 1.378717436123891105e+01 1.237490485151507080e+01 5.602668123673995026e+00 6.749276277606996111e+00 -3.730116913477817207e+02 -3.808949882216592755e+02 -3.808830650178637143e+02 -4.204053153524382651e+02
4.500129634387121058e+01 4.572517833851074442e+01 4.515888174946478273e+01 4.573141029693822901e+01 2.107026622948530203e+01 2.139359180532373372e+01 -4.119066566906141134e+02 -4.731481060484179579e+02 -4.753132341326452206e+02 -1.419024612445660523e+03
4.037522196656204443e+01 4.185751159342221683e+01 3.299970880254122108e+01 3.462422692079237407e+01 1.975544367819222913e+01 2.004466139868826957e+01 -4.962964721011166489e+02 -6.261819078295369536e+02 -6.968904453670588737e+02 -1.189685134158978144e+03
4.111952784432557451e+01 4.189608813805210019e+01 4.889382140613064109e+01 4.948944150771772854e+01 1.723671042452660274e+01 1.741232922273826489e+01 -4.155551862703851498e+02 -4.728840050669940069e+02 -4.716119577407924908e+02 -1.225335679822439261e+03
4.241909615466676087e+01 4.163495480897032053e+01 4.171011591424596077e+01 4.100562007678698251e+01 3.878773452153237322e+00 1.896724824020775024e+00 -4.330760164849702392e+02 -4.359009808977334046e+02 -4.619139778174311459e+02 -1.308483771029240643e+03
3.379212397339685481e+01 3.345602902459733485e+01 4.049517606326512009e+01 4.039122647735830185e+01 1.471875497657397602e+01 1.422339132274551687e+01 -3.880436759945922063e+02 -4.345504024807574410e+02 -4.334067072420643854e+02 -9.471843756794610272e+02
4.405199203693393173e+01 4.351211105196247075e+01 4.206779301086191936e+01 4.150711380988794730e+01 3.594343580812711103e+00 3.532291520273544982e+00 -4.686056742261278032e+02 -4.707504835647814616e+02 -4.978040664342274226e+02 -1.360750989072299717e+03
4.342384482119534539e+01 4.282703889405662778e+01 4.527373636688889746e+01 4.500986617105444054e+01 1.545445631186157343e+01 1.451157679976347126e+01 -4.591924856100047236e+02 -5.324416749161908911e+02 -5.314516825830601192e+02 -1.358131231648959329e+03
8.391998398023773120e+01 8.360622940284616789e+01 8.023962387527669193e+01 7.989479065525844703e+01 1.663150090410544735e+01 1.671040627177267268e+01 -4.404580423469532207e+02 -4.890337525105954910e+02 -5.845294711361210602e+02 -3.931035612553062947e+03
1.007983319981742198e+01 9.608319536356537682e+00 8.735758144282119275e+00 8.419858600889314815e+00 3.693246041447491024e+00 3.087345440860251866e+00 -3.736024597120733688e+02 -3.755907140947614948e+02 -3.787750391061539972e+02 -4.207247675529853268e+02
8.141216092196272314e+01 8.095159054617880656e+01 8.134687936869678992e+01 8.112145572213053413e+01 2.511962421141134882e+01 2.433910198311818718e+01 -4.189150660320289603e+02 -5.565614523750583658e+02 -5.617678708253712330e+02 -3.704952043112668889e+03
2.254910789604824828e+01 2.092774461173096867e+01 1.561515937413491883e+01 1.431062601238671661e+01 1.127093315014606567e+01 9.696955937658765734e+00 -3.871241774394010235e+02 -4.113272117595386703e+02 -4.269427234496626511e+02 -6.390129341514500538e+02
2.225284359514565935e+01 2.360173296428829204e+01 1.608500408554456840e+01 1.727176490341221182e+01 1.045148207222225878e+01 1.144241556696574058e+01 -3.983830413901771976e+02 -4.177068032608084422e+02 -4.339182226986995374e+02 -6.383270993187210252e+02
1.805050459605753232e+01 1.775437397914566162e+01 1.803587297249700683e+01 1.774059298816819563e+01 6.533628397738182603e-01 3.079453220576550132e-02 -4.103969373254778930e+02 -4.101003523300325355e+02 -4.122652584887965759e+02 -5.579986714527211689e+02
7.092689162069921061e+00 7.932761923697377426e+00 8.259024227360809434e+00 8.901815514866221690e+00 6.787306874384197997e+00 6.923380255573745146e+00 -4.202875264824705255e+02 -4.293781745669276688e+02 -4.295454855468148594e+02 -4.417501330569751303e+02
3.669676325536908479e+01 3.694162727449308647e+01 2.430877547727266474e+01 2.451370060201020706e+01 1.979547750455714450e+01 1.999662159059901967e+01 -3.699665066465762493e+02 -4.675097357568113239e+02 -5.208749385556162679e+02 -1.031946646031631417e+03
6.466439142730067147e+00 7.351091260905864289e+00 5.581882954483619486e+00 7.010274233862198834e+00 6.115879673844628606e+00 5.474702117205545449e+00 -4.031661268623150249e+02 -4.108407613632238053e+02 -4.100358557127145218e+02 -4.220828402302535096e+02
4.475409803112063400e+01 4.560410144361449625e+01 4.473543829906884639e+01 4.570309456422082661e+01 3.094307507040637972e+01 3.076556348529524243e+01 -4.154998029405491593e+02 -6.605693039242888744e+02 -6.592185426353313460e+02 -1.400655881590476156e+03
7.245292617852406636e+01 7.360828064259031578e+01 7.506828087599883759e+01 7.612702237587214427e+01 4.896686851467666912e+00 5.679319023269828293e+00 -4.881578972282011364e+02 -4.934653524983610282e+02 -5.200341938295434829e+02 -3.003077926282143380e+03
9.243850850120654172e+01 9.201595740345412366e+01 6.621460263838027061e+01 6.593061823578352687e+01 3.711536757594605973e+01 3.656405629870798180e+01 -4.364245651715059466e+02 -7.198886577822540858e+02 -9.847561241832263477e+02 -4.683784834801655052e+03
7.175731951599303216e+01 7.235307760859127768e+01 6.841604981992553292e+01 6.892036781471423978e+01 9.987798254908081930e+00 1.076331662911563747e+01 -4.312030817697237808e+02 -4.689843861914631020e+02 -5.042266711247415856e+02 -2.980136592012547226e+03
3.914454757796367801e+01 3.923290470329647661e+01 3.069450514208653402e+01 3.150756149507882498e+01 2.156271924289931619e+01 2.048119461613872261e+01 -3.876239016150595376e+02 -5.371673153106600012e+02 -6.025190078787501307e+02 -1.142714578660740699e+03
5.033914990214216800e+01 5.077451856091669669e+01 3.217560597212651885e+01 3.339984679276950885e+01 2.838560826002563431e+01 2.770767990716182894e+01 -4.182134609203957893e+02 -5.019099985620268285e+02 -6.121115930383950854e+02 -1.660378053999901113e+03
1.352706261260959941e+01 1.413914528467607745e+01 1.052650980846691553e+01 1.256388175440695854e+01 1.230242063106493156e+01 1.072225111101419692e+01 -3.929449342541303167e+02 -4.274064213942722859e+02 -4.330143450214693530e+02 -4.821076628839379055e+02
2.429091586136589598e+01 2.262672186582936718e+01 2.061835553954349720e+01 1.910655999415349982e+01 1.040765734394517139e+01 9.482822767124311270e+00 -4.000988236189637064e+02 -4.365225085591978882e+02 -4.565164661889235731e+02 -6.829159539283457434e+02
7.036229977254907908e+01 6.991386342133517928e+01 6.106130193917712745e+01 6.061387163251461629e+01 1.544132098456200097e+01 1.516224391233853197e+01 -4.380941843399019717e+02 -4.889225125946355206e+02 -5.316233903133902459e+02 -2.856377739275316344e+03
4.698859035268925055e+01 4.558390737893709854e+01 5.713668307335511543e+01 5.478067037181132548e+01 4.061272041030174762e+01 4.215541696749455269e+01 -4.422709563521002565e+02 -8.771226788275117769e+02 -8.834505526954578727e+02 -1.532075929886584618e+03
6.006433116063644917e+01 5.964161702365927908e+01 6.027674424525313412e+01 5.983355594717509973e+01 2.959803290638262641e-01 1.300412938043130628e+00 -3.620547722905437240e+02 -3.614117028468524495e+02 -3.853419106875290367e+02 -2.158665329884614493e+03
3.639010421503368065e+01 3.657866672243891060e+01 3.608464389571611974e+01 3.645237181440293739e+01 1.445602813324616598e+01 1.399092746570755885e+01 -3.954516681763234374e+02 -4.697584566852988246e+02 -4.686036520018926126e+02 -1.048600134230089679e+03
8.958246171083239062e+00 8.613110897633502461e+00 9.198774989464379104e+00 8.969304204005149828e+00 2.014091775649526017e+00 1.322713934977271633e+00 -3.719191890363277366e+02 -3.736894008737083936e+02 -3.742627322665113070e+02 -4.092025563998848838e+02
7.704183317416473642e+01 7.704898442285276872e+01 6.939490263050473118e+01 6.928261534340320793e+01 1.885429119729367997e+01 1.928623417249911753e+01 -4.041862909675803053e+02 -4.578564674054946977e+02 -5.243575185238021277e+02 -3.359932479077417156e+03
3.654852225750487804e+01 3.807590011598497171e+01 2.505585039885667342e+01 2.712078748105144754e+01 2.684198118130637667e+01 2.692197408983988538e+01 -3.828736510423327104e+02 -4.968487722737974082e+02 -4.996748231226061989e+02 -1.046703677122616909e+03
1.575705855822544343e+01 1.650315698366676287e+01 9.401838491660784669e+00 1.015310306268450269e+01 7.579841712076204274e+00 8.154415433696559745e+00 -3.765798976646996152e+02 -3.837125953989543063e+02 -3.904270426260586078e+02 -4.977517017645597548e+02
5.121661600256537383e+01 5.166721406280800721e+01 4.330194860846427929e+01 4.412901242922251299e+01 1.665552953077264320e+01 1.582011438325989872e+01 -3.935728515626079229e+02 -4.473852045583968788e+02 -5.180360410238120039e+02 -1.698881751799075118e+03
3.707078331587197084e+01 3.835162245575914852e+01 4.113397259391283001e+01 4.241948851708046675e+01 8.934242482739113811e+00 8.281109097049544232e+00 -4.164252368339609802e+02 -4.356325263103729526e+02 -4.371845772694900347e+02 -1.080948578629866461e+03
3.497393401067464680e+01 3.454389565398774664e+01 2.985386519115386506e+01 2.966182079477949429e+01 1.081316037684139353e+01 9.886791755201480569e+00 -4.049321548568549929e+02 -4.274826748700189682e+02 -4.509707822155544363e+02 -1.009006992207830081e+03
3.344860732414301907e+01 3.163267075789365279e+01 2.195322433663115547e+01 2.114715592995280602e+01 2.136316520774677485e+01 1.926641444219293575e+01 -3.802017213900640513e+02 -4.753878619767274358e+02 -5.217435404465993543e+02 -9.315100362521164925e+02
1.047792307032180226e+01 9.814236304687575796e+00 8.215620166972893657e+00 8.582090122469923088e+00 1.019128377531925089e+01 9.133823323874487699e+00 -4.069317195290129234e+02 -4.340758392847379241e+02 -4.327300769739553630e+02 -4.587952272901073911e+02
2.710032220920489721e+01 2.668881055520097334e+01 1.867252697716210363e+01 1.905650694736293360e+01 1.235564212632514902e+01 1.063488282442494715e+01 -4.071599803866359366e+02 -4.457822988043305941e+02 -4.635712782701793913e+02 -7.683271979488411034e+02
5.402639393212891150e+01 5.383963736456527016e+01 5.567707338621575985e+01 5.574780905602969483e+01 1.411291526815375086e+01 1.303937747761529309e+01 -5.121262740446397856e+02 -5.593338912552576403e+02 -5.893652259732721177e+02 -1.849720299331462684e+03
5.390543048296131445e+01 5.488008772159132320e+01 5.180423715659272688e+01 5.260887920814232643e+01 3.273676675643825806e+00 5.356676775563049553e+00 -3.879528884629012282e+02 -3.895457064295911778e+02 -4.160787762558899203e+02 -1.821479749912963825e+03
3.364541510508998812e+01 3.289481778982333537e+01 3.452373506317203322e+01 3.374199958123388399e+01 1.119348166336403105e+00 1.973813915128818541e+00 -3.858832726195224723e+02 -3.853380033673122966e+02 -3.881907503066382787e+02 -9.463934392638412874e+02
9.669975658305105526e+00 9.363173421933854712e+00 8.233934798111365083e+00 7.784706682542355871e+00 2.449828669934008829e+00 2.682611730136076567e+00 -3.869882278024144284e+02 -3.879258183836063836e+02 -3.906164403312538411e+02 -4.322925859375982327e+02
6.827399561155999663e+01 6.926628478603653605e+01 4.209547761779423780e+01 4.306114475964199073e+01 4.199501914622818077e+01 4.263185403366279758e+01 -4.649664266955497283e+02 -7.185101956403641452e+02 -8.405697517503904237e+02 -2.716712244727299549e+03
2.312366226939592906e+01 2.170490046843536547e+01 2.418245651749721503e+01 2.293450350772920032e+01 3.409255321516547976e+00 2.560696853966238251e+00 -4.038576948368165063e+02 -4.069031729483295408e+02 -4.069472834002366994e+02 -6.573011794188012118e+02
1.695898947277424540e+01 1.761025714324300040e+01 1.668713965160376844e+01 1.727251241585374331e+01 1.417261160699974321e+00 2.072555104300248363e+00 -3.597129708751135695e+02 -3.606992225504002931e+02 -3.641598397963045386e+02 -5.017687521178526140e+02
1.513839646541988770e+01 1.533095073924190288e+01 1.726645292898794892e+01 1.711162141905624878e+01 1.600281888784154116e+00 3.298477150586230700e+00 -3.833523496266871007e+02 -3.831012743837601988e+02 -3.852459579215695271e+02 -4.925498975543239339e+02
3.378962084127728360e+01 3.292512562889998406e+01 3.299895591435101494e+01 3.216448487233535758e+01 2.792733708397701964e+00 1.967819499405996320e+00 -3.936435423342697391e+02 -3.979101350547674656e+02 -4.059860286342232030e+02 -9.594218341200598843e+02
2.793896197696992090e+01 2.687891027365575525e+01 1.985217698379651807e+01 1.908986695090563757e+01 1.408042772756668803e+01 1.300879608506641461e+01 -3.963721907027474458e+02 -4.409680861080120167e+02 -4.555730506417856986e+02 -7.808453965191952193e+02
2.830718542995095532e+01 2.968517013942252802e+01 2.394016028532910312e+01 2.497479843914680941e+01 8.681072913555597736e+00 1.016342988992207630e+01 -3.817188779920065826e+02 -4.018852804522903170e+02 -4.270761169892118119e+02 -7.643424981274437187e+02
4.449326569099432760e+01 4.435152515838866094e+01 4.475872588810053543e+01 4.461418269365197631e+01 8.605139773016229343e-01 1.019653936988693443e+00 -3.902889279102125215e+02 -3.894906511988501165e+02 -4.043368635906435884e+02 -1.370361964052438225e+03
6.420868252188979852e+01 6.337387751044222028e+01 6.217245459261644669e+01 6.135859016907776464e+01 4.655814134625370748e+00 3.893759675502452833e+00 -4.068800414491848869e+02 -4.136370198767285729e+02 -4.557337481399165426e+02 -2.450825128176923045e+03
4.159064449494429994e+01 4.148707293094565074e+01 3.201904303867078028e+01 3.150703261287641865e+01 2.070584620777264817e+01 2.126246319270010687e+01 -5.139126628106191674e+02 -6.457153779962101225e+02 -7.165693587012309536e+02 -1.273325211855052885e+03
6.212742282218853518e+01 6.231634238557391114e+01 6.989244272952666392e+01 7.024274413093559133e+01 1.451509691016289594e+01 1.356933537046730898e+01 -4.308849664755528579e+02 -4.736409719737006867e+02 -4.751676221034397258e+02 -2.305082615348953823e+03
2.296308131433592337e+01 2.178020788463950197e+01 2.206869883054497805e+01 2.093728007047740647e+01 2.893816392244863867e+00 1.585275766487245441e+00 -3.945820282872228404e+02 -3.969551662454599068e+02 -4.098591508180528535e+02 -6.523055275060550002e+02
2.927995549929368835e+01 3.044006922737441556e+01 3.486296804879278710e+01 3.512783408843295518e+01 2.117254001980208145e+01 2.233696720712267947e+01 -4.556983405501019888e+02 -5.736168819712141840e+02 -5.839167215428385589e+02 -8.223674200214261418e+02
1.580745326730318823e+01 1.529690638604816044e+01 1.494967037471506899e+01 1.455928752675904647e+01 9.866256171371142969e+00 9.645840785441356147e+00 -3.625191041141438291e+02 -3.864125481130208186e+02 -3.865910303044443026e+02 -4.840272569863050194e+02
5.738512532568002911e+01 5.941757172934880060e+01 4.111890243573179760e+01 4.297047537925884342e+01 3.317779345577176286e+01 3.437629549897595638e+01 -3.650763337446337573e+02 -5.387949315804544312e+02 -5.745973712287609487e+02 -1.995364856412739982e+03
2.215208372596745434e+01 2.176516815298897001e+01 2.255090537284246821e+01 2.213248536400778121e+01 6.251437652641705922e-01 1.280607727251368955e+00 -3.964410519603133025e+02 -3.969165166710554331e+02 -3.996984760834897088e+02 -6.356414618402161523e+02
3.206685717988935380e+01 3.006908232537090342e+01 3.669489185141905097e+01 3.434389802073913955e+01 7.156638977588812622e+00 9.364112966276364247e+00 -4.186408743458929962e+02 -4.323135648861752998e+02 -4.353185885829961421e+02 -9.009087602138166631e+02
4.834815405324119553e+01 4.733533824418282165e+01 4.781139642468369999e+01 4.687643109149628629e+01 1.052690671201272110e+01 1.012038658018387949e+01 -4.468820870657375508e+02 -4.760639521536670031e+02 -5.132858319451428315e+02 -1.572107967503421378e+03
2.625892569129326404e+01 2.568586246344452917e+01 2.510629614846299162e+01 2.455493384178999960e+01 6.220594257678013328e+00 6.024570612830444816e+00 -3.580256142967284063e+02 -3.713200714676715961e+02 -3.822178527948591977e+02 -6.968937482035966013e+02
3.667600939730562004e+01 3.685981411276115693e+01 3.642446793618529455e+01 3.690069227663544638e+01 7.315462798133427924e+00 5.264280119418440762e+00 -3.968918763510266103e+02 -4.082479746650967627e+02 -4.204916577308719070e+02 -1.059563627090002910e+03
4.449359176631167401e+01 4.551235742519398286e+01 4.544723225434529468e+01 4.371240608322712973e+01 3.975261758194986328e+01 4.261982443894542882e+01 -3.978558347741349053e+02 -6.478757733682240314e+02 -6.465010280496065889e+02 -1.379515709192778104e+03
9.118580640910252555e+01 9.192988671887218288e+01 9.249716237194797941e+01 9.316706957300785064e+01 4.294292611447094288e+00 5.402935770115402825e+00 -4.266501008458326965e+02 -4.283105770257532754e+02 -4.773248357240215682e+02 -4.567494433591761663e+03
4.903520143525557984e+01 4.848361605733180113e+01 4.623372871336956536e+01 4.672376436766911212e+01 4.707512676242147620e+01 4.599591874831563842e+01 -4.291701124024615979e+02 -7.786641211197570556e+02 -7.772850430755521529e+02 -1.601622065692285560e+03
2.716220222709030452e+01 2.803366665888625064e+01 1.993401619147086024e+01 2.101924853593322240e+01 1.178761299777424121e+01 1.192344413848694806e+01 -3.877047721242834086e+02 -4.223428451180676007e+02 -4.562704553149970366e+02 -7.481400078931188773e+02
8.122974505635994547e+01 8.256019151170102077e+01 6.464151272054471065e+01 6.581926765602166540e+01 2.730047301572778196e+01 2.843711932806261089e+01 -4.152178255503955597e+02 -5.993110582649359230e+02 -7.729708438484069575e+02 -3.697513691548181669e+03
2.250922470754982285e+01 2.360098414561692337e+01 2.329572803883811360e+01 2.437302204010871876e+01 2.763391147322278307e+00 2.572816646549866526e+00 -3.842195784102459015e+02 -3.853428908129332626e+02 -3.897721395422332762e+02 -6.329109872899379070e+02
8.614913715902018509e+01 8.587772847687358535e+01 8.773692253285244647e+01 8.745261123816591464e+01 8.234877083874600601e+00 8.419659382365042077e+00 -4.307100585800953354e+02 -4.458337117116851118e+02 -4.784301617859185853e+02 -4.112430524124047224e+03
9.206833954120325814e+01 9.296767430162185519e+01 8.043451755424618455e+01 8.159782492322305814e+01 1.818310866011431060e+01 1.753797784568988760e+01 -5.193476229932216484e+02 -5.850172480403340387e+02 -7.813344093703617546e+02 -4.635729975920782636e+03
3.740872575509412457e+01 3.878119499287710426e+01 4.170725526504165970e+01 4.303275649365663469e+01 8.725338381492136364e+00 8.263811074482562802e+00 -4.128980497911354632e+02 -4.228820441038349145e+02 -4.251991855489421255e+02 -1.086231442459718892e+03
2.041792080747294946e+01 1.874318058767192596e+01 1.535993236967721565e+01 1.430868594055811016e+01 1.160665857723364347e+01 9.966336309431019558e+00 -4.251237943392954435e+02 -4.431284156093590809e+02 -4.432249355383248144e+02 -6.311150176834494232e+02
4.129868459964224314e+01 4.049312330715238062e+01 4.301465599916557636e+01 4.254312569943042632e+01 3.604673315717782600e+01 3.569488102672430330e+01 -4.229320139436379122e+02 -6.442615107830704346e+02 -6.428870240007405528e+02 -1.258715957394745828e+03
2.763714783925617624e+01 2.798964541931046313e+01 2.617931233398044810e+01 2.612180716734598462e+01 1.254131241830744514e+01 1.339031564231721738e+01 -4.048409044631596885e+02 -4.334974123239965138e+02 -4.430143912102518584e+02 -7.799854999712586050e+02
3.078487197235704187e+01 3.134547628673697517e+01 3.338594553862265712e+01 3.449896848326874732e+01 2.124921637085985182e+01 2.021921942549816364e+01 -3.991142328248298554e+02 -5.094833658358447792e+02 -5.089210593625757042e+02 -8.580015286317918708e+02
5.303244326531095965e+01 5.283623557279129557e+01 5.526458655541961917e+01 5.500628837589679421e+01 1.619540289546554135e+01 1.642920293445488511e+01 -4.022189912030310666e+02 -4.766594818108420668e+02 -5.266228295251570444e+02 -1.780822716694945029e+03
5.058666083445078243e+01 5.095156592824060482e+01 4.926385772510840155e+01 4.964663385892436764e+01 3.761565135648242464e+00 3.648912214008772192e+00 -4.152353929646027382e+02 -4.182741944392021196e+02 -4.375569942759723290e+02 -1.688132986790283667e+03
3.072893878206193463e+01 2.981789422024732872e+01 2.917491399376198302e+01 2.829231145603303332e+01 5.231423906681745173e+00 4.771491287605938325e+00 -4.357137290792510385e+02 -4.442157197275385556e+02 -4.649467901227577613e+02 -8.455386820891769730e+02
1.337146739157415354e+01 1.286017377856556010e+01 8.784025259152036469e+00 7.831460509837675943e+00 7.048108453000561546e+00 7.171465184079950816e+00 -4.424837723444839526e+02 -4.527785151944007112e+02 -4.616122981687561264e+02 -5.288905632691590881e+02
2.446421683000787084e+01 2.543367809639737942e+01 2.049006363579222523e+01 2.052889713885253897e+01 1.008989527739371894e+01 1.206714483498825530e+01 -3.841293580869806874e+02 -3.994743027940706952e+02 -4.148661190415203919e+02 -6.755959615179830280e+02
3.197659193934838129e+01 3.404504174110974191e+01 2.565641469673953523e+01 2.770464307713232088e+01 8.772191618730300178e+00 1.012306888495566604e+01 -4.202651594800100270e+02 -4.361531953756019675e+02 -4.723392588256618296e+02 -9.223164634946065235e+02
4.261199932113650846e+01 4.269159921448105877e+01 4.505074156984738920e+01 4.514752676067264758e+01 1.319602695375785828e+01 1.312200125985608778e+01 -4.204483267635145012e+02 -4.572452512886717955e+02 -4.568258609790827904e+02 -1.305587323385199852e+03
1.327943814585748505e+01 1.250638991175496528e+01 1.276186399761165902e+01 1.226836025704860234e+01 6.163268850143095001e+00 5.507105466113927150e+00 -3.874455159261862036e+02 -3.970531196739029838e+02 -4.040333074415498800e+02 -4.697047489051791445e+02
1.871482798967279848e+01 1.867591879460597326e+01 2.046207322313647836e+01 2.074295464941437928e+01 5.840339171297654453e+00 4.325308281426468504e+00 -4.030117581306458305e+02 -4.148877359961502975e+02 -4.145346235397378791e+02 -5.611646691995869105e+02
6.640750836159621429e+01 6.716378075538879955e+01 7.312119336984520146e+01 7.392641275329576445e+01 2.117115292245457070e+01 2.075029789206853437e+01 -4.205936906574495993e+02 -5.573862427874870491e+02 -5.603472161721412022e+02 -2.619685055249567085e+03
2.310778358478473749e+01 2.300540817677592997e+01 2.129960858036378468e+01 2.108691848144214021e+01 3.002633635312018878e+00 3.595055797624830074e+00 -4.467445139537311434e+02 -4.460045216484850812e+02 -4.565740812386223411e+02 -7.035620114562038907e+02
3.739603999497816744e+01 3.682969163130796630e+01 3.716529167706173098e+01 3.660533880895322767e+01 1.282836249637055781e+00 4.172617616820792907e-01 -4.118704496399317918e+02 -4.119482684821248313e+02 -4.212258441568900480e+02 -1.101720280526696342e+03
4.146117280368715541e+01 4.298837403735651463e+01 4.896430205928184165e+01 5.086645327768334823e+01 2.058801632975372087e+01 1.894633824896017416e+01 -4.019420180270819856e+02 -4.715388212504571470e+02 -4.749327799361938673e+02 -1.232068934271382432e+03
7.504459142463454668e+01 7.368540242409655150e+01 6.324938687606271515e+01 6.187234509799674953e+01 2.788601272740877235e+01 2.733911931075396140e+01 -4.801894258065076997e+02 -6.649596557305725355e+02 -8.667136777216519476e+02 -3.230734111586165000e+03
1.249149269664344075e+01 1.263513206529098376e+01 1.080726690409345103e+01 1.006509472231082825e+01 7.951557278384332683e+00 8.984945385308686028e+00 -4.072239206216652860e+02 -4.213830845195980146e+02 -4.205793746749361048e+02 -4.801748191732482951e+02
2.957452482937110361e+01 2.982036425006916858e+01 2.898264019363820054e+01 2.925145656212992762e+01 2.135215753827764296e+00 1.847054683928864627e+00 -3.792832597921784554e+02 -3.832556972813264338e+02 -3.897606582804563118e+02 -8.133518823075462478e+02
1.924964164463781913e+01 1.762844936239706328e+01 1.315834321901639647e+01 1.182672377784131257e+01 1.068564884256241854e+01 9.307085014434743897e+00 -3.762199581573334513e+02 -4.083663169822288523e+02 -4.198466700787196260e+02 -5.549577316741015238e+02
2.554177708157140714e+01 2.513144615314790187e+01 1.670279758765169476e+01 1.730001665483541018e+01 1.700831758611529665e+01 1.569280312533829935e+01 -4.284341698529823930e+02 -4.769432844612367148e+02 -4.900966540011104939e+02 -7.331279804582559336e+02
5.883387803135190808e+01 5.914906764548435092e+01 4.980014297616991570e+01 5.006127505500507624e+01 1.270123028359549089e+01 1.312563393604892603e+01 -4.250064080639996291e+02 -4.519813878064944106e+02 -5.263970749969818144e+02 -2.139599586486931003e+03
9.374911419727506257e+01 9.595550352026322116e+01 9.344774350739520230e+01 9.566245925379648440e+01 1.385455365246082371e+00 1.267110170592766094e+00 -1.204119258617121659e+03 -1.200058588789649548e+03 -1.251009289721537243e+03 -4.788683532026295325e+03
8.749182379685363742e+01 8.703023428650419646e+01 8.680346545444741935e+01 8.633313181597338826e+01 1.355355925344412960e+00 1.622336736545691993e+00 -3.942534538315682084e+02 -3.938603812877361179e+02 -4.523330382752640730e+02 -4.195757921898085442e+03
4.951521784711576402e+01 4.999318705049211786e+01 4.793711352425783190e+01 4.841556526650728642e+01 3.240985950879714306e+00 3.452620077599382498e+00 -3.864714906911959815e+02 -3.886616627137991031e+02 -4.070200728216561856e+02 -1.598441434638808005e+03
2.212939195793468272e+01 2.352937096662533989e+01 1.274461516023175278e+01 1.429371251055942693e+01 1.140360168549301889e+01 1.228274348912035130e+01 -3.941493409974946758e+02 -4.005265414514219628e+02 -4.171999887736313326e+02 -6.260301096701173265e+02
1.150649214829414291e+01 1.258510657548699641e+01 9.669835203173589022e+00 1.155120929396520602e+01 5.947759387927046504e+00 3.802307162889499992e+00 -3.436249372205597297e+02 -3.549244732497876953e+02 -3.545444089961770828e+02 -4.081228689724072751e+02
6.378000436806784279e+01 6.502910712933945092e+01 6.343561510347264232e+01 6.466657975256605084e+01 -1.550912257613912271e-01 1.199864637264766998e+00 -4.224413503664151222e+02 -4.207043534728186955e+02 -4.490774742684814100e+02 -2.388919802400926983e+03
3.868001580888674340e+01 3.761639539058821669e+01 2.856300441874722651e+01 2.730644225984156392e+01 1.655348215885361540e+01 1.620183532074095112e+01 -3.681229041037408365e+02 -4.252565790831887966e+02 -4.877568457851710946e+02 -1.113965917303865353e+03
2.950375420093788748e+01 2.914047380849300239e+01 3.419399874226301961e+01 3.355930810855751645e+01 9.497519528838896719e+00 1.051628393594469024e+01 -4.130496570682396964e+02 -4.352808696983082086e+02 -4.379320545717746427e+02 -8.317455082517830078e+02
1.096734471758506224e+01 1.152785398152691876e+01 1.078962625146336585e+01 1.048760883798035337e+01 8.396275016577806838e+00 9.418603769398846026e+00 -3.726560562003959944e+02 -3.911382675504825670e+02 -3.901246035718600638e+02 -4.311356188338291986e+02
1.550765955531509910e+01 1.711714656363046672e+01 1.463625635947450654e+01 1.625701962582309790e+01 2.016981066609814466e+00 2.497818549397254451e+00 -3.988068870253084697e+02 -4.000584010054902819e+02 -4.011356743346829603e+02 -5.163619800460211309e+02
8.476217679929339965e+01 8.406256917798313566e+01 6.595011608316913509e+01 6.532063248854613846e+01 3.656305937187811139e+01 3.607258868016347719e+01 -3.947400415210644269e+02 -6.684448317647375006e+02 -8.934583298880778557e+02 -3.971733552145384692e+03
8.858434713388573911e+00 1.051946993313782741e+01 6.040842155643940004e+00 7.210225416054387715e+00 3.029672164416089775e+00 4.881796358581187434e+00 -3.908102136734830765e+02 -3.924287089559375090e+02 -3.944554691306418590e+02 -4.237387175658620322e+02
2.956397271765165158e+01 3.051878468775849740e+01 1.966805336370493862e+01 2.056526434543296489e+01 1.418101062459963124e+01 1.489842344096094529e+01 -3.896969216881926741e+02 -4.190161823987028242e+02 -4.609207487221116253e+02 -8.220399713703249063e+02
6.812027953361699417e+01 6.824584677354194184e+01 6.395945570430631477e+01 6.464807211889032601e+01 3.711885075810948109e+01 3.612370701492346114e+01 -4.046457556954804318e+02 -6.148510309262853752e+02 -6.193682011792137700e+02 -2.718810586506648633e+03
5.055804742911674765e+01 5.070629630807857779e+01 4.944734991720027750e+01 4.959909583480638418e+01 6.429723604048977137e+00 6.428275513361644933e+00 -4.113495458917985275e+02 -4.265003141957719777e+02 -4.373965640923145202e+02 -1.668258601409387438e+03
1.021280327521478704e+01 1.158376240726711792e+01 1.084945653006667854e+01 1.193539227304151140e+01 1.232179111337879274e+00 2.432504189129662819e+00 -3.947836432641869351e+02 -3.943519931932530085e+02 -3.955285971951058173e+02 -4.445807258226845988e+02
4.567253114000574499e+01 4.644125130693958425e+01 4.224945415505108315e+01 4.246377457640923581e+01 1.504489408954249363e+01 1.664312037183434256e+01 -5.570055556160034484e+02 -6.227423746713581068e+02 -6.700268575250566983e+02 -1.438560853336798573e+03
5.562102069527895765e+01 5.453678636582591110e+01 5.860026133387304270e+01 5.738363820556542549e+01 7.083344669284411310e+00 8.361117153023656101e+00 -4.197069131750981228e+02 -4.338021350357479946e+02 -4.509761061698427511e+02 -1.933726832932759862e+03
8.635356454295394713e+01 8.741114293353976450e+01 7.907500412252933586e+01 8.004528499255312113e+01 1.428122683973648854e+01 1.525024270307521412e+01 -4.251635374012341231e+02 -4.517606202059303655e+02 -6.415179498144657373e+02 -4.117581857372649210e+03
5.459678073636830931e+01 5.369339708060131500e+01 4.846761073388388752e+01 4.800357158061501650e+01 3.045932374434335088e+01 2.957233945014181131e+01 -4.047997368651610373e+02 -5.577308349836566777e+02 -5.708568124875978356e+02 -1.871939998039696093e+03
2.077000628138642924e+01 2.028142904720704820e+01 1.881817595732550785e+01 1.925409058334287948e+01 1.295533488171609982e+01 1.134161555625981421e+01 -3.843424517899965167e+02 -4.165746218397561620e+02 -4.267534755537349156e+02 -5.923040239225338155e+02
5.653093976163864198e+01 5.533550182498959202e+01 5.263082837024022353e+01 5.153424977759765113e+01 1.063405661967034099e+01 9.633506853334804276e+00 -3.805325396636635560e+02 -3.986152341680548261e+02 -4.479969167044191636e+02 -1.973409460954500673e+03
4.964159021661721027e+01 4.976041837426189574e+01 5.373000049322325111e+01 5.304863731165854546e+01 4.051818847278846647e+01 4.153088838767537538e+01 -4.145636787434799544e+02 -8.573500628023070931e+02 -8.575905936342517180e+02 -1.636338184727635507e+03
3.988489895661222562e+01 4.050264509174273542e+01 5.000702607088032892e+01 5.199958202742770652e+01 3.990371302214688853e+01 3.782599575747428844e+01 -4.318229830806573659e+02 -7.983919984410626967e+02 -8.018099943945998120e+02 -1.179779744107352144e+03
4.788302757241277163e+01 4.801725976861163758e+01 3.193457201613063390e+01 3.269858263292714184e+01 2.484319846766933537e+01 2.407318820162954864e+01 -3.899823028558722626e+02 -5.027912987697498011e+02 -6.327571746608246031e+02 -1.529230513503376642e+03
4.203956777840309655e+01 4.136178612296956913e+01 3.761361383803324543e+01 3.716519811666852746e+01 1.179333895585980230e+01 1.073422156395277227e+01 -3.786604997025677903e+02 -4.166968227858129126e+02 -4.663520897737825521e+02 -1.258887750537417787e+03
4.369812743746089012e+01 4.530621151678446523e+01 4.257880198771881908e+01 4.421865469035547136e+01 9.524122869187243268e+00 9.560117930771614425e+00 -6.098677538424731210e+02 -6.312782721453731938e+02 -6.707818855424829962e+02 -1.358258020575980026e+03
3.168309571641726308e+01 3.073129134838762155e+01 2.344468352093156227e+01 2.256236318115443495e+01 1.541010465544719210e+01 1.477787962524348409e+01 -3.905646528627592602e+02 -4.298065736078371515e+02 -4.598891793285815766e+02 -8.889112474711783989e+02
4.233305130552192708e+01 4.318422527590342241e+01 5.026244270484530574e+01 5.091838606860851257e+01 3.822575050880749359e+01 3.831338856892483591e+01 -4.977212530690262042e+02 -8.727309435979490218e+02 -8.833377804622539315e+02 -1.295839688464121991e+03
5.169992569241819780e+01 5.126664416909726185e+01 5.034889841196683591e+01 5.003019823197860916e+01 6.558567483630201700e+00 5.397170745309564310e+00 -3.998080581172991970e+02 -4.128932983886556940e+02 -4.307383960713386841e+02 -1.726831098274481974e+03
8.556368623409237983e+00 9.053206229064521438e+00 9.647117875399624509e+00 1.035564849557850842e+01 6.546395862683207056e+00 6.079352587301254829e+00 -3.784994567435252861e+02 -3.863583175471312074e+02 -3.855854254894525184e+02 -4.122727466867773387e+02
4.963415672835218118e+01 4.967119723759256544e+01 4.356911460018331894e+01 4.432046878783626909e+01 2.627666369949503178e+01 2.501920893908176069e+01 -4.176504677294635712e+02 -5.738890053164714118e+02 -6.682053959549689353e+02 -1.635556649777528264e+03
2.104860191232403821e+01 2.180525092068172910e+01 2.266247964749297594e+01 2.161942567323626108e+01 1.686688438251647426e+01 1.892973184756229799e+01 -4.066060299790470935e+02 -4.808885577965306766e+02 -4.795526427004328411e+02 -6.189298259559823236e+02
3.757652635784597095e+01 3.684558891678950232e+01 3.456977845722585130e+01 3.391559738298970217e+01 5.777881773985304115e+00 4.786597573764079350e+00 -4.362785847853584755e+02 -4.441675961912124535e+02 -4.731662367227976347e+02 -1.111548003922948510e+03
4.945614603962376066e+01 5.009905462807313370e+01 5.193382429421320268e+01 5.280711734611298880e+01 9.561723786662959412e+00 7.772460841632765849e+00 -4.244913278634615494e+02 -4.501079051167790226e+02 -4.569728243110168933e+02 -1.641323353960825216e+03
4.796568859101181204e+01 4.928203547785655303e+01 4.797385524443313187e+01 4.929012351529574687e+01 3.623519414799139526e-01 1.976636465302972212e-02 -3.702650320628512191e+02 -3.700495323883721994e+02 -3.905722961851437844e+02 -1.512884907829618896e+03
4.939236606004087093e+01 4.935578715133529215e+01 4.179276452790210783e+01 4.199050959897953561e+01 1.316720092198905689e+01 1.234858076386441716e+01 -4.106676662369549149e+02 -4.463991251305477590e+02 -5.194466068167920412e+02 -1.605463120529939488e+03
1.197952442253192906e+01 1.242587296165343780e+01 1.193609357880354160e+01 1.235577676239915057e+01 -5.326195803886928370e-01 3.907133605820106159e-01 -3.933178761645284567e+02 -3.937975425072552866e+02 -3.944490361321102796e+02 -4.623801001337328103e+02
6.350985759421117649e+01 6.356713233352468251e+01 6.400755496528758215e+01 6.398920903180643904e+01 3.542109513387178055e+00 4.590871711200977145e+00 -4.196977951310123558e+02 -4.209604069423185138e+02 -4.364768780253430691e+02 -2.388784711965311544e+03
3.924936576900802265e+01 3.818400590586058030e+01 3.957463930420347964e+01 3.845469282156248880e+01 2.040549613083969760e+01 2.052183517362304599e+01 -3.894588882154812950e+02 -4.948542360259941688e+02 -5.090781492112305386e+02 -1.151595585316992356e+03
6.630537837650389577e+01 6.488908996961164632e+01 6.866467212761946826e+01 6.732584767643183454e+01 2.655744266265703502e+01 2.649084702719840934e+01 -4.382125421809793124e+02 -5.602791990403358113e+02 -5.636981716401057838e+02 -2.579799878521728715e+03
