# SNRtot_MF, SNRtot_opt, SNR220_MF, SNR220_opt, SNR221_MF, SNR221_opt, evidence220_221, evidence220, evidence221, nofilter
6.456518318509938581e+01 6.549679248234275519e+01 4.879313562024168505e+01 4.931687198087286816e+01 2.178389315701670981e+01 2.329448188530239250e+01 -4.566102320366281901e+02 -5.211146560901995599e+02 -6.111283905616664924e+02 -2.478549722717370059e+03
2.403992788243637335e+01 2.281670586870157535e+01 2.111245245640274959e+01 2.010283847549745673e+01 5.810225468211099198e+00 3.813897570630185641e+00 -3.921323935492272881e+02 -4.006620415003177413e+02 -4.233544329147979965e+02 -6.769246150026491478e+02
7.739549259372383005e+01 7.731903710367522820e+01 7.829088325475576937e+01 7.822743051534165204e+01 2.091389572916227291e+00 1.427476763641844837e+00 -5.887644509876589609e+02 -5.904392532682694537e+02 -6.687446638010654851e+02 -3.377804249450308362e+03
6.298021710167584075e+01 6.263204833076463274e+01 6.279432376008750083e+01 6.244340742515415599e+01 2.474528744739006719e-02 3.380127360422878202e-01 -5.709293963633466547e+02 -5.711234012911629634e+02 -6.327398772427300173e+02 -2.377840130264155505e+03
2.621719493453436556e+01 2.618292066298073806e+01 2.637647087394632095e+01 2.637221239943838214e+01 1.776080572619618270e+00 8.287072309481080534e-01 -3.841583809357700829e+02 -3.839972442778054642e+02 -4.026984645146351340e+02 -7.139724362034968408e+02
7.459477151947955065e+01 7.556626808172761400e+01 6.329235981766656494e+01 6.417816906077305816e+01 1.684798500137447874e+01 1.777954721194134180e+01 -4.062285079462063777e+02 -4.612213253124161270e+02 -6.527088118379188018e+02 -3.158994739782930992e+03
3.139287770953119150e+01 3.179883253100345541e+01 3.564950680651887183e+01 3.568437886610639254e+01 1.359125726974384563e+01 1.440122329538848334e+01 -4.083867961443611421e+02 -4.548330064761972835e+02 -4.571975093462061750e+02 -8.902078220767867833e+02
1.545503388516235432e+01 1.534743460585036523e+01 1.955512793057802057e+01 2.000011815076972965e+01 1.094020207472896011e+01 9.871325352975693690e+00 -3.877351047950025418e+02 -4.119171166916094080e+02 -4.150555048196324606e+02 -4.995028235708975330e+02
7.107874414546307662e+01 7.038126846311156726e+01 5.767976363896533343e+01 5.712219766991283620e+01 2.383381395028590433e+01 2.308708343330021862e+01 -3.951064156598199588e+02 -5.181283460541303612e+02 -7.117846937298203329e+02 -2.907119838263102338e+03
2.858864813487720014e+01 2.748412644882256828e+01 3.233416642104848648e+01 3.177181205230753136e+01 2.144314778143589706e+01 2.084394270041675767e+01 -4.487905498658347483e+02 -5.773139845786392925e+02 -5.806513729137377595e+02 -8.295895008882383763e+02
2.078836502984765389e+01 2.072013757556012692e+01 1.748126489763132696e+01 1.724668477679995249e+01 7.086282635305313882e+00 7.440050035658756222e+00 -4.009858196794341438e+02 -4.131360618872282089e+02 -4.241005182500309729e+02 -6.136930830748061680e+02
1.029522442087302103e+01 1.051661763416924877e+01 6.355008691156800893e+00 6.576989278624798985e+00 4.880207855710212428e+00 5.052086126479436778e+00 -4.008066801389072111e+02 -4.071358113728093144e+02 -4.139182618203014385e+02 -4.531095598731376413e+02
1.028637495899971199e+01 1.074617651980326904e+01 1.116003498090400825e+01 1.160851440376323929e+01 2.369502174312469567e+00 2.251786248217689579e+00 -3.871249775108896642e+02 -3.883919819915761877e+02 -3.895229783764540343e+02 -4.354880649475348378e+02
7.661109599911684143e+01 7.607077537044237658e+01 7.812010913063431872e+01 7.748006333341558616e+01 1.297704038177316166e+00 3.633678425356765107e+00 -5.177315342527651865e+02 -5.178990540161329363e+02 -6.117408109257409023e+02 -3.350873782547860628e+03
2.692897818014069244e+01 2.756681861948228374e+01 2.977075872261844225e+01 3.072298679484906359e+01 7.249378799399760709e+00 4.835604117989542594e+00 -3.982872499142419542e+02 -4.095777481879464403e+02 -4.159492157044812188e+02 -7.485606631902193158e+02
7.494574169333230884e+01 7.482186898961658983e+01 7.738572159817103113e+01 7.743326732497136788e+01 1.111321416785203553e+01 9.790502937963605490e+00 -3.891999165592622489e+02 -4.086033070072746227e+02 -4.476779259506647577e+02 -3.184686221546348406e+03
8.204833433333714510e+00 8.903236618768504584e+00 6.578114913393517504e+00 7.888195817584352731e+00 7.730081801307863820e+00 7.154784852669065387e+00 -4.241421350030799431e+02 -4.295634191683867584e+02 -4.295386632493307388e+02 -4.540986337345726156e+02
6.960391846418434625e+01 6.903896571131018334e+01 4.816084867600727648e+01 4.725820762648914553e+01 2.918157632842641291e+01 2.930624071073983927e+01 -5.029055390889616888e+02 -6.755536259268513959e+02 -9.188741291940995097e+02 -2.850812618096269489e+03
8.205691931636773973e+01 8.181986892882575546e+01 7.952164266042213114e+01 7.929304912599067734e+01 1.014629498649412831e+01 1.001958785026934784e+01 -6.144002676739049775e+02 -6.376584107584736785e+02 -8.152423238996174177e+02 -3.783203698128586439e+03
1.281885857118101590e+01 1.272889676190438024e+01 1.207042348609495974e+01 1.200719625031376303e+01 2.139149413754022344e+00 1.940239567304784973e+00 -4.001261185902883994e+02 -3.990316004271517727e+02 -3.999201643360652270e+02 -4.748093494222517847e+02
4.605576038883354784e+01 4.484957783829648292e+01 3.374889750687511736e+01 3.289609806504105194e+01 2.581336225069933477e+01 2.476161316025963899e+01 -4.324661330446872398e+02 -6.489257967531477789e+02 -7.597740435410208875e+02 -1.453954653649992906e+03
2.498224521871754789e+01 2.465756868804002977e+01 2.770467376038215690e+01 2.768515681004769746e+01 1.102495286683581277e+01 1.030016819489085833e+01 -5.048075620327681463e+02 -5.273352678260250741e+02 -5.411954583779232735e+02 -7.503137778325932459e+02
3.737296567446068707e+01 3.833491063410321686e+01 3.231693680060590879e+01 3.325561899179765390e+01 1.027636551870819837e+01 1.080038540732501318e+01 -4.272909120528995572e+02 -4.478566812437696854e+02 -4.858371740596624591e+02 -1.107648650808668663e+03
5.259481929032590131e+01 5.313157380207569247e+01 4.321088880168349533e+01 4.368090124567788024e+01 3.233020847938497866e+01 3.257542537867070820e+01 -4.051769171332392716e+02 -6.834185965859898033e+02 -8.425436920949788373e+02 -1.770057752952802275e+03
4.766997611702839777e+01 4.834236859316363422e+01 4.803569852512165994e+01 4.921601012653035667e+01 2.322033481840664848e+01 2.206056474437367143e+01 -4.157406734562689508e+02 -5.245398317267636230e+02 -5.233237750476380370e+02 -1.528571371021290588e+03
1.086465462353540978e+01 1.193614067346253371e+01 1.314896471719221260e+01 1.453042587122563312e+01 6.452314946637897286e+00 4.993721155785380006e+00 -4.358028501433342967e+02 -4.412071479120790514e+02 -4.452563133569650518e+02 -4.804690825812255071e+02
7.839147028027333874e+01 7.891879909942312565e+01 6.852074756499233388e+01 6.901989895281988652e+01 1.478417775181782723e+01 1.525387981291152251e+01 -4.187844083769029453e+02 -4.737175361780255685e+02 -6.763412832931389858e+02 -3.462684078731478166e+03
5.688862298889429781e+01 5.897971264018579518e+01 2.785555414751649295e+01 3.006453544099768038e+01 3.365860801695004767e+01 3.527233368804085245e+01 -4.137143634589901922e+02 -5.128846977946534480e+02 -5.598253061597982878e+02 -2.003058778709776789e+03
3.520660102241924250e+01 3.554273301710841793e+01 3.468599282385561366e+01 3.546747626778409312e+01 1.844013500550648033e+01 1.754109201899342096e+01 -3.806721849583453832e+02 -4.792512614661521866e+02 -5.459761401238947656e+02 -9.634801616289472577e+02
6.570573501810549999e+01 6.515675452224674302e+01 6.475406127354162322e+01 6.408441471406480616e+01 1.380276197946407635e+01 1.430227147592546899e+01 -1.449932041905790356e+03 -1.488635728622716897e+03 -1.527461462828771118e+03 -2.542374561784513844e+03
7.534590903025420516e+01 7.544033798344790398e+01 7.524679146273997787e+01 7.534007294177507674e+01 -2.590934034109074191e-01 2.061630801850203865e-01 -4.151417736745610796e+02 -4.134741619562574328e+02 -5.110025289889097166e+02 -3.231196640820038283e+03
4.007826391423327550e+01 3.910869359742290641e+01 3.376431864936483151e+01 3.257410680902217592e+01 9.166879801171511133e+00 9.258841540410337245e+00 -4.657318992470616763e+02 -4.711281955096746401e+02 -5.153432794136816710e+02 -1.182109136931663215e+03
9.437225285416191412e+01 9.440271699854289977e+01 9.514300805951231155e+01 9.515954392471793710e+01 3.067834381558291579e+00 3.445789194184777138e+00 -6.637341425649213988e+02 -6.645757980234429851e+02 -7.771447856101938214e+02 -4.809338792821299648e+03
3.595466725709744793e+01 3.648947934721338981e+01 4.327351915925709847e+01 4.359903998551242665e+01 1.243265527180106567e+01 1.284696474509025599e+01 -3.851163696529824847e+02 -4.071328518827863263e+02 -4.119434660211766754e+02 -1.016875170025635839e+03
2.810975154062189318e+01 2.811135227923469060e+01 2.424706384868411035e+01 2.466335274231784780e+01 3.035588697524566015e+01 3.001532491475225228e+01 -4.228510322209687047e+02 -5.921462334182667746e+02 -5.957267124667889675e+02 -8.110547746559570896e+02
5.731315567674820244e+01 5.639438082953985543e+01 4.279630740692926594e+01 4.221802452173847087e+01 2.137025650667253984e+01 2.000028730660330822e+01 -3.871209599484859041e+02 -4.904956700129145588e+02 -6.370940061072797107e+02 -2.014956777932285149e+03
2.298646506219221664e+01 2.132171000788397563e+01 1.953740514450653620e+01 1.804357983073327887e+01 8.009207110748848280e+00 6.742372982451105834e+00 -3.873082799300080410e+02 -3.965283503548845374e+02 -4.131482516131407579e+02 -6.453436444875069355e+02
2.905354430470591254e+01 2.915597571978672775e+01 1.872135072615391138e+01 1.856874999732976406e+01 1.384278360491822291e+01 1.425117741440817198e+01 -3.531569967581118021e+02 -3.794607034698366874e+02 -4.226063512419266885e+02 -7.729013395628301168e+02
8.836323289370623968e+01 8.799648999392206861e+01 7.994084012230081271e+01 7.965171434279379525e+01 1.891735126014372526e+01 1.841545076190172736e+01 -9.418824169316421830e+02 -1.005780398723219605e+03 -1.200042273089260107e+03 -4.304841303578287807e+03
7.308359260818754422e+01 7.177719109289603239e+01 5.963069783036553417e+01 5.876021748878753925e+01 2.003682835425811604e+01 1.761765134991203752e+01 -4.292649880442983203e+02 -4.851489773175012488e+02 -6.833881339043211938e+02 -3.072180677778821519e+03
5.422429095861203763e+01 5.314954240980450351e+01 4.900352708913923294e+01 4.756674029045079521e+01 2.433367468535658418e+01 2.478637781982841304e+01 -4.306891474435878422e+02 -5.605970190329938987e+02 -6.915974101277079171e+02 -1.844833017651005548e+03
1.026356395745804377e+02 1.004426671163501226e+02 1.045691920177240064e+02 1.023595182726012354e+02 1.017257229285954745e+00 2.992947543578097669e+00 -1.329049841607086819e+03 -1.330975087612920561e+03 -1.442369223774865304e+03 -5.662446045524227884e+03
5.071114425481105314e+01 5.116144711857611327e+01 3.405225828412373090e+01 3.316507872553392389e+01 2.718675550868749724e+01 2.899602183996952220e+01 -4.151490858357697107e+02 -6.137306929429128104e+02 -7.689792459424170374e+02 -1.689244749224106954e+03
1.746715703057825664e+01 1.792364818101685131e+01 1.218638138465420795e+01 1.245934286621559295e+01 9.873368936620156688e+00 1.033593623404758155e+01 -4.171285990598075841e+02 -4.387129520164886003e+02 -4.504308653946043819e+02 -5.613669365537651856e+02
1.397253014255564629e+01 1.303936423586774218e+01 1.392210535349719969e+01 1.298860546547599881e+01 6.037914807783847371e-01 8.254981305136423197e-02 -3.784268811767469742e+02 -3.782520629073322880e+02 -3.820395017576950636e+02 -4.685548207607062068e+02
6.273300429697358283e+01 6.279580576199788311e+01 4.844351750909544307e+01 4.853057654406231336e+01 2.237268157176339045e+01 2.236009859678854994e+01 -4.328760516761829535e+02 -5.298652600941996980e+02 -6.601095422251106584e+02 -2.361151210573781555e+03
7.501491015727113165e+01 7.436899607581595717e+01 7.362844004288096755e+01 7.347599016034097019e+01 2.312458194510348619e+01 2.140363218268917933e+01 -4.188294633370285283e+02 -4.990509647361698171e+02 -6.374591778305540402e+02 -3.217624593093361909e+03
5.115501927855412845e+01 5.004267337177340380e+01 5.163269200632954181e+01 5.046292198999561407e+01 -8.750829694745946297e-01 1.448378116386670467e+00 -4.063536533710935146e+02 -4.070571184953333841e+02 -4.595923700753223784e+02 -1.678879991420906663e+03
2.354123536202207490e+01 2.376236416150674202e+01 2.250474957372236773e+01 2.304621174399997940e+01 7.046664696922699811e+00 5.801437278020346255e+00 -4.057344798588185881e+02 -4.240926875890147016e+02 -4.431716249788451023e+02 -6.458453408576184529e+02
2.330451033550376394e+01 2.502809921031996154e+01 1.628007623600061748e+01 1.772876338389200157e+01 1.191106423962446570e+01 1.323035751459441478e+01 -3.655990986390871740e+02 -3.804242717738229658e+02 -3.939037929434812213e+02 -6.326963617408730443e+02
5.338102957028757345e+01 5.321594030275347365e+01 5.367399362250757378e+01 5.351328508400860784e+01 1.867903374437251962e+00 1.762762271407709136e+00 -4.872900053574502408e+02 -4.867513929323881712e+02 -5.158856759411969506e+02 -1.823949485695482963e+03
8.225239080142401349e+01 8.199185774363735391e+01 8.275852557090148309e+01 8.249458684806825204e+01 2.219562421728259682e+00 2.391787770036967409e+00 -3.633224242567115994e+02 -3.650378444725419058e+02 -4.766968869441453194e+02 -3.738015139247990646e+03
7.280184552320135083e+01 7.231535355253119235e+01 7.719392494720683828e+01 7.673480094421483955e+01 8.059997915327850038e+00 8.066190444399071069e+00 -4.241199347965074935e+02 -4.392884121984307058e+02 -4.940480488827136583e+02 -3.051289341943763247e+03
1.834772301223204849e+01 1.767180650981955736e+01 2.153841628190119550e+01 2.062752168078251103e+01 7.943395147496947750e+00 8.727663732519541639e+00 -3.665592984764733160e+02 -3.834436879180308893e+02 -3.892507053742928065e+02 -5.288848191461361239e+02
9.593419467251473520e+01 9.641733070969232244e+01 8.816470189942668867e+01 8.869829289693565499e+01 1.148400136346024958e+01 1.141867649765401360e+01 -1.125619861028493915e+03 -1.148359555335854338e+03 -1.367583454338484898e+03 -4.999879902109731120e+03
4.919151521057859355e+01 4.998616478494437132e+01 5.101577653279900915e+01 5.183801796836795717e+01 4.881537915736609001e+00 4.188759622850309228e+00 -3.954805691165125268e+02 -3.993731203127827030e+02 -4.290989052100521235e+02 -1.595913266306152764e+03
5.398096571062390581e+01 5.221218975794043615e+01 5.910186737788140476e+01 5.733569566305654774e+01 1.506433066156147937e+01 1.563442012925008839e+01 -4.059416229185952716e+02 -4.699915474387147469e+02 -4.826486966021749936e+02 -1.839897228139912841e+03
2.767576572405864965e+01 2.846363741931490310e+01 2.722941817040682011e+01 2.800223463919491707e+01 -4.040991023857652964e-01 7.067574667232312535e-01 -3.954217274098497228e+02 -3.960433186492984419e+02 -4.158365458589090053e+02 -7.735770836510752133e+02
1.556052521773545827e+01 1.522908747818897623e+01 1.151318086296708465e+01 1.127156795903899322e+01 5.866896021889049351e+00 5.439636186280507602e+00 -4.125732693175606869e+02 -4.220289204284558195e+02 -4.276113894582472312e+02 -5.294297114581648884e+02
2.339594212267634887e+01 2.354920292039892971e+01 1.594117904464479984e+01 1.589115265456373294e+01 9.963287510310260942e+00 1.038728165739405185e+01 -4.067083217724501196e+02 -4.190872694001350283e+02 -4.416582223481678398e+02 -6.552471398435349101e+02
3.561729822266516265e+01 3.580981489905866511e+01 3.440481634181143988e+01 3.375169455806149443e+01 3.061237623647996386e+01 3.153016260699974183e+01 -4.171463661300219883e+02 -6.384078161030395222e+02 -6.823768027735745818e+02 -1.005678393005247472e+03
1.651886345346878215e+01 1.536051146333595696e+01 1.780661874966589409e+01 1.658981867363815965e+01 2.327140835639385674e+00 3.099418995984034808e+00 -3.959058658793633754e+02 -3.984042984805766991e+02 -4.070648369548367214e+02 -5.274738676072844328e+02
6.615401096116308111e+01 6.794307964074083372e+01 6.704428922710019378e+01 6.879871278458824690e+01 3.919339952377824510e+00 4.126017076897483093e+00 -4.806558911367139899e+02 -4.860336554266596636e+02 -5.715778756660920408e+02 -2.586560057130693622e+03
3.615343902937885190e+01 3.523588576128113914e+01 3.590186951766808932e+01 3.472913228603056979e+01 3.518374720024676350e+01 3.542082087926543466e+01 -3.835144696542710108e+02 -6.285699954661603215e+02 -7.260436165270401716e+02 -1.025991334601714470e+03
4.505630501774667351e+01 4.539717051567556183e+01 2.863514019074014882e+01 2.946406747070346910e+01 2.252314963341500587e+01 2.211854617982454130e+01 -4.173395032859918956e+02 -5.202727061392322412e+02 -6.491876537925919592e+02 -1.412544548895600428e+03
4.408410784469768373e+01 4.538638953731609860e+01 4.495023733232642371e+01 4.642321377907612856e+01 9.080041787252739027e+00 7.907119559251332142e+00 -4.143774856719577429e+02 -4.188670801254980915e+02 -4.322496748469199588e+02 -1.366246442823360439e+03
1.218577927479822165e+01 1.326450509152431678e+01 8.000407859847328496e+00 8.632845634441530080e+00 5.352638233004803681e+00 6.677782651287745175e+00 -3.960644812554514829e+02 -4.027574101338994410e+02 -4.108808703217825951e+02 -4.657087447117789907e+02
4.372295341886392350e+01 4.500226500620586023e+01 5.043626770061584352e+01 5.180208819664152742e+01 1.452034172142264268e+01 1.354743148914791639e+01 -5.216978319099689543e+02 -5.600488655723363536e+02 -5.666978385181265594e+02 -1.381522092059982469e+03
2.003070835676264849e+01 1.943390210108052685e+01 2.402456319148263120e+01 2.334482829872722931e+01 9.771634438554160695e+00 1.019064802845225337e+01 -4.241988306364948471e+02 -4.425634353039032476e+02 -4.423193260894919376e+02 -5.982992967848658736e+02
4.545843768809645979e+01 4.692245263303976799e+01 3.851208416414696245e+01 3.968129442719802569e+01 2.899827393709103163e+01 2.974788668927274315e+01 -4.028718317451936741e+02 -5.778247828051950137e+02 -7.218261118585278382e+02 -1.432377306661242983e+03
7.007837575999531055e+01 7.073910606749845442e+01 4.457782692835877469e+01 4.487018798026954869e+01 3.513655196223336930e+01 3.606869481139765554e+01 -3.888758126704858000e+02 -6.011939848501816641e+02 -9.077998870039668873e+02 -2.838379649919808799e+03
6.211960823859029546e+01 6.212761542861130692e+01 6.038240618921266645e+01 6.030068689383326586e+01 8.739010128175985770e+00 9.321047426951928117e+00 -4.300143229761001180e+02 -4.420793047203009678e+02 -4.866763138150371901e+02 -2.335879168713935996e+03
8.405835942221376200e+00 8.358621609783986273e+00 1.014634461802534382e+01 1.034448977070873532e+01 6.757019541677694363e+00 6.373500760341495486e+00 -4.107420804281895812e+02 -4.137642561477557592e+02 -4.146583344836664651e+02 -4.411728692584165401e+02
8.509799962731466394e+01 8.467364330046197551e+01 8.733662455751527887e+01 8.711644798256511990e+01 1.087176114451279574e+01 9.013310163770727357e+00 -5.414684045132826213e+02 -5.682545549061806014e+02 -6.110221486946137475e+02 -4.018683054518829067e+03
7.926317864379328171e+01 7.894144691312700957e+01 5.947086570360359303e+01 5.882771141493184786e+01 2.682477087215916001e+01 2.728067334910450725e+01 -3.993459046530535375e+02 -5.348400489517911183e+02 -7.521865990989959982e+02 -3.516087514912107963e+03
4.110827734906798270e+01 4.120377118398235439e+01 3.946276750921274612e+01 3.995581122689014819e+01 2.603178769113651114e+01 2.541138645426569909e+01 -4.591559573035150379e+02 -6.749704822871315173e+02 -7.470538320094431128e+02 -1.235603417846697994e+03
4.221216552803734601e+01 4.099646084823159242e+01 3.920086539269843939e+01 3.778618629208109780e+01 3.013107407247233382e+01 3.025060025378551387e+01 -3.876021351605829750e+02 -5.829126102481397993e+02 -5.830343315245260101e+02 -1.269682424083482374e+03
5.529538166491696671e+01 5.572575504169863336e+01 5.446538872912886120e+01 5.489200945017344679e+01 7.027558400183320231e-01 1.181003837187311722e+00 -4.520456347997320563e+02 -4.520746293104237452e+02 -5.179674166637863664e+02 -1.923968351444555537e+03
7.158215592565875340e+01 7.009918178643479791e+01 5.173391856744951411e+01 5.098775197725117181e+01 4.094995050749434284e+01 3.927164237603937380e+01 -4.258132514722973951e+02 -5.888485429610429946e+02 -6.481819468374873168e+02 -2.965424863797376020e+03
8.317303272245901269e+01 8.293266370785613617e+01 6.496468153984685046e+01 6.472046715285070206e+01 2.624727396631888254e+01 2.608901681653666316e+01 -7.373469962088714738e+02 -8.700862734398547218e+02 -1.073128857474360302e+03 -3.831682083544767011e+03
6.402383720874668427e+01 6.419117382575539921e+01 5.192912337812548174e+01 5.101000816229542068e+01 3.166864079519389463e+01 3.339425522051563888e+01 -3.956160988138640846e+02 -4.914266007492212793e+02 -5.892406806838386046e+02 -2.439539616668208510e+03
5.155834269208125420e+01 5.170461204136036315e+01 5.405454493935626914e+01 5.306321346675074579e+01 3.670599381335092914e+01 3.827781883716287581e+01 -4.107851778440825683e+02 -6.669874255660145081e+02 -7.735409880150500612e+02 -1.728102621170206930e+03
3.421478599947453603e+01 3.469914233664301406e+01 4.601729168355078770e+01 4.636083035627624582e+01 3.091826874169616346e+01 3.094670509236396327e+01 -5.218325361413438941e+02 -6.896373973196076577e+02 -7.047036906827164557e+02 -9.647185396186705475e+02
1.140758151438984491e+01 1.139318044383258943e+01 1.108227059777410162e+01 1.094500482179027401e+01 3.021432153344859373e+00 3.413493953589183061e+00 -4.037621892362795393e+02 -4.068566995340225958e+02 -4.094309947973918611e+02 -4.665230931988264729e+02
1.640282155094094207e+01 1.613304978550743485e+01 1.650058562840979093e+01 1.598688318139311093e+01 9.484481025635497886e+00 9.875378419537044650e+00 -4.070586518961849833e+02 -4.174825613384456346e+02 -4.184381117717763345e+02 -5.393640347214155781e+02
7.967888880466526302e+01 7.960757621633906922e+01 6.468160990557100831e+01 6.480332453933270642e+01 2.227862042262997377e+01 2.165214506974863795e+01 -4.115476997210940340e+02 -5.284028965241608375e+02 -7.615572317182385405e+02 -3.548485775558182468e+03
7.787247356282237831e+01 7.821276457369637569e+01 7.181783571378660724e+01 7.198937159988867052e+01 1.230865987950500617e+01 1.337527981356063655e+01 -5.472698892728184319e+02 -5.844793274805495003e+02 -6.663891286719255049e+02 -3.430696577060530672e+03
3.141002208312104926e+01 3.141971465780049755e+01 3.053170800031043797e+01 3.065613675435255558e+01 2.251412848481891160e+01 2.235713308851909886e+01 -3.767463522153058761e+02 -4.765529729771571397e+02 -5.303790090082121651e+02 -8.638311280994112167e+02
6.220605304981037875e+01 6.290781248413852467e+01 5.934905836043132155e+01 6.003144246305412679e+01 3.718186577244182889e+00 4.435501013572668683e+00 -4.629983567673880884e+02 -4.687417969459233973e+02 -5.491392284380237925e+02 -2.320032653977575592e+03
3.574050398834092590e+01 3.523466569790448233e+01 3.616790264284900758e+01 3.567026598973846774e+01 2.214497427276433505e+00 2.181394158082553769e+00 -4.801730457731616752e+02 -4.811291810177926891e+02 -4.896645635378001771e+02 -1.055442157967942649e+03
1.045664736077334567e+02 1.031480615380963997e+02 9.838522670865303610e+01 9.733373212108028838e+01 3.091366176390180343e+01 2.941939003067087199e+01 -2.859365349839266855e+03 -3.039783263251375956e+03 -3.278180919438717865e+03 -5.874475801872348711e+03
1.005927496868685722e+02 1.010495912205101092e+02 1.006032741640419346e+02 1.010602504562759236e+02 1.031444541915269797e+00 1.824750573282661256e-02 -5.454734555370444014e+02 -5.467163727649636940e+02 -7.042242088206299968e+02 -5.443574619193995204e+03
3.426851698826077808e+01 3.403505118000684604e+01 3.565251923459117478e+01 3.528592893675762809e+01 4.771085216051631051e+00 5.653611150799084051e+00 -4.055185692806525708e+02 -4.127763862593320141e+02 -4.293025099904589865e+02 -9.870711839303484112e+02
4.863722313669050124e+01 4.888957250722909009e+01 5.323554837217485414e+01 5.347034319152606230e+01 1.706610161402585746e+01 1.705335886205782003e+01 -4.032754547165381496e+02 -4.487655340186166200e+02 -4.565995788062088536e+02 -1.573523633375537884e+03
4.248796084111796034e+01 4.204910487736412250e+01 5.037328961492934809e+01 4.974521565799543055e+01 2.842061196790241695e+01 2.886373459804784858e+01 -6.265158889067754444e+02 -8.018014699073872862e+02 -8.032736491618348964e+02 -1.249683926495171363e+03
3.443053751001287566e+01 3.474130618748520760e+01 3.996699229768919537e+01 4.078394171254469569e+01 1.460853832611346625e+01 1.285678575162842385e+01 -4.293964653898810866e+02 -4.573410173418645854e+02 -4.576131023239244655e+02 -1.004355378971960249e+03
2.054370600981405559e+01 2.098590578175817356e+01 1.993935314497771571e+01 2.068249623977365914e+01 6.898687463813407028e+00 5.859298226881096916e+00 -4.053654679520120681e+02 -4.137079806009689378e+02 -4.166869179969095285e+02 -6.058770850266749903e+02
8.329226126983259348e+01 8.242824739516071020e+01 8.944268358261686558e+01 8.842839317224579077e+01 1.080006508206650118e+01 1.230171880085757863e+01 -4.112725634834233688e+02 -4.337267205644945989e+02 -4.989839175286370505e+02 -3.859418546170805257e+03
4.907386013359188581e+01 4.953486079384229868e+01 5.322733406866831984e+01 5.419248790201942256e+01 2.175941824273873237e+01 2.030836685508256423e+01 -3.845339485032883431e+02 -5.015138709615875996e+02 -5.053170471304470652e+02 -1.579612326806173769e+03
5.409238874125453123e+01 5.320504115323549854e+01 4.723816271944907186e+01 4.642011054393683622e+01 1.584452484457019317e+01 1.523833714632669079e+01 -4.189084281583343454e+02 -4.814281513244812913e+02 -5.254694783891476391e+02 -1.853676983757120297e+03
6.380728929446184594e+01 6.390387641767665627e+01 3.653841565947602987e+01 3.650469572585044631e+01 3.275397465720242707e+01 3.297846140361995282e+01 -4.514419157268745835e+02 -5.595107420398253453e+02 -7.201688252042154090e+02 -2.461698123287508679e+03
4.554257499454164559e+01 4.718689305279374935e+01 3.509721799681121013e+01 3.659948968015590509e+01 1.319166675919213993e+01 1.472681741349680529e+01 -4.025433107580057595e+02 -4.388651628949294832e+02 -5.371933183881230889e+02 -1.405751710773616423e+03
5.901112552547814261e+01 6.007910739636406561e+01 5.155876918522982777e+01 5.259853081125340424e+01 9.264599429411827458e+00 1.019392395969323672e+01 -4.481143090111218612e+02 -4.587777058183465897e+02 -5.556726003063627104e+02 -2.112760429738791117e+03
4.983946158369604973e+01 4.984752308364503648e+01 4.520747955038812194e+01 4.546582726260192686e+01 1.563864284768155599e+01 1.487606577778551653e+01 -4.286305707963343252e+02 -4.720807348016610376e+02 -5.708626663387743747e+02 -1.615349165089320877e+03
4.711359358915804307e+01 4.763877602965607849e+01 4.774666024887811488e+01 4.800034382657170795e+01 3.236622559571534907e+01 3.275825350716481665e+01 -4.291037557390584425e+02 -6.403731495709994306e+02 -6.395598481582769637e+02 -1.499737298666321294e+03
6.677639853343268328e+01 6.614382235032620372e+01 7.357794843961413278e+01 7.277696506763221862e+01 1.460907550885174544e+01 1.565968012364221806e+01 -6.414747344922410548e+02 -6.983125974437864443e+02 -7.146626110036877435e+02 -2.582612346178515509e+03
2.737877009547572627e+01 2.803138290217819062e+01 3.248202988794448487e+01 3.335887115662696090e+01 1.784700072104374513e+01 1.721036124079405738e+01 -4.237181245348138532e+02 -5.138167634383943323e+02 -5.190593729029028509e+02 -7.867448953081338914e+02
1.976866117687311331e+01 1.988149851615936825e+01 1.280558545677475912e+01 1.332239865465535367e+01 1.041982266154518832e+01 9.953471177127115155e+00 -3.801109503507066165e+02 -3.895005613784480829e+02 -3.970214120437108249e+02 -5.449374314564116730e+02
5.232603657418880516e+01 5.301999467974343361e+01 4.569438300671108522e+01 4.732244449748609583e+01 3.990234035668027701e+01 3.886674569202372709e+01 -8.951167344690588834e+02 -1.179283467695330728e+03 -1.207241090288568330e+03 -1.739040072347660043e+03
6.302603143967254340e+01 6.277104416474941218e+01 6.119587202630784617e+01 6.094153828179877053e+01 3.913937336961436309e+00 3.779987730673338486e+00 -4.380682374613780325e+02 -4.403760364159629148e+02 -5.134687449195126874e+02 -2.368486077083973669e+03
6.795319628984721305e+01 6.818612382981707754e+01 4.201390630021385419e+01 4.192225749893980691e+01 3.190448133773731598e+01 3.251118185143669592e+01 -5.142724851651564677e+02 -6.293030680076416274e+02 -8.313879192936594791e+02 -2.711607669302853992e+03
7.754476390376481731e+01 7.721907095631803486e+01 7.303076786676942334e+01 7.267099809563795532e+01 2.231245412802083194e+01 2.235696471104301608e+01 -4.188199905946946160e+02 -5.109044881870200925e+02 -6.264066949234313597e+02 -3.387976329494909351e+03
3.281736240073583133e+01 3.388370781487554950e+01 2.585216943274842549e+01 2.700897524193826982e+01 1.443125889606664458e+01 1.476234431700976657e+01 -4.119023299285750568e+02 -4.419149624303399264e+02 -4.781929575923459197e+02 -9.447014785877847771e+02
8.059909260630517736e+01 8.020677066600353555e+01 5.675877381237310715e+01 5.655124921674118355e+01 3.936739947472951684e+01 3.885964650887763128e+01 -1.800207114203538367e+03 -2.170454018320932846e+03 -2.360640522894145761e+03 -3.642254628523936844e+03
6.657956504863616942e+01 6.713745879447230891e+01 5.419168621634391769e+01 5.482942615503869632e+01 3.083867358436668127e+01 3.091916261729386406e+01 -4.022171649114806087e+02 -5.657179551026010813e+02 -6.004731675294132174e+02 -2.583923192128489973e+03
1.255597995645147336e+01 1.273939394265180525e+01 6.722458263790448640e+00 7.037866605217443450e+00 7.250046738802208068e+00 7.266118756831397185e+00 -4.136196053108182014e+02 -4.192935657854062015e+02 -4.244339373313857209e+02 -4.847326040514648753e+02
1.950263446954205193e+01 2.007989449698138174e+01 2.140376389905452470e+01 2.181623208990578888e+01 8.929560638159856012e+00 9.211050640567643555e+00 -4.016018782979391517e+02 -4.149043621728367270e+02 -4.152373776549348463e+02 -5.880905765413945119e+02
3.148692908322171391e+01 3.125144605499431449e+01 2.656064021241916961e+01 2.649961278944727283e+01 7.351400676442298554e+00 6.462955421843183501e+00 -4.270403648075460410e+02 -4.398273100562412878e+02 -4.811996148899175978e+02 -8.990914897781752870e+02
5.275735875645525397e+01 5.223939040703240266e+01 3.254594921345565695e+01 3.228926074096260379e+01 2.570049389385040328e+01 2.494813010020881094e+01 -4.847232896211396564e+02 -5.764664994882745077e+02 -6.644923871558393103e+02 -1.796084793068789395e+03
1.851339479004590061e+01 1.702615393719265668e+01 2.184454571293335334e+01 2.159948586473228360e+01 1.851477465918112841e+01 1.736111457049247164e+01 -3.915009605672264001e+02 -4.488106463983010030e+02 -4.486405094416061274e+02 -5.568430119363798667e+02
2.804252031226208430e+01 2.623204036914939508e+01 2.701694910849124653e+01 2.546510901087102496e+01 8.092715007085855561e+00 6.944322883693289761e+00 -3.919940666751263620e+02 -4.013744711628172013e+02 -4.044673461380671142e+02 -7.782720391668931370e+02
4.233786221787682535e+01 4.096066395920072267e+01 4.402750902955630607e+01 4.268709863005506833e+01 3.698403250250427821e+00 3.905125383389616456e+00 -4.052443087271568629e+02 -4.107017851474148529e+02 -4.428854420095749447e+02 -1.296091362986512195e+03
1.256973837689555040e+01 1.250356113917443324e+01 1.176676847785161684e+01 1.142654578180974312e+01 4.976779183029639952e+00 5.530132814343474479e+00 -4.011818693553493631e+02 -4.089558420912427437e+02 -4.121706565461997798e+02 -4.779652710522195207e+02
1.696760083883398096e+01 1.844752049740521826e+01 1.019535632976837469e+01 1.113622727046497474e+01 1.054648875345062820e+01 1.195382832312533594e+01 -3.948940489255703028e+02 -4.198196661179753164e+02 -4.199018846564237606e+02 -5.348729073013283823e+02
4.064531465116775877e+01 4.056643800458204652e+01 3.503213161205604820e+01 3.439673132281765078e+01 2.127589141571355569e+01 2.211931484750875043e+01 -5.376074887759533567e+02 -6.661789650038851960e+02 -7.339957154648761843e+02 -1.227605025892069534e+03
6.059328745315470854e+01 6.110788582274335567e+01 6.090220938024506125e+01 6.141487683358359817e+01 6.692680535937506336e-01 6.040590477397662639e-01 -5.038250993676597318e+02 -5.044237532366942105e+02 -5.627115328868865163e+02 -2.259887945997063525e+03
6.628585578432954151e+01 6.522343948735736774e+01 5.446052840303985931e+01 5.336446487889623569e+01 3.077973031595115927e+01 3.042463645533581484e+01 -5.792690720958185011e+02 -8.925116134384797988e+02 -1.106038962324707427e+03 -2.584219739580370060e+03
8.633686696617683509e+00 6.878456939961344219e+00 8.718619107155506143e+00 7.893859215056137302e+00 9.109834617612984076e+00 8.451651565029598245e+00 -4.132310922103087591e+02 -4.281419799884291706e+02 -4.274018892459510539e+02 -4.464114529315758659e+02
5.409676128522989558e+01 5.395072496513428462e+01 5.921043293031688393e+01 5.904372431564502932e+01 1.162460239011904406e+01 1.179119551821157863e+01 -4.102645509212894126e+02 -4.261449996298572955e+02 -4.661996958924813725e+02 -1.856929174126307998e+03
4.542797092061888975e+01 4.576734191488124992e+01 5.115134391056164276e+01 5.130432343915976645e+01 1.417205662529886823e+01 1.469493062266088934e+01 -6.259651506782176966e+02 -6.567391269192302161e+02 -6.918738409981607447e+02 -1.432332078517809578e+03
1.035849748311291130e+01 1.212138603994966246e+01 8.797718289358975596e+00 1.080871253660763642e+01 5.969697884344323136e+00 5.907470576789248362e+00 -3.766386365122459097e+02 -3.857042054538256934e+02 -3.852037392552716142e+02 -4.261264158842958523e+02
4.372334558737925647e+01 4.336909046974308524e+01 3.856507855525958206e+01 3.830703849377398029e+01 2.784521674793474943e+01 2.764704104920017258e+01 -4.658686501112570681e+02 -6.990570882814919287e+02 -7.854395293370677109e+02 -1.374586320639719588e+03
4.618832445459409541e+01 4.595606298336624462e+01 3.678170737970577875e+01 3.641928335453529542e+01 1.455013260668196828e+01 1.472167561126271629e+01 -4.292242054859877385e+02 -4.741421061248842648e+02 -5.543078466075396591e+02 -1.491676087445452822e+03
6.533825612541862426e+01 6.400258513359338508e+01 7.737668701107898528e+01 7.576387302490421405e+01 2.366534619801397099e+01 2.512623508835103436e+01 -4.596962759719948508e+02 -5.997628056056734067e+02 -6.513423651610841034e+02 -2.535757345450108005e+03
1.480173278395203518e+01 1.404559228211720701e+01 1.416976922370955272e+01 1.377404836606531724e+01 8.248423566931519346e+00 7.565048872134988223e+00 -3.803209634609336263e+02 -4.016279295804384901e+02 -4.158497640207207837e+02 -4.868299514568091695e+02
5.975936236098981880e+01 5.872171148079318925e+01 4.277222306438962818e+01 4.198388818512727028e+01 2.292204433946286812e+01 2.163548810135473133e+01 -4.916685292731853565e+02 -5.895101799523191630e+02 -7.527192036243129678e+02 -2.202965207821146578e+03
8.934468206229002618e+00 8.643051141242406032e+00 9.799101624493108176e+00 9.521049883650613666e+00 2.017845799563041886e+00 2.079687727552166798e+00 -3.662046555469445934e+02 -3.684085602414294272e+02 -3.710040667959153211e+02 -4.050397301055629100e+02
7.097241603554425460e+00 7.079716623385185592e+00 8.553927419753263095e+00 8.664114860119449091e+00 6.935674013571818008e+00 6.776484007106463814e+00 -4.152375655267352954e+02 -4.274803548520919207e+02 -4.279819142488639727e+02 -4.364178529268016291e+02
4.234567161909984634e+01 4.267346968156287801e+01 3.548551565896237037e+01 3.642947679166090325e+01 2.031205383056519764e+01 1.925246320694451896e+01 -4.169719069471706803e+02 -5.467429229874429666e+02 -6.509524687114097787e+02 -1.290966696371923035e+03
3.024476254556941157e+01 2.908458161237571105e+01 2.713022211022718722e+01 2.600336517523621893e+01 5.411027978240118053e+00 4.402128644705854299e+00 -4.412625727527657205e+02 -4.449206524433465120e+02 -4.749900686453773915e+02 -8.684774066034023008e+02
4.411061472378416681e+01 4.366799437267346917e+01 4.048119683093141674e+01 4.000288264193716259e+01 2.310209127985272559e+01 2.309367353579297344e+01 -4.157328885571948263e+02 -4.647845603348490044e+02 -4.798639964113243082e+02 -1.379683850086047414e+03
8.295974329355757959e+01 8.223948024920231603e+01 6.364175592377636548e+01 6.329928700974385691e+01 2.866254222771271287e+01 2.728616638204076494e+01 -7.315524179133310554e+02 -9.103961959026619297e+02 -1.239302076253422001e+03 -3.845838963826041891e+03
1.005271562409181314e+02 1.009879184613325265e+02 1.002185525968505573e+02 1.006464020728473798e+02 4.692982134317414955e-01 2.112138750021252953e+00 -4.974416973573326004e+02 -4.975908640237080931e+02 -6.882527499548757532e+02 -5.486089254417238408e+03
6.064922824175084770e+01 6.034973005069799967e+01 4.784638207425493306e+01 4.757970526869926431e+01 2.081265077609209513e+01 2.055055413702050870e+01 -5.097466963576757735e+02 -5.841339558444740305e+02 -7.089099816267929555e+02 -2.226878590065463868e+03
5.156175892105572700e+01 5.112072483736117334e+01 5.157793549576896197e+01 5.114899781945870672e+01 1.677231176577288263e+00 5.271250767951457528e-01 -4.240466054637787465e+02 -4.253830950651019975e+02 -4.652376894456201057e+02 -1.704600769836848258e+03
2.349695005022554639e+01 2.543559919659400492e+01 1.768266591888752970e+01 1.907164043803068409e+01 1.293753535374349717e+01 1.451026227181518813e+01 -4.084792740485393665e+02 -4.342967551059912807e+02 -4.470603161754281132e+02 -6.786969237237075276e+02
2.554441437823664884e+01 2.587090267804314081e+01 2.789894243417103326e+01 2.791435672728871253e+01 7.232300392284459534e+00 8.208841040743932282e+00 -4.134853144275267027e+02 -4.225839029815868457e+02 -4.372832819070662822e+02 -7.304736138653381659e+02
4.781084204448318786e+01 4.785049643409644204e+01 4.410239469047468930e+01 4.411925984695265157e+01 6.143556583199268673e+00 6.325887367908824999e+00 -3.960712458170053765e+02 -4.037268274858606674e+02 -4.512450026061621884e+02 -1.513736667347825914e+03
5.811886107548608749e+01 5.841027532132397937e+01 5.514031601617507761e+01 5.533035616491792297e+01 5.587501113900058769e+00 6.576823301535945632e+00 -5.383863985777088601e+02 -5.422646689276452889e+02 -6.141844118400396155e+02 -2.092292373183464861e+03
3.347453816605629129e+01 3.344390760038615440e+01 3.504796851089596998e+01 3.550431750768809991e+01 1.011171673729045040e+01 7.942887699871273632e+00 -4.080838746426575199e+02 -4.363704539979461288e+02 -4.547905232919493983e+02 -9.419025516586493723e+02
4.139538988009717713e+01 4.150322830100373750e+01 4.365181820742796504e+01 4.349095513198798102e+01 1.797355585143816370e+01 1.859062657535175589e+01 -3.825892318748446996e+02 -4.604866984412363990e+02 -4.630095218350410278e+02 -1.234331448648788410e+03
6.194608649484113982e+01 6.213583892106988316e+01 6.180766691387034939e+01 6.200113834225398790e+01 1.138058380101676592e+00 2.243966122578167355e-01 -4.402308946091604867e+02 -4.415662168650894159e+02 -5.201062665514295986e+02 -2.331085828123165811e+03
4.041848452020865778e+01 3.945551520538673174e+01 2.822067316587107300e+01 2.722266673358694433e+01 1.975225741490968900e+01 1.918804925624512947e+01 -5.162444208365151326e+02 -6.035675640727927203e+02 -6.816784695149599429e+02 -1.221658777356943801e+03
2.909164179626819902e+01 2.928740752472808140e+01 2.300136939517734191e+01 2.385237368398037106e+01 2.031720261967016228e+01 1.957306778105692047e+01 -3.890543340308185520e+02 -4.816045598956105209e+02 -5.240147891253883472e+02 -8.092861932246653396e+02
1.092368420544211283e+01 1.028548627071512200e+01 1.361624420761021170e+01 1.260695354412073499e+01 7.418257257387989689e+00 8.172035707682992367e+00 -4.243617821411900763e+02 -4.390205694056343191e+02 -4.415759751822184285e+02 -4.671726732681114527e+02
3.046243214520834286e+01 2.921453489129442360e+01 2.414651496309438627e+01 2.235064941978225761e+01 1.903479536613751222e+01 1.922630503436739957e+01 -4.249661139027464856e+02 -4.784965347269119889e+02 -4.834480028974016932e+02 -8.871858408853959190e+02
2.773802603752368512e+01 2.690438903208419674e+01 3.011735959949638897e+01 2.850873311325138459e+01 2.248033235239606142e+01 2.347833370806026565e+01 -3.788306520054621842e+02 -5.004481887851993065e+02 -5.036108973399942670e+02 -7.566621264109369349e+02
5.030158159894227765e+01 5.059711446140401137e+01 4.481297238855228926e+01 4.460463719644010894e+01 1.421742702009065695e+01 1.575623532247220382e+01 -3.945755988518098434e+02 -4.196501405838608889e+02 -4.856992529358634556e+02 -1.654974346795652764e+03
3.027073768208511240e+01 3.032001960609963831e+01 2.467081167452290913e+01 2.503176868576071357e+01 1.052838936990153584e+01 9.755361813059209908e+00 -4.688749564658796771e+02 -5.075111884077702484e+02 -5.476100513226667772e+02 -8.858451316265925470e+02
6.542069384438570978e+01 6.548822698772607964e+01 4.921772767940743876e+01 4.942042127530547191e+01 3.370154014813218168e+01 3.353471070600994608e+01 -4.140219590564892087e+02 -5.855194689085969912e+02 -6.439419945837439627e+02 -2.544273359540697584e+03
3.489456887405491159e+01 3.659222630193777093e+01 2.692364901789417786e+01 2.871022057777036807e+01 9.645264725492074476e+00 1.066095268013566155e+01 -3.796796002085956161e+02 -4.019296853777732963e+02 -4.358715636284150605e+02 -9.767840824879025377e+02
4.056629252914721206e+01 3.837544523557545517e+01 3.245698499182574182e+01 3.018426077574622468e+01 1.427449004027350732e+01 1.309258099327827729e+01 -3.758141811114743973e+02 -4.226002658097885956e+02 -4.836843617038665570e+02 -1.190946239333946551e+03
2.671616183329365057e+01 2.569036146478402571e+01 2.665068268266556117e+01 2.563762893444911484e+01 1.234719416077234122e+00 6.016486032858552324e-01 -4.060214954281312316e+02 -4.048782548899773701e+02 -4.185667715064167282e+02 -7.497916045786923860e+02
4.499895717840260545e+01 4.664021099717911767e+01 4.543228255054946629e+01 4.698171056740449814e+01 1.512166612594884540e+01 1.536594948625199208e+01 -4.029453060443135541e+02 -4.541775868250552435e+02 -5.173835055898188102e+02 -1.395166099508759316e+03
2.989985139779590995e+01 2.966306338883383020e+01 3.158508519024090333e+01 3.130412648001076548e+01 5.092076445549341912e+00 5.418949622901330088e+00 -3.804999377954120519e+02 -3.823308048475496435e+02 -3.886073513977814855e+02 -8.232521036832821437e+02
7.430931063793653379e+01 7.472786427710767043e+01 7.542588489372771221e+01 7.578867701819233105e+01 5.943803114361196904e+00 6.523560783577326383e+00 -3.866873692457462539e+02 -3.951338282672354012e+02 -4.453504812076231474e+02 -3.127146617844100547e+03
2.781789386578544665e+01 2.820052198863422888e+01 3.130910649196911777e+01 3.198879721881860405e+01 9.964269025033717142e+00 8.706310697927726494e+00 -3.808509178512203448e+02 -4.043050860141254361e+02 -4.118032120666514402e+02 -7.614215528744332460e+02
3.203431665147807195e+01 3.249872261722773459e+01 3.081299388895208224e+01 3.134474502842632759e+01 5.783308769240310454e+00 5.496776619253700424e+00 -4.263711014608430219e+02 -4.332869175653769958e+02 -4.434281587129020181e+02 -9.057996536195900035e+02
1.041175767708072755e+02 1.035886933153237806e+02 1.040044185424767420e+02 1.034753346476736482e+02 2.894385796347467732e+00 2.880773829389730700e+00 -8.941177059711473021e+02 -9.019564452401286871e+02 -1.032620250548012109e+03 -5.797710838041652096e+03
2.188285951149536146e+01 2.261474910943779548e+01 2.560852493177517175e+01 2.693673370854246230e+01 1.289624410873349802e+01 1.117593037663997713e+01 -3.979270430526168525e+02 -4.360451664288800089e+02 -4.361161832948650385e+02 -6.275267042354943214e+02
5.927088900437320262e+01 5.893418888945658551e+01 3.964712317367214922e+01 3.932374974584412541e+01 3.417136301134552667e+01 3.396151096949625980e+01 -4.357106298282158150e+02 -6.492259074052617507e+02 -7.751765972463317667e+02 -2.103140317627862714e+03
2.246135918486734795e+01 2.380343280458260935e+01 2.306885492236273549e+01 2.258171785485450300e+01 2.278423650045224846e+01 2.453467162725078765e+01 -4.009582981265002672e+02 -5.026467027225538118e+02 -5.213182091612960676e+02 -6.377303853395777651e+02
2.726372771982116916e+01 2.956672836774565027e+01 2.832754313344585739e+01 3.028931525602730090e+01 5.871680206240266209e+00 7.094038922038821582e+00 -4.547612378100981800e+02 -4.662401861584048106e+02 -4.789809750913998414e+02 -7.287779212165407898e+02
1.195572750154032704e+01 1.273212768125486782e+01 8.557248599857983251e+00 8.926756074643193983e+00 4.818564592729213558e+00 5.929419269308435325e+00 -4.012190753200518998e+02 -4.073316198029296515e+02 -4.106333878288622259e+02 -4.702647261111540047e+02
4.540773030403865818e+01 4.629843093718501024e+01 4.352060306415482671e+01 4.437264430082986877e+01 4.848741796034889973e+00 5.475320467572673877e+00 -3.892401577666782373e+02 -4.001522259438556830e+02 -4.365788163179955177e+02 -1.404074333550721803e+03
2.123570776733432197e+01 2.125996727688768217e+01 1.380077503696182006e+01 1.352652516889176937e+01 1.147184824632426015e+01 1.182905383365948815e+01 -3.978946270938617999e+02 -4.344621489205648004e+02 -4.530334310594336671e+02 -6.139471341309747459e+02
5.433969508031136542e+01 5.559995235184533868e+01 4.292306173117238188e+01 4.415380879665925562e+01 1.518870468797468831e+01 1.616186430291833176e+01 -4.570977512583417024e+02 -5.013582240723985706e+02 -6.367062280855327572e+02 -1.872054293287664677e+03
5.459396372633967331e+01 5.514786274164224977e+01 3.839442228239519750e+01 3.887040499723707399e+01 3.190447951944690885e+01 3.227763896840295388e+01 -3.895451830372120412e+02 -4.753844989278294975e+02 -5.896269797092849103e+02 -1.870629566768015366e+03
3.661971093616617168e+01 3.683216207483095417e+01 3.411091693807372138e+01 3.436170070905130558e+01 5.199003567175072504e+00 5.041854627494100072e+00 -3.870430364656979236e+02 -3.941329353414557772e+02 -4.374036061451375303e+02 -1.052461707588576019e+03
6.527520738543186951e+01 6.452998812464187495e+01 6.390119556643873011e+01 6.321265094339121760e+01 5.209213633342195671e+00 4.094478467541831535e+00 -7.144619304946977536e+02 -7.260652640526917594e+02 -7.893378419369645371e+02 -2.540427179970127327e+03
5.624522810575390963e+01 5.674007385008668081e+01 5.489521408972880323e+01 5.538314583078909692e+01 1.906895228745224324e+00 2.354679808045780920e+00 -4.822374300280217199e+02 -4.836874497451563570e+02 -5.335739557773930528e+02 -1.970281309272614862e+03
6.574437732363806219e+01 6.595588442940102425e+01 5.483087097758347284e+01 5.513935613015816273e+01 2.807695776110656993e+01 2.796756193776699462e+01 -4.063666381518263506e+02 -4.976998034000289977e+02 -6.262186787316559275e+02 -2.559843031046660144e+03
6.501448716461018762e+01 6.372504735528949737e+01 7.063948778675090523e+01 6.951486510456361145e+01 1.231877896472406064e+01 1.198574854531527123e+01 -4.113433063983380293e+02 -4.466002187791521010e+02 -5.075295546450070674e+02 -2.495310848123595406e+03
2.026522290131978465e+01 2.135730828098371248e+01 1.958256741221889641e+01 2.050347702904142722e+01 1.839283610904832278e+00 3.219184368361373672e+00 -4.067821353609355128e+02 -4.087300327596823877e+02 -4.173016237657325291e+02 -5.962895337116733572e+02
3.697283441271894588e+01 3.606348317889040800e+01 3.619046506805631935e+01 3.533328988890755085e+01 3.944197210409894350e+00 3.147521539392218237e+00 -4.324205346440845119e+02 -4.340679035309538563e+02 -4.590102199909762817e+02 -1.080426318161560175e+03
2.315680261822498665e+01 2.283498078841552470e+01 2.424356744089427806e+01 2.494971368293783343e+01 1.727154276770917463e+01 1.567918004273144916e+01 -3.792733704677582978e+02 -4.613773041094958671e+02 -4.615507474859315948e+02 -6.407919002006220808e+02
2.681198695654564190e+01 2.860460921963632686e+01 2.794631367334231342e+01 2.959261918919990109e+01 5.701291326574501994e+00 6.119429506231241156e+00 -3.811457037577416713e+02 -3.888336238819211985e+02 -3.939770840839183279e+02 -7.253931926632413933e+02
8.017261704666722721e+00 7.530375086633823045e+00 8.429150370460869013e+00 7.600502785672267336e+00 2.029469403989552223e+00 2.928209534206701825e+00 -3.777215525282493900e+02 -3.786792343174979578e+02 -3.806468448999363545e+02 -4.097331169141852456e+02
1.831495040416801245e+01 1.730825109003718154e+01 1.823984359265841704e+01 1.739095804393620170e+01 4.708602656467079761e+00 4.051788649219812299e+00 -3.753322021251057095e+02 -3.826047403903282316e+02 -3.940407716286578079e+02 -5.366590175235886591e+02
6.857329030464782704e+01 6.915045341515059363e+01 6.776131790421325718e+01 6.832202446072508906e+01 7.943206325748413121e+00 8.140069955332332796e+00 -4.063114419785168820e+02 -4.168336629067399031e+02 -4.722130664519957577e+02 -2.751287380292846592e+03
1.877501959379630492e+01 1.881302036095480901e+01 2.019671024565830919e+01 2.010409901576989000e+01 4.904438222626013477e+00 5.383115409687282416e+00 -4.055585728887845107e+02 -4.068930552533432774e+02 -4.123980008855626807e+02 -5.718088664069671267e+02
2.794131333189875477e+01 2.773642561609516832e+01 2.869425797599999939e+01 2.848109760005398527e+01 1.310477865313284029e+00 1.559410731384000659e+00 -4.191161549126512114e+02 -4.199144720083222069e+02 -4.265751653336179743e+02 -8.061378343739349930e+02
4.735631390500943638e+01 4.656579560644059512e+01 4.365634678974144123e+01 4.287257575761726258e+01 6.011394718150430805e+00 5.419281012362145766e+00 -4.839129860020510705e+02 -4.890099474182165409e+02 -5.524314753741017512e+02 -1.500564764389079983e+03
5.930703870553536916e+01 5.957746934353638579e+01 4.866143038014396893e+01 4.834260979253389223e+01 1.993636109093039366e+01 2.140884554767140813e+01 -3.893183677330292767e+02 -4.531737606643722529e+02 -5.686167790222759777e+02 -2.129488245665916565e+03
7.689752266354061305e+01 7.713139963343611782e+01 4.586084700099658562e+01 4.640955785569520486e+01 3.840145475764248317e+01 3.820708846527598723e+01 -4.011298857562638318e+02 -5.692281057825741755e+02 -8.354237594512494525e+02 -3.335621516194109063e+03
2.838067265451398313e+01 2.899662567332533314e+01 2.054070617875988702e+01 2.113410161958262634e+01 9.684636197952336545e+00 1.020587327661301380e+01 -4.357179934406405550e+02 -4.495774420088917509e+02 -4.802412062606465497e+02 -8.112842897807067857e+02
4.285046770084422718e+01 4.442247015943667776e+01 4.695023156957172006e+01 4.755453795489709989e+01 3.999439528852271053e+01 4.099678418766006160e+01 -4.122963025685164098e+02 -8.143900348917727570e+02 -8.323844905199257482e+02 -1.326567018435884165e+03
1.191603710849733311e+01 1.068370692151475687e+01 1.165544963687237967e+01 1.044381057783721012e+01 1.635509952508560572e+00 1.213984044096970472e+00 -4.071300289728536086e+02 -4.064021221373291155e+02 -4.078421390691732995e+02 -4.752407148043200777e+02
4.584201419805727085e+01 4.559401349938403314e+01 4.580077728097909073e+01 4.554236056786429998e+01 -6.838766913513815160e-01 4.186415347546913468e-01 -4.225072808966745583e+02 -4.228699654551190861e+02 -4.405597755362805401e+02 -1.437528800501588648e+03
2.767509248986200987e+01 2.712856506847034765e+01 2.697232447899923713e+01 2.644016848793723184e+01 2.298325593025620783e+00 1.900404758537290739e+00 -4.206105452648959613e+02 -4.253893120980213780e+02 -4.483173812341003099e+02 -7.869093151858057809e+02
