3.651195535899829991e+01
-1.071764630797078325e+03
-4.150941528549862483e+02
-4.116245964633856715e+02
-4.118941893545206767e+02
-4.110267248456613061e+02
3.579554751750205810e+01
-1.021789034867890109e+03
-3.872723476685720243e+02
-3.847484031543514789e+02
-3.846529777990388652e+02
-3.848207903919035289e+02
3.689448554182911977e+01
-1.070511724863508562e+03
-4.009977202497162239e+02
-4.014042351827059747e+02
-3.995140162025378459e+02
-3.999864135257365660e+02
3.441989995495001153e+01
-9.802763046580953414e+02
-4.008424041925618440e+02
-3.977368560898597138e+02
-3.976161326893503087e+02
-3.978617263855516057e+02
3.657737396702989230e+01
-1.060054019779184955e+03
-4.032575243694469691e+02
-4.019048392665161487e+02
-4.007932416356995873e+02
-4.015821939290954106e+02
3.843523437255558406e+01
-1.150226227370624883e+03
-4.195237583484982338e+02
-4.218058690512931435e+02
-4.191156988745181593e+02
-4.192888865122902189e+02
3.589216010879594876e+01
-1.035708380715228714e+03
-4.000046011929839551e+02
-4.007809573145053150e+02
-3.991091364923351534e+02
-3.987938052292660700e+02
3.857698579280002349e+01
-1.116424091852520860e+03
-3.780229323007881703e+02
-3.770279214698441024e+02
-3.754734285948951538e+02
-3.760159922714723280e+02
3.384989081929743548e+01
-9.474209874542449370e+02
-3.820385446360012338e+02
-3.795684412498833922e+02
-3.791590627481984939e+02
-3.794210876266955097e+02
3.529354522829827800e+01
-1.021044787664507226e+03
-4.066228318916217290e+02
-4.044331068276758288e+02
-4.035393908224259008e+02
-4.030715131851481488e+02
3.565794732999726335e+01
-1.051274540435503468e+03
-4.205628632019457882e+02
-4.193760121032256052e+02
-4.182573748297047018e+02
-4.185288225726532687e+02
3.698658204014660811e+01
-1.086572904008960450e+03
-4.071770513651694046e+02
-4.060753531948664659e+02
-4.052624337061801043e+02
-4.053135728248316241e+02
3.606232355116580379e+01
-1.041724960873713371e+03
-3.935643515567660415e+02
-3.922315340653939870e+02
-3.911974831878299597e+02
-3.911480008513651683e+02
3.602663535977561082e+01
-1.080183238421275973e+03
-4.415039692661364938e+02
-4.401339606974809726e+02
-4.397946665785468667e+02
-4.398046402162921140e+02
3.602242763258937686e+01
-1.055076374340175562e+03
-4.149815774712794791e+02
-4.137007855706496571e+02
-4.126304354683935571e+02
-4.129158758216179308e+02
3.465202950451231345e+01
-9.965061580971553212e+02
-4.126844427223927596e+02
-4.099292241546600621e+02
-4.096877332961630032e+02
-4.091097879667846655e+02
3.652484569306498230e+01
-1.079376352936257945e+03
-4.161066242330224441e+02
-4.151585637435793501e+02
-4.132779533515039816e+02
-4.130909980054002517e+02
3.369018516759272330e+01
-9.624866840231911738e+02
-4.172656203650786324e+02
-4.161784810854811667e+02
-4.143718702900147832e+02
-4.146796367413889470e+02
3.597523147755612172e+01
-1.044969780311011164e+03
-4.068055723603985712e+02
-4.045405531929214362e+02
-4.051808144352109480e+02
-4.049057495922047565e+02
3.598077799705544777e+01
-1.009920758948062826e+03
-3.692553373826259531e+02
-3.670733446258296908e+02
-3.668539244172624763e+02
-3.667053934433872655e+02
3.598555566060146305e+01
-1.030397575948347594e+03
-3.940172889340386178e+02
-3.934677836494645931e+02
-3.913048888913083374e+02
-3.916590241891958613e+02
3.462445804738351285e+01
-1.036517119156286526e+03
-4.498409720164442547e+02
-4.487893278663482874e+02
-4.479030061751281551e+02
-4.480591943328432762e+02
3.241458176461684104e+01
-9.319119660554774782e+02
-4.106187873393039354e+02
-4.090401635649719196e+02
-4.084286721483165934e+02
-4.071441875581880936e+02
3.496102363417460879e+01
-9.852109813992314002e+02
-3.843122167727022429e+02
-3.833767177679729343e+02
-3.816407665044604300e+02
-3.819970391741516664e+02
3.479657597836416727e+01
-1.003465703010105926e+03
-4.065981448766323183e+02
-4.059118807892849077e+02
-4.042900127602155180e+02
-4.044073893041697829e+02
3.412444871848624928e+01
-9.701890392131728049e+02
-3.933013612320454513e+02
-3.909610023900212923e+02
-3.900638632525194680e+02
-3.901696570074133774e+02
3.525741223721281159e+01
-1.002071476160244970e+03
-3.883428534039456395e+02
-3.888036069947516467e+02
-3.868890529920959693e+02
-3.873651888205889122e+02
3.675792148126748771e+01
-1.080896644273874017e+03
-4.137582775906673191e+02
-4.122971361673331216e+02
-4.114480911914483272e+02
-4.113162111017462053e+02
3.578342640071701197e+01
-1.007710678789640156e+03
-3.722614516015217987e+02
-3.725721270241348293e+02
-3.717089680647089835e+02
-3.716154208687792675e+02
3.604002619526135476e+01
-1.064180235277241536e+03
-4.207469060283034992e+02
-4.190133174774576332e+02
-4.180150696465145757e+02
-4.179509429941481926e+02
3.411013558782138944e+01
-9.695688616341092256e+02
-3.963323427952931297e+02
-3.938390713405730708e+02
-3.945669997438681094e+02
-3.944054454379736399e+02
3.461817443002864536e+01
-9.954197292307231919e+02
-4.059836621775157823e+02
-4.051002729314973294e+02
-4.051161580303388519e+02
-4.053041216914198799e+02
3.452564683599150896e+01
-9.850418292832987390e+02
-3.947849227413212816e+02
-3.945935118071541865e+02
-3.931897571367895807e+02
-3.934755824467409866e+02
3.570304424585481939e+01
-1.017759862119406648e+03
-3.903348922581888019e+02
-3.902096794289248010e+02
-3.888227654705126497e+02
-3.881318106886748751e+02
3.774012969859096955e+01
-1.061519090678770453e+03
-3.586412537018595117e+02
-3.535850967900956334e+02
-3.541377356335519835e+02
-3.528848925003244972e+02
3.623932735705592023e+01
-1.055891953498184648e+03
-4.076895729381258207e+02
-4.058957983720611082e+02
-4.048253018653942945e+02
-4.052851818209428529e+02
3.446798660164806449e+01
-9.505939646790424149e+02
-3.694041856199060021e+02
-3.699505997639961947e+02
-3.683541477646793396e+02
-3.683461623046045474e+02
3.508349827193910642e+01
-9.947852932725190840e+02
-3.878430258344088202e+02
-3.859242944051939048e+02
-3.853710028691533012e+02
-3.846273012432062615e+02
3.489390020767982037e+01
-9.978313170609704912e+02
-4.012039527295587504e+02
-4.008689939267209752e+02
-3.990740546385625862e+02
-3.996739617383807968e+02
3.764797555818699948e+01
-1.109302646014107040e+03
-4.119382434546296849e+02
-4.102231889511483587e+02
-4.091947644965860036e+02
-4.095920949690168413e+02
3.579641067281180966e+01
-9.904750039037336364e+02
-3.571629208476502413e+02
-3.555976521720092478e+02
-3.543563165819287519e+02
-3.544467415074042265e+02
3.735005835103812899e+01
-1.066819700046803064e+03
-3.725530773964590594e+02
-3.696460182622546995e+02
-3.684912588610684452e+02
-3.685520916858447436e+02
3.355140142178628082e+01
-9.526129381925017015e+02
-3.968754299582812450e+02
-3.965619734813002424e+02
-3.953102701000482853e+02
-3.952888474609123364e+02
3.714438731327542342e+01
-1.099053253311090657e+03
-4.158674780905224679e+02
-4.145537074951419640e+02
-4.139400631463362288e+02
-4.132072058083527395e+02
3.543385846587210608e+01
-1.029138805116360800e+03
-4.043537538238520597e+02
-4.034073034247772966e+02
-4.026192149069074731e+02
-4.024923024658327222e+02
3.595121941533076892e+01
-1.065688987831731765e+03
-4.324474589798486477e+02
-4.307613095181204699e+02
-4.295466563645116480e+02
-4.294600856254753580e+02
3.500376930768031514e+01
-9.969807168798233761e+02
-3.932247084883770754e+02
-3.911049631684908832e+02
-3.903586692663096755e+02
-3.906250610811331399e+02
3.675619744667226740e+01
-1.082266204104625331e+03
-4.144720728363964213e+02
-4.132491192917703984e+02
-4.121655842246693737e+02
-4.123588948939864167e+02
3.567844398880286150e+01
-1.039886763929561084e+03
-4.115678969554008404e+02
-4.079082731800328361e+02
-4.069994739205160954e+02
-4.088360121811874137e+02
3.432812811882665471e+01
-9.831167171813783625e+02
-4.067032924374829008e+02
-4.052422046140222847e+02
-4.042617587691439667e+02
-4.046373499562406550e+02
3.325158832494496863e+01
-9.530561452469665937e+02
-4.061385490740754562e+02
-4.048444356392294594e+02
-4.031730079645431033e+02
-4.039291596841564456e+02
3.553571084998024787e+01
-1.006004529558884769e+03
-3.847125239519118054e+02
-3.825654992833926258e+02
-3.822871152052028947e+02
-3.829222686943193139e+02
