# SNRtot, SNR221, evidence220_221 - evidence220, evidence220_221 - nofilter]
2.304716231699989066e+02
1.686531634526824917e+02
1.544693263702334207e+03
2.633068633215259251e+04
3.950178157210464747e+02
2.146395273890966280e+02
1.441444465953144118e+03
7.735998774118587608e+04
7.388191406015613438e+01
3.268967942107515512e+01
5.484852682157480785e+01
2.685663435137934357e+03
2.274578790976923699e+02
1.090886406894621956e+02
2.314505962020858760e+02
2.601747966333045042e+04
1.265158265232889335e+03
6.429021637167621748e+02
5.315698189213546357e+03
7.974144918166076532e+05
4.041507115457948771e+02
2.666844517615786572e+02
2.006351205782558736e+03
8.124947143353169668e+04
6.697585848867396408e+01
6.108308948989311915e+01
6.969254356774445114e+01
2.259816424797564650e+03
5.203225368190962996e+01
2.849929643904723164e+01
3.470375165682412444e+01
1.390999069764058504e+03
9.188954000247559861e+01
3.488037493157022340e+01
3.022865866332620044e+01
4.040406406566843998e+03
1.041607525344679175e+01
1.037759063787503955e+01
5.239748590835233699e+00
5.127657579379359731e+01
2.659267433002884218e+01
1.562796854874786234e+01
1.606950022309433734e+01
3.581596573539774795e+02
2.955908342827223834e+01
1.297778139317884438e+01
8.123020777870863185e+00
4.622545205279704419e+02
6.469031091580150132e+02
3.959622934719427576e+02
3.104699557780199939e+03
2.079299747873007727e+05
9.574607906560819970e+01
7.825936649044217575e+01
9.626005477679109390e+01
4.605524067741440376e+03
1.207649916306403952e+02
7.236477767635818736e+01
1.152192694983294246e+02
7.164806022800486971e+03
7.366932738114504673e+02
3.847131895281113430e+02
5.728386483918829072e+03
2.706986993559253751e+05
9.513537957440262005e+01
2.283938324059179337e+01
1.123979254701134778e+01
4.553688278898473982e+03
2.849783781299150291e+02
1.256257782083451957e+02
5.388454803263496160e+02
4.083732027159486461e+04
1.934895643803813812e+02
1.890696521152349305e+02
1.002650859857079809e+03
1.895835152215534254e+04
1.687738142456847257e+01
7.419775245559239174e+00
6.125460619519799366e+00
1.299713562296642522e+02
2.759313080384298189e+01
1.348323588731743250e+01
7.431139491520752927e+00
3.603313706502111700e+02
3.376096405183608340e+01
1.131356599677863350e+01
3.395541797661337569e+00
5.448051927585991052e+02
6.916758060586523982e+01
1.494414452067574928e+01
8.740595609329716353e+00
2.247160768335394550e+03
3.452597719977514856e+01
1.249800093178360072e+01
8.852665388727302798e+00
6.119157281852810684e+02
3.163100134501020477e+01
1.447865338892471954e+01
3.695590269075523793e+00
4.914928276131996085e+02
1.815012255615505055e+01
1.021949998507595936e+01
4.945719464023000000e+00
1.500569547963274317e+02
1.283176819457468731e+01
8.301947568959063162e+00
1.222031811230408493e+00
8.274484683466874912e+01
6.588456106945905333e+01
2.458023184665077920e+01
5.657812616809678730e+00
2.047362830130501607e+03
6.449230281314297031e+01
2.506963652830570055e+01
1.857563588789838604e+01
2.141913597241381922e+03
2.472307554521375721e+02
1.092381510016847415e+02
1.485196787937370004e+02
3.070144148667141417e+04
1.255028175835453567e+03
5.302394590050787428e+02
1.205608744751038830e+04
7.860007770290661138e+05
8.827133049692179156e+02
4.049862464596442919e+02
6.293790545203502916e+03
3.890611224853822496e+05
7.313827423195355948e+01
3.118364651008230481e+01
3.334828480622650204e+01
2.694235304744651330e+03
6.934976350071887055e+02
1.290524538022410752e+02
2.030269946463026827e+02
2.390671858204815944e+05
1.450075136298127916e+02
5.688731560498537476e+01
1.645679803496060458e+02
1.057622540619353094e+04
5.135339390193781810e+02
1.160077804515068465e+02
3.050989024654069226e+02
1.318988994963204314e+05
2.725694026830535108e+02
1.026429483117858439e+02
3.587511107749846246e+02
3.709535341518311907e+04
5.442653004755729995e+01
2.090325526267391254e+01
1.777086405939252245e+01
1.514046288960564198e+03
1.886956200953708418e+01
5.139059286749448674e+00
1.641645843610831434e+00
1.513894558531555390e+02
4.557035973031974407e+01
2.204668471889934622e+01
2.971511252907032485e+01
9.699993478682598607e+02
8.515818965464164947e+00
4.950953923485595709e+00
8.295004490204291869e-01
2.711611162178451195e+01
2.102988039523025421e+01
1.250648540712451329e+01
2.886436120345877043e+00
2.094570146480775747e+02
3.131943782974586270e+02
1.648700756336658344e+02
4.754512132187450106e+02
4.833056127157843730e+04
1.931652086056818689e+02
2.307911833886317936e+02
3.309713517043845513e+03
1.840490885024333329e+04
1.916588401885256587e+02
1.004552259235045142e+02
2.370162010967307538e+02
1.833238718152764341e+04
5.067986524172710006e+02
1.402310612290684446e+02
3.942261123766792252e+02
1.286545251339718961e+05
6.017185475128891312e+02
1.916855465863958727e+02
1.159495048408750563e+03
1.792849998132408364e+05
1.475216019582781257e+02
3.561156103099678916e+01
2.274503874577055740e+01
1.088382238353847242e+04
4.095534068236185021e+01
6.769353309296386101e+01
3.473811428645725528e+02
7.904035477099226910e+02
7.521839548918345599e+02
5.698740335540243223e+02
9.441431888605446147e+03
2.819713713742250111e+05
